   5   15   35.04   21.84    0.00    1.30    4.82    0.08
   7   15   35.93   22.46    0.00    1.11    4.39   -0.10
   3   15   35.57   32.59    0.00    1.49    4.31   -0.15
  31   15  -99.00  -99.00  -99.00  -99.00  -99.00  -99.00
  27   15  -99.00  -99.00    0.00    1.01    4.49    0.60
  17   15   35.49   21.84    0.00    1.36    3.59    0.17
  11   15   35.07   21.98    0.00    0.88    4.61   -0.03
  19   15   35.33   22.50    0.00    0.57    3.79   -0.08
  21   15   35.53   22.43    0.00   -0.11    5.39    0.03
  23   15   34.72   22.23    0.00    0.47    4.41    0.13
   5   45   33.27   21.60    0.00    0.18    4.33    0.11
   7   45   34.47   22.23    0.00    0.42    3.78   -0.22
   3   45   34.23   30.91    0.00    0.16    3.57   -0.11
  31   45   34.21   22.22    0.00   -0.01    3.37    0.03
  27   45  -99.00  -99.00    0.00   -0.46    4.67    0.32
  17   45   34.23   21.77    0.00    0.29    3.87    0.19
  11   45   33.42   21.93    0.00    0.13    3.96   -0.05
  19   45   34.11   22.29    0.00   -0.41    3.79   -0.11
  21   45   34.42   22.32    0.00   -0.55    4.95    0.01
  23   45   33.05   22.13    0.00   -0.33    3.39    0.12
   5  115   31.18   21.30    0.00   -0.61    3.70    0.12
   7  115   32.37   21.79    0.00    0.30    3.28   -0.18
   3  115   32.67   29.13    0.00   -0.21    3.44   -0.11
  31  115   32.33   21.86    0.00   -0.11    2.75    0.01
  27  115  -99.00  -99.00    0.00   -0.97    4.43    0.20
  17  115   31.98   21.57    0.00   -0.55    2.56    0.13
  11  115   31.60   21.48    0.00   -0.30    3.29   -0.02
  19  115   32.62   22.00    0.00   -1.05    3.47   -0.09
  21  115   32.92   21.88    0.00   -0.93    4.12    0.03
  23  115   30.97   21.66    0.00   -0.41    2.79    0.11
   5  145   29.78   20.70    0.00   -0.96    4.08    0.14
   7  145   30.72   21.26    0.00    0.25    3.03   -0.17
   3  145   31.40   27.70    0.00   -0.81    4.01   -0.09
  31  145   30.95   21.37    0.00   -0.34    2.85    0.01
  27  145  -99.00  -99.00    0.00   -1.15    4.37    0.17
  17  145   30.40   21.31    0.00   -0.82    2.25    0.13
  11  145   30.06   20.94    0.00   -0.83    3.23   -0.03
  19  145   31.33   21.64    0.00   -1.17    3.70   -0.09
  21  145   30.84   21.46    0.00   -1.71    3.95    0.01
  23  145   28.85   21.17    0.00   -0.67    2.73    0.09
   5  215   29.28   20.56    0.00   -1.47    4.77    0.17
   7  215   29.36   20.98    0.00    0.23    2.77   -0.13
   3  215   30.04   25.89    0.00   -1.35    4.11   -0.10
  31  215   30.19   21.46    0.00   -0.54    3.43    0.01
  27  215  -99.00  -99.00    0.00   -1.38    4.72    0.14
  17  215   29.37   20.95    0.00   -1.15    2.75    0.15
  11  215   28.82   21.03    0.00   -1.29    3.70   -0.03
  19  215   30.26   21.50    0.00   -1.29    3.81   -0.10
  21  215   29.76   21.87    0.00   -2.05    4.69    0.01
  23  215   27.73   21.45    0.00   -0.62    2.99    0.11
   5  245   28.84   21.22    0.00   -1.09    5.50    0.17
   7  245   29.51   21.81    0.00    0.30    4.17   -0.23
   3  245   29.53   24.09    0.00   -0.69    4.63   -0.15
  31  245   29.79   22.11    0.00   -0.43    4.09    0.03
  27  245  -99.00  -99.00    0.00   -1.20    5.74    0.24
  17  245   29.04   21.30    0.00   -1.15    3.53    0.21
  11  245   29.13   21.82    0.00   -0.85    4.70   -0.03
  19  245   29.91   22.19    0.00   -1.33    4.55   -0.11
  21  245   29.84   22.33    0.00   -1.78    5.47    0.03
  23  245   27.82   21.98    0.00   -0.61    3.23    0.13
   5  315   28.99   21.56    0.00    0.05    6.19    0.16
   7  315   29.75   22.16    0.00    0.65    5.33   -0.31
   3  315   29.77   23.79    0.00    0.36    5.13   -0.18
  31  315   29.56   22.25    0.00   -0.09    4.56    0.06
  27  315  -99.00  -99.00    0.00   -0.61    5.91    0.33
  17  315   29.28   21.76    0.00   -0.40    4.55    0.27
  11  315   29.10   21.93    0.00   -0.55    5.20   -0.03
  19  315   29.94   22.29    0.00   -1.15    5.47   -0.12
  21  315   29.73   22.34    0.00   -1.18    5.75    0.04
  23  315   27.83   22.03    0.00   -0.21    3.78    0.15
   5  345   28.81   21.44    0.00    0.47    6.85    0.18
   7  345   29.36   21.94    0.00    0.62    5.55   -0.31
   3  345   29.32   23.45    0.00    0.68    4.76   -0.16
  31  345   29.24   22.05    0.00    0.67    4.89    0.11
  27  345  -99.00  -99.00    0.00   -0.34    6.15    0.41
  17  345   28.92   21.56    0.00   -0.17    4.61    0.26
  11  345   28.86   21.75    0.00   -0.05    5.49   -0.05
  19  345   29.20   21.94    0.00   -0.91    4.76   -0.11
  21  345   29.16   22.11    0.00   -0.49    5.65    0.01
  23  345   27.44   21.83    0.00   -0.28    3.79    0.15
   5  415   28.38   21.20    0.00    0.43    7.11    0.17
   7  415   28.85   21.70    0.00    0.64    5.60   -0.33
   3  415   28.93   23.16    0.00    0.67    5.15   -0.23
  31  415   28.82   21.84    0.00    0.69    4.79    0.11
  27  415  -99.00  -99.00    0.00   -0.46    6.41    0.41
  17  415   28.26   21.28    0.00   -0.32    4.53    0.24
  11  415   28.48   21.54    0.00   -0.14    5.66   -0.06
  19  415   28.63   21.71    0.00   -1.02    4.79   -0.12
  21  415   28.66   21.87    0.00   -0.56    5.83    0.04
  23  415   26.65   21.56    0.00   -0.38    3.64    0.15
   5  445   27.96   21.08    0.00    0.70    7.24    0.19
   7  445   28.50   21.61    0.00    0.75    5.91   -0.30
   3  445   28.42   22.74    0.00    0.83    5.08   -0.15
  31  445   28.42   21.69    0.00    1.01    5.05    0.16
  27  445  -99.00  -99.00    0.00   -0.17    6.37    0.44
  17  445   27.97   21.18    0.00   -0.08    4.71    0.25
  11  445   28.15   21.42    0.00    0.36    5.83   -0.06
  19  445   28.38   21.63    0.00   -0.89    5.15   -0.16
  21  445   28.37   21.76    0.00   -0.30    6.11    0.01
  23  445   26.33   21.33    0.00   -0.10    3.78    0.15
   5  515   27.84   21.07    0.00    1.46    7.65    0.13
   7  515   28.11   21.55    0.00    0.97    5.81   -0.19
   3  515   28.13   22.31    0.00    1.42    5.55   -0.17
  31  515   28.06   21.62    0.00    1.35    4.88    0.18
  27  515  -99.00  -99.00    0.00    0.39    6.31    0.54
  17  515   27.83   21.22    0.00    0.62    4.79    0.27
  11  515   27.82   21.34    0.00    0.85    5.95   -0.07
  19  515   28.04   21.62    0.00   -0.05    4.78   -0.11
  21  515   28.14   21.72    0.00    0.12    5.81    0.03
  23  515   26.14   21.24    0.00    0.19    3.96    0.17
   5  545   27.49   21.07    0.00    1.75    7.45    0.11
   7  545   27.84   21.58    0.00    0.95    5.75   -0.24
   3  545   28.00   22.28    0.00    1.81    6.01   -0.17
  31  545   27.76   21.63    0.00    1.69    4.88    0.19
  27  545  -99.00  -99.00    0.00    0.48    6.07    0.55
  17  545   27.98   21.40    0.00    1.15    4.86    0.27
  11  545   27.55   21.35    0.00    1.21    5.64   -0.04
  19  545   28.04   21.75    0.00    0.60    4.65   -0.10
  21  545   27.97   21.76    0.00    0.67    5.53   -0.01
  23  545   25.62   21.11    0.00    0.43    3.51    0.13
   5  615   27.20   21.08    0.00    1.77    6.97    0.14
   7  615   27.67   21.60    0.00    0.96    5.65   -0.27
   3  615   27.84   22.23    0.00    1.97    5.81   -0.19
  31  615   27.59   21.65    0.00    1.68    4.71    0.17
  27  615  -99.00  -99.00    0.00    0.50    5.69    0.51
  17  615   27.70   21.35    0.00    1.47    4.52    0.22
  11  615   27.31   21.37    0.00    1.16    5.58   -0.04
  19  615   27.90   21.76    0.00    0.98    4.88   -0.11
  21  615   27.85   21.78    0.00    0.89    5.67    0.03
  23  615   25.23   21.03    0.00    0.65    3.25    0.09
   5  645   26.99   21.02    0.00    2.01    7.16    0.11
   7  645   27.42   21.56    0.00    1.04    5.92   -0.25
   3  645   27.72   22.16    0.00    2.15    6.29   -0.17
  31  645   27.57   21.65    0.00    2.15    4.92    0.29
  27  645  -99.00  -99.00    0.00    0.89    5.49    0.59
  17  645   27.52   21.30    0.00    1.67    4.87    0.23
  11  645   27.40   21.38    0.00    1.67    6.03   -0.05
  19  645   27.63   21.69    0.00    1.42    4.78   -0.08
  21  645   27.87   21.80    0.00    1.03    6.08    0.03
  23  645   26.31   21.35    0.00    1.03    4.44    0.11
   5  715   26.73   20.96    0.00    2.31    6.55    0.10
   7  715   27.37   21.54    0.00    1.29    6.06   -0.21
   3  715   27.45   22.06    0.00    2.14    5.87   -0.14
  31  715   27.54   21.66    0.00    2.29    5.01    0.27
  27  715  -99.00  -99.00    0.00    0.88    5.36    0.57
  17  715   27.33   21.26    0.00    2.13    4.73    0.26
  11  715   27.39   21.40    0.00    1.77    6.08   -0.05
  19  715   27.57   21.67    0.00    1.40    4.91   -0.12
  21  715   27.65   21.76    0.00    1.13    5.89    0.02
  23  715   26.17   21.35    0.00    1.23    4.29    0.11
   5  745   26.51   20.90    0.00    2.11    6.39    0.11
   7  745   27.09   21.46    0.00    0.99    5.57   -0.21
   3  745   27.27   21.98    0.00    2.17    5.80   -0.19
  31  745   27.17   21.57    0.00    2.13    4.69    0.27
  27  745  -99.00  -99.00    0.00    1.23    5.36    0.59
  17  745   27.04   21.16    0.00    2.01    4.43    0.20
  11  745   27.03   21.32    0.00    1.83    5.55   -0.01
  19  745   27.06   21.56    0.00    1.16    4.41   -0.08
  21  745   27.27   21.67    0.00    1.51    5.49    0.00
  23  745   26.13   21.33    0.00    1.69    4.29    0.08
   5  815   26.05   20.78    0.00    2.43    6.35    0.09
   7  815   26.61   21.35    0.00    1.19    5.61   -0.21
   3  815   26.71   21.80    0.00    2.35    5.43   -0.17
  31  815   26.62   21.43    0.00    2.28    4.42    0.27
  27  815  -99.00  -99.00    0.00    1.83    4.93    0.75
  17  815   26.59   21.06    0.00    2.13    4.08    0.21
  11  815   26.71   21.24    0.00    2.33    5.27   -0.03
  19  815   26.70   21.45    0.00    1.85    4.03   -0.10
  21  815   26.99   21.57    0.00    2.08    5.25    0.01
  23  815   26.27   21.31    0.00    2.36    4.38    0.06
   5  845   25.75   20.67    0.00    2.64    6.39    0.09
   7  845   26.51   21.27    0.00    1.59    5.74   -0.10
   3  845   26.45   21.66    0.00    2.77    5.29   -0.15
  31  845   26.38   21.32    0.00    2.33    4.27    0.28
  27  845  -99.00  -99.00    0.00    2.15    4.94    0.75
  17  845   26.48   20.96    0.00    2.77    3.95    0.17
  11  845   26.34   21.10    0.00    2.39    4.87   -0.02
  19  845   26.74   21.38    0.00    2.45    4.17   -0.10
  21  845   26.98   21.48    0.00    2.53    5.43    0.05
  23  845   26.88   21.32    0.00    3.17    4.50    0.03
   5  915   25.71   20.56    0.00    2.81    6.33    0.09
   7  915   26.41   21.17    0.00    1.65    6.23   -0.16
   3  915   26.55   21.58    0.00    2.81    5.67   -0.19
  31  915   26.28   21.20    0.00    2.23    4.39    0.27
  27  915  -99.00  -99.00    0.00    1.97    4.64    0.73
  17  915   26.46   20.84    0.00    2.61    4.01    0.19
  11  915   26.34   20.98    0.00    2.47    4.90   -0.03
  19  915   26.51   21.20    0.00    2.18    4.08   -0.09
  21  915   26.82   21.34    0.00    2.47    5.45    0.05
  23  915   27.13   21.21    0.00    3.46    4.71    0.03
   5  945   25.65   20.41    0.00    2.99    6.50    0.09
   7  945   26.25   21.00    0.00    1.65    6.05   -0.15
   3  945   26.39   21.40    0.00    2.72    5.59   -0.18
  31  945   26.19   21.05    0.00    2.37    4.48    0.31
  27  945  -99.00  -99.00    0.00    1.96    4.99    0.73
  17  945   26.36   20.70    0.00    2.67    4.37    0.21
  11  945   26.11   20.80    0.00    2.27    4.76   -0.03
  19  945   26.09   21.00    0.00    2.00    3.95   -0.07
  21  945   26.67   21.16    0.00    2.36    5.42    0.03
  23  945   26.88   21.04    0.00    3.32    4.89    0.03
   5 1015   25.33   20.24    0.00    2.55    6.47    0.09
   7 1015   26.02   20.82    0.00    1.37    5.95   -0.19
   3 1015   26.06   21.21    0.00    2.44    5.43   -0.19
  31 1015   25.92   20.89    0.00    2.07    4.55    0.25
  27 1015  -99.00  -99.00    0.00    1.79    5.07    0.72
  17 1015   26.04   20.52    0.00    2.38    4.22    0.20
  11 1015   25.82   20.61    0.00    2.04    4.79   -0.04
  19 1015   25.82   20.83    0.00    1.93    4.09   -0.09
  21 1015   26.41   20.97    0.00    2.17    5.21    0.02
  23 1015   26.62   20.85    0.00    2.94    4.65    0.05
   5 1045   24.95   20.03    0.00    2.16    5.97    0.08
   7 1045   25.65   20.65    0.00    0.75    5.68   -0.33
   3 1045   25.97   21.10    0.00    2.15    5.79   -0.17
  31 1045   25.66   20.71    0.00    2.09    4.47    0.24
  27 1045  -99.00  -99.00    0.00    1.75    4.75    0.68
  17 1045   25.63   20.33    0.00    1.99    4.21    0.22
  11 1045   25.51   20.44    0.00    1.91    4.83    0.00
  19 1045   25.51   20.66    0.00    1.48    4.07   -0.09
  21 1045   26.05   20.80    0.00    1.83    5.53    0.04
  23 1045   26.10   20.66    0.00    2.52    4.67    0.06
   5 1115   24.57   19.85    0.00    2.05    5.78    0.08
   7 1115   25.27   20.47    0.00    0.61    5.05   -0.28
   3 1115   25.59   20.91    0.00    2.24    5.19   -0.13
  31 1115   25.29   20.53    0.00    2.02    4.43    0.24
  27 1115  -99.00  -99.00    0.00    1.71    4.97    0.71
  17 1115   25.51   20.21    0.00    2.05    4.00    0.18
  11 1115   25.25   20.31    0.00    1.96    4.52   -0.02
  19 1115   25.31   20.52    0.00    1.58    3.75   -0.10
  21 1115   25.88   20.68    0.00    2.07    5.31    0.03
  23 1115   25.98   20.55    0.00    2.75    4.56    0.06
   5 1145   24.71   19.86    0.00    1.69    6.33    0.12
   7 1145   25.29   20.42    0.00    0.23    5.33   -0.35
   3 1145   25.64   20.88    0.00    1.88    6.07   -0.19
  31 1145   25.27   20.51    0.00    1.94    4.71    0.21
  27 1145  -99.00  -99.00    0.00    1.47    5.75    0.65
  17 1145   25.14   20.11    0.00    1.39    3.77    0.17
  11 1145   25.24   20.27    0.00    1.80    5.03   -0.04
  19 1145   25.24   20.49    0.00    1.23    3.81   -0.09
  21 1145   25.79   20.63    0.00    1.62    5.26    0.03
  23 1145   25.80   20.52    0.00    2.39    4.53    0.07
   5 1215   25.07   20.02    0.00    1.97    6.26    0.11
   7 1215   25.50   20.54    0.00    0.71    5.37   -0.27
   3 1215   25.92   21.01    0.00    2.37    6.23   -0.22
  31 1215   25.67   20.68    0.00    2.12    4.85    0.27
  27 1215  -99.00  -99.00    0.00    1.65    5.56    0.71
  17 1215   25.60   20.30    0.00    1.68    4.06    0.18
  11 1215   25.82   20.47    0.00    1.95    5.57   -0.04
  19 1215   25.58   20.71    0.00    0.99    4.03   -0.11
  21 1215   25.91   20.78    0.00    1.21    5.13    0.01
  23 1215   25.51   20.66    0.00    1.48    4.40    0.10
   5 1245   25.88   20.41    0.00    2.13    5.73    0.08
   7 1245   26.20   20.84    0.00    0.91    5.17   -0.21
   3 1245   26.46   21.35    0.00    2.56    5.24   -0.18
  31 1245   26.50   21.04    0.00    2.39    4.95    0.31
  27 1245  -99.00  -99.00    0.00    1.63    5.54    0.71
  17 1245   26.55   20.70    0.00    1.83    4.12    0.20
  11 1245   26.56   20.82    0.00    2.03    5.17   -0.03
  19 1245   26.68   21.15    0.00    1.48    4.51   -0.13
  21 1245   26.65   21.17    0.00    1.56    5.12    0.03
  23 1245   26.37   21.10    0.00    1.88    4.21    0.09
   5 1315   27.41   20.90    0.00    2.95    6.25    0.07
   7 1315   27.65   21.32    0.00    1.83    5.36   -0.04
   3 1315   27.78   21.91    0.00    3.07    5.26   -0.16
  31 1315   27.75   21.50    0.00    2.94    4.72    0.39
  27 1315  -99.00  -99.00    0.00    2.47    4.59    0.89
  17 1315   27.97   21.17    0.00    2.57    3.87    0.17
  11 1315   27.63   21.26    0.00    2.77    5.05   -0.02
  19 1315   28.05   21.65    0.00    2.22    4.76   -0.10
  21 1315   28.09   21.66    0.00    2.40    5.40    0.05
  23 1315   28.00   21.57    0.00    3.10    4.59   -0.01
   5 1345   28.68   21.29    0.00    3.22    6.66    0.07
   7 1345   28.81   21.71    0.00    2.28    6.39   -0.09
   3 1345   29.11   22.74    0.00    3.25    5.53   -0.18
  31 1345   29.01   21.90    0.00    3.11    5.55    0.40
  27 1345  -99.00  -99.00    0.00    2.17    5.72    0.95
  17 1345   29.18   21.54    0.00    2.97    4.47    0.23
  11 1345   29.19   21.75    0.00    2.76    5.23    0.02
  19 1345   29.49   22.02    0.00    3.29    4.92   -0.09
  21 1345   29.68   22.09    0.00    2.93    5.17    0.04
  23 1345   29.70   22.09    0.00    3.78    4.32   -0.02
   5 1415   30.14   21.68    0.00    4.03    6.99    0.08
   7 1415   30.11   22.02    0.00    3.28    7.37    0.01
   3 1415   30.60   25.67    0.00    3.98    6.25   -0.22
  31 1415   30.46   22.22    0.00    3.36    6.09    0.45
  27 1415  -99.00  -99.00    0.00    2.68    5.46    1.06
  17 1415   30.64   21.90    0.00    3.53    4.97    0.25
  11 1415   30.63   22.14    0.00    3.19    5.83   -0.02
  19 1415   31.04   22.52    0.00    3.26    5.31   -0.07
  21 1415   30.80   22.50    0.00    2.93    6.02    0.07
  23 1415   30.95   22.42    0.00    3.90    5.36    0.05
   5 1445   31.70   22.05    0.00    4.35    7.50    0.09
   7 1445   31.46   22.43    0.00    3.28    7.38    0.02
   3 1445   32.10   28.21    0.00    4.70    6.67   -0.26
  31 1445   31.92   22.62    0.00    3.71    6.15    0.46
  27 1445  -99.00  -99.00    0.00    2.83    5.82    1.07
  17 1445   31.97   22.18    0.00    3.95    5.38    0.26
  11 1445   31.92   22.56    0.00    3.51    5.73    0.00
  19 1445   32.28   22.82    0.00    3.69    5.62   -0.08
  21 1445   32.03   22.84    0.00    3.15    6.46    0.05
  23 1445   31.94   22.69    0.00    4.27    6.04    0.01
   5 1515   32.71   22.29    0.00    4.59    7.27    0.05
   7 1515   32.29   22.52    0.00    3.73    7.32    0.08
   3 1515   33.20   29.51    0.00    5.17    6.23   -0.22
  31 1515   33.09   22.86    0.00    4.02    6.07    0.51
  27 1515  -99.00  -99.00    0.00    3.42    5.59    1.27
  17 1515   32.92   22.43    0.00    4.42    4.89    0.21
  11 1515   33.04   22.65    0.00    4.03    6.12   -0.01
  19 1515   33.16   22.93    0.00    4.30    5.75   -0.11
  21 1515   33.47   23.11    0.00    3.76    6.21    0.09
  23 1515   33.23   22.93    0.00    4.85    6.23    0.00
   5 1545   33.64   22.44    0.00    5.07    6.25    0.02
   7 1545   33.50   22.75    0.00    3.73    6.56    0.17
   3 1545   34.22   30.64    0.00    4.90    6.49   -0.23
  31 1545   34.08   22.97    0.00    4.09    5.91    0.60
  27 1545  -99.00  -99.00    0.00    4.15    5.55    1.37
  17 1545   34.01   22.70    0.00    4.22    4.21    0.18
  11 1545   34.11   22.65    0.00    4.69    6.30    0.01
  19 1545   34.19   23.13    0.00    4.37    5.25   -0.08
  21 1545   34.32   23.05    0.00    4.72    6.31    0.05
  23 1545   34.23   23.08    0.00    4.80    6.03    0.01
   5 1615   34.50   22.67    0.00    4.03    6.39    0.05
   7 1615   34.21   22.81    0.00    3.84    6.43    0.13
   3 1615   35.06   31.52    0.00    5.58    5.46   -0.17
  31 1615   34.98   23.11    0.00    4.13    5.55    0.56
  27 1615  -99.00  -99.00    0.00    3.59    4.98    1.29
  17 1615   34.85   22.78    0.00    4.21    4.35    0.16
  11 1615   35.20   22.83    0.00    4.80    5.17    0.07
  19 1615   35.16   23.22    0.00    4.64    4.78   -0.01
  21 1615   35.46   23.30    0.00    3.54    6.32    0.13
  23 1615   35.35   23.32    0.00    4.60    5.23    0.03
   5 1645   35.58   22.71    0.00    4.29    5.89    0.04
   7 1645   35.32   22.95    0.00    3.37    6.38    0.06
   3 1645   36.00   32.27    0.00    4.59    5.73   -0.17
  31 1645   35.77   23.11    0.00    4.51    5.20    0.61
  27 1645  -99.00  -99.00    0.00    3.91    4.96    1.33
  17 1645   35.99   23.00    0.00    3.53    4.62    0.22
  11 1645   36.02   22.93    0.00    4.79    4.39    0.06
  19 1645   36.04   23.43    0.00    4.65    4.03    0.01
  21 1645   36.27   23.18    0.00    3.89    6.29    0.12
  23 1645   36.25   23.35    0.00    4.35    4.89    0.01
   5 1715   36.36   22.52    0.00    4.59    6.51    0.02
   7 1715   35.97   22.82    0.00    3.43    6.29    0.04
   3 1715   36.75   32.87    0.00    4.94    4.91   -0.22
  31 1715   36.45   23.06    0.00    4.31    4.98    0.57
  27 1715  -99.00  -99.00    0.00    3.55    4.71    1.19
  17 1715   36.66   22.85    0.00    4.77    3.87    0.16
  11 1715   36.58   22.77    0.00    4.07    5.17    0.01
  19 1715   36.66   23.16    0.00    4.47    4.73   -0.06
  21 1715   36.84   23.06    0.00    4.03    5.79    0.05
  23 1715   36.84   23.30    0.00    4.08    4.76    0.03
   5 1745   36.97   22.46    0.00    4.33    6.30    0.04
   7 1745   36.72   22.73    0.00    3.15    5.60    0.13
   3 1745   37.27   33.40    0.00    5.02    4.90   -0.19
  31 1745   36.98   22.94    0.00    3.80    4.90    0.51
  27 1745  -99.00  -99.00    0.00    3.17    5.20    1.08
  17 1745   37.31   22.72    0.00    3.70    3.97    0.19
  11 1745   37.13   22.43    0.00    4.16    4.97   -0.01
  19 1745   37.35   23.05    0.00    4.09    4.04   -0.01
  21 1745   37.37   22.99    0.00    3.40    4.97    0.06
  23 1745   37.16   22.89    0.00    3.27    5.59    0.05
   5 1815   37.55   22.36    0.00    3.71    5.44    0.03
   7 1815   37.49   22.44    0.00    2.73    5.85    0.06
   3 1815   37.86   33.92    0.00    3.89    4.89   -0.18
  31 1815   37.63   22.42    0.00    4.20    4.07    0.61
  27 1815  -99.00  -99.00    0.00    3.13    4.48    1.08
  17 1815   37.64   22.32    0.00    3.01    4.89    0.23
  11 1815   37.74   22.26    0.00    2.85    5.15    0.00
  19 1815   37.86   22.79    0.00    2.75    4.38   -0.08
  21 1815   37.71   22.74    0.00    1.71    5.91    0.03
  23 1815   37.60   22.68    0.00    2.38    5.22    0.11
   5 1845   38.10   22.07    0.00    2.91    4.60    0.05
   7 1845   37.80   22.06    0.00    2.62    5.17    0.04
   3 1845   38.48   34.61    0.00    4.03    3.89   -0.10
  31 1845   38.05   22.28    0.00    2.99    4.26    0.39
  27 1845  -99.00  -99.00    0.00    2.68    3.30    0.96
  17 1845   38.06   22.09    0.00    2.88    3.95    0.15
  11 1845   37.98   21.93    0.00    3.34    3.91    0.00
  19 1845   38.18   22.33    0.00    2.36    4.40   -0.10
  21 1845   37.85   22.33    0.00    1.95    5.78    0.01
  23 1845   37.75   22.31    0.00    2.32    5.03    0.07
   5 1915   38.28   21.65    0.00    3.50    5.09    0.05
   7 1915   38.36   21.83    0.00    2.75    5.69    0.06
   3 1915   38.63   34.74    0.00    3.15    5.17   -0.20
  31 1915   38.56   22.14    0.00    1.98    5.07    0.29
  27 1915  -99.00  -99.00    0.00    1.89    4.66    0.79
  17 1915   38.46   21.71    0.00    2.24    4.91    0.25
  11 1915   38.27   21.63    0.00    2.01    5.60   -0.05
  19 1915   38.50   21.95    0.00    2.17    4.41   -0.09
  21 1915   38.37   22.19    0.00    2.61    4.94    0.06
  23 1915   38.03   22.13    0.00    2.75    5.13    0.09
   5 1945   38.63   21.38    0.00    2.92    6.70    0.11
   7 1945   38.51   21.50    0.00    2.47    6.67   -0.06
   3 1945   38.92   35.38    0.00    2.62    5.69   -0.21
  31 1945   38.64   21.66    0.00    1.81    5.21    0.24
  27 1945  -99.00  -99.00    0.00    2.15    5.55    0.97
  17 1945   38.70   21.38    0.00    2.47    5.36    0.27
  11 1945   38.59   21.52    0.00    2.65    5.59    0.01
  19 1945   38.49   22.12    0.00    3.22    4.92   -0.11
  21 1945   38.53   22.48    0.00    3.72    4.46    0.06
  23 1945   38.41   22.58    0.00    3.04    5.39    0.06
   5 2015   38.88   21.13    0.00    2.52    5.95    0.13
   7 2015   38.72   21.34    0.00    2.23    6.54   -0.12
   3 2015   38.79   35.65    0.00    4.05    5.67   -0.29
  31 2015   38.87   21.91    0.00    3.09    5.47    0.43
  27 2015  -99.00  -99.00    0.00    2.25    6.42    0.99
  17 2015   38.76   21.51    0.00    2.95    5.02    0.23
  11 2015   38.73   21.79    0.00    2.73    6.29   -0.02
  19 2015   38.98   22.04    0.00    2.42    5.02   -0.11
  21 2015   38.76   22.75    0.00    3.45    4.93    0.06
  23 2015   38.53   22.73    0.00    2.94    5.13    0.09
   5 2045   38.77   21.39    0.00    3.35    5.06    0.05
   7 2045   38.76   21.65    0.00    2.99    5.50    0.11
   3 2045   39.28   36.14    0.00    3.55    5.06   -0.17
  31 2045   39.04   21.47    0.00    2.70    5.82    0.35
  27 2045  -99.00  -99.00    0.00    1.99    6.00    0.95
  17 2045   38.82   21.62    0.00    2.10    4.78    0.24
  11 2045   38.93   21.16    0.00    3.14    4.59    0.01
  19 2045   39.28   22.02    0.00    2.17    4.89   -0.04
  21 2045   38.76   23.03    0.00    1.69    6.31    0.05
  23 2045   38.29   22.49    0.00    2.28    6.03    0.09
   5 2115   39.00   21.48    0.00    2.06    6.14    0.13
   7 2115   39.21   21.70    0.00    2.31    5.65   -0.03
   3 2115   39.11   35.97    0.00    3.47    4.87   -0.19
  31 2115   39.31   21.52    0.00    1.63    4.93    0.23
  27 2115  -99.00  -99.00    0.00    2.99    2.96    0.96
  17 2115   39.08   21.57    0.00    2.48    4.30    0.20
  11 2115   39.06   21.04    0.00    3.13    4.35   -0.03
  19 2115   39.40   21.89    0.00    1.65    4.08   -0.06
  21 2115   38.73   22.90    0.00    1.62    6.72    0.00
  23 2115   38.52   22.60    0.00    2.23    5.66    0.11
   5 2145   38.75   21.12    0.00    3.03    5.47    0.05
   7 2145   39.11   21.33    0.00    2.03    4.85   -0.02
   3 2145   39.21   36.04    0.00    3.02    4.59   -0.17
  31 2145   39.15   21.33    0.00    1.79    4.41    0.23
  27 2145  -99.00  -99.00    0.00    2.77    3.86    1.02
  17 2145   38.94   21.36    0.00    2.15    4.27    0.21
  11 2145   38.98   21.09    0.00    2.88    4.28   -0.02
  19 2145   39.15   21.84    0.00    1.56    4.37   -0.06
  21 2145   38.86   22.75    0.00    1.92    6.08    0.06
  23 2145   38.39   22.22    0.00    1.93    5.71    0.13
   5 2215   38.55   21.21    0.00    2.75    4.85    0.03
   7 2215   39.15   21.51    0.00    2.11    4.93    0.03
   3 2215   39.01   35.92    0.00    2.97    4.29   -0.16
  31 2215   39.03   21.57    0.00    2.13    4.61    0.29
  27 2215  -99.00  -99.00    0.00    2.55    3.78    0.89
  17 2215   38.90   21.34    0.00    2.40    4.23    0.21
  11 2215   38.81   21.12    0.00    2.67    4.25   -0.03
  19 2215   38.91   21.78    0.00    1.96    4.17   -0.12
  21 2215   38.81   22.33    0.00    2.53    5.45    0.02
  23 2215   38.14   22.05    0.00    2.33    5.24    0.06
   5 2245   38.29   21.08    0.00    2.31    5.81    0.06
   7 2245   38.93   21.49    0.00    2.27    5.38   -0.01
   3 2245   38.75   35.78    0.00    2.77    4.51   -0.15
  31 2245   38.83   21.57    0.00    2.19    4.15    0.28
  27 2245  -99.00  -99.00    0.00    2.02    4.77    0.76
  17 2245   38.59   21.54    0.00    1.93    4.35    0.23
  11 2245   38.54   21.23    0.00    1.64    4.90   -0.03
  19 2245   38.57   21.96    0.00    2.86    3.58   -0.07
  21 2245   38.48   22.39    0.00    1.92    5.55    0.03
  23 2245   37.97   21.97    0.00    2.15    5.35    0.12
   5 2315   37.87   21.24    0.00    2.63    5.67    0.08
   7 2315   38.45   21.55    0.00    2.29    5.63   -0.01
   3 2315   38.28   35.46    0.00    3.02    4.75   -0.18
  31 2315   38.33   21.60    0.00    2.56    3.85    0.33
  27 2315  -99.00  -99.00    0.00    1.79    4.85    0.79
  17 2315   38.02   21.45    0.00    1.89    4.21    0.19
  11 2315   38.07   21.37    0.00    1.99    4.57   -0.03
  19 2315   38.17   21.96    0.00    1.14    3.89   -0.09
  21 2315   38.14   22.37    0.00    2.28    4.99    0.03
  23 2315   37.42   22.05    0.00    1.76    5.08    0.08
   5 2345   37.24   21.07    0.00    2.42    5.83    0.07
   7 2345   38.04   21.58    0.00    2.09    5.20   -0.03
   3 2345   37.69   34.91    0.00    2.39    4.35   -0.16
  31 2345   37.76   21.65    0.00    1.81    4.34    0.23
  27 2345  -99.00  -99.00    0.00    1.52    4.77    0.65
  17 2345   37.45   21.40    0.00    1.89    3.85    0.15
  11 2345   37.42   21.43    0.00    1.64    4.13    0.01
  19 2345   37.50   21.94    0.00    1.23    3.23   -0.01
  21 2345   37.56   22.36    0.00    1.92    4.78    0.01
  23 2345   36.86   22.14    0.00    1.97    4.17    0.08
