   5   15   36.17   21.32    0.00    1.25    4.06    0.08
   7   15   37.33   22.06    0.00    0.81    3.51   -0.07
   3   15   36.74   33.90    0.00    1.23    3.69   -0.11
  31   15   36.81   21.70    0.00    1.25    3.95    0.17
  27   15  -99.00  -99.00    0.00    1.08    4.30    0.55
  17   15   36.47   21.33    0.00    1.25    2.89    0.14
  11   15   36.23   21.59    0.00    1.09    4.02   -0.01
  19   15   36.59   21.80    0.00    1.43    3.51   -0.09
  21   15   36.78   22.19    0.00    0.97    4.72    0.03
  23   15   35.72   22.03    0.00    1.33    3.55    0.06
   5   45   34.18   21.16    0.00    0.44    3.74    0.07
   7   45   35.56   21.82    0.00    0.27    3.31   -0.21
   3   45   35.30   32.15    0.00    0.35    3.23   -0.11
  31   45   34.73   21.82    0.00    0.79    3.19    0.12
  27   45  -99.00  -99.00    0.00    0.45    4.16    0.39
  17   45   34.92   21.43    0.00    0.49    2.52    0.13
  11   45   34.15   21.49    0.00    0.49    3.47   -0.03
  19   45   34.45   21.96    0.00    0.36    2.85   -0.06
  21   45   35.45   22.10    0.00    0.07    3.93    0.03
  23   45   33.82   22.26    0.00    0.17    2.97    0.11
   5  115   31.25   20.87    0.00   -0.31    3.38    0.08
   7  115   33.00   21.44    0.00    0.09    3.12   -0.23
   3  115   33.59   30.55    0.00   -0.05    3.69   -0.11
  31  115   32.06   21.21    0.00    0.65    2.91    0.09
  27  115  -99.00  -99.00    0.00   -0.63    4.34    0.22
  17  115   32.74   21.18    0.00   -0.61    2.29    0.12
  11  115   31.49   21.12    0.00   -0.17    3.01   -0.03
  19  115   32.39   21.65    0.00   -0.21    3.03   -0.07
  21  115   33.43   22.21    0.00   -0.57    3.93    0.01
  23  115   31.48   21.76    0.00    0.09    2.53    0.11
   5  145   29.93   20.43    0.00   -0.86    4.24    0.13
   7  145   31.03   21.12    0.00    0.07    3.17   -0.23
   3  145   32.09   29.07    0.00   -0.31    4.16   -0.13
  31  145   30.29   20.95    0.00    0.69    2.90    0.11
  27  145  -99.00  -99.00    0.00   -0.77    4.79    0.24
  17  145   31.05   21.13    0.00   -1.01    2.13    0.12
  11  145   29.98   20.97    0.00   -0.65    3.05   -0.01
  19  145   30.74   21.44    0.00   -0.25    2.91   -0.04
  21  145   30.81   21.58    0.00   -0.94    3.33    0.00
  23  145   28.56   21.12    0.00    0.00    2.35    0.05
   5  215   28.83   20.33    0.00   -0.85    4.54    0.14
   7  215   29.93   20.97    0.00   -0.23    3.10   -0.26
   3  215   30.94   27.12    0.00   -0.55    4.31   -0.12
  31  215   29.81   21.02    0.00    0.43    3.09    0.10
  27  215  -99.00  -99.00    0.00   -1.01    4.94    0.25
  17  215   29.61   20.95    0.00   -1.18    2.41    0.12
  11  215   29.60   20.92    0.00   -1.29    3.59   -0.01
  19  215   30.52   21.33    0.00   -0.70    3.75   -0.08
  21  215   30.25   21.71    0.00   -1.79    4.43    0.03
  23  215   27.62   21.00    0.00   -0.35    2.98    0.09
   5  245   28.57   20.51    0.00   -0.85    5.31    0.17
   7  245   28.86   20.99    0.00    0.07    3.43   -0.26
   3  245   30.14   25.82    0.00   -0.25    4.77   -0.15
  31  245   29.99   21.55    0.00    0.49    4.28    0.10
  27  245  -99.00  -99.00    0.00   -0.86    5.87    0.30
  17  245   28.59   20.70    0.00   -1.18    2.58    0.12
  11  245   29.03   21.24    0.00   -0.97    3.99   -0.04
  19  245   30.29   21.63    0.00   -0.89    4.73   -0.13
  21  245   30.44   22.21    0.00   -0.83    5.15    0.03
  23  245   27.47   21.44    0.00   -0.07    3.11    0.11
   5  315   28.84   20.96    0.00   -0.23    6.61    0.20
   7  315   30.06   21.64    0.00    0.47    5.54   -0.35
   3  315   30.13   24.83    0.00    0.31    5.45   -0.19
  31  315   29.78   21.75    0.00    0.87    4.95    0.13
  27  315  -99.00  -99.00    0.00   -0.67    6.45    0.36
  17  315   28.89   21.04    0.00   -0.90    3.75    0.21
  11  315   29.25   21.49    0.00   -0.62    4.75   -0.05
  19  315   30.01   21.77    0.00   -0.47    5.23   -0.12
  21  315   30.13   22.09    0.00   -0.61    5.86    0.05
  23  315   27.41   21.64    0.00   -0.17    3.57    0.15
   5  345   29.09   20.91    0.00    0.20    7.24    0.20
   7  345   29.83   21.42    0.00    0.68    5.93   -0.33
   3  345   29.85   24.21    0.00    0.50    5.85   -0.27
  31  345   29.71   21.55    0.00    1.00    5.41    0.17
  27  345  -99.00  -99.00    0.00   -0.58    7.12    0.43
  17  345   29.15   20.98    0.00   -0.45    4.41    0.27
  11  345   29.17   21.24    0.00   -0.61    5.32   -0.05
  19  345   29.59   23.40    0.00   -0.63    5.40   -0.13
  21  345   29.66   21.70    0.00   -0.89    6.05    0.04
  23  345   27.32   21.47    0.00   -0.13    4.01    0.15
   5  415   28.76   20.60    0.00    0.67    7.22    0.18
   7  415   29.43   21.09    0.00    0.85    5.71   -0.23
   3  415   29.32   23.81    0.00    0.77    5.23   -0.20
  31  415   29.38   21.18    0.00    1.52    5.33    0.21
  27  415  -99.00  -99.00    0.00   -0.29    6.79    0.48
  17  415   28.65   20.73    0.00   -0.22    4.19    0.23
  11  415   28.88   20.89    0.00    0.10    5.46   -0.03
  19  415   28.99   28.74    0.00   -0.31    5.06   -0.12
  21  415   29.24   21.36    0.00   -0.47    6.12    0.02
  23  415   27.30   21.10    0.00    0.56    4.40    0.13
   5  445   28.48   20.37    0.00    1.12    7.35    0.15
   7  445   29.00   20.87    0.00    0.95    5.73   -0.28
   3  445   28.87   23.56    0.00    1.09    5.36   -0.16
  31  445   28.85   20.92    0.00    1.73    5.12    0.23
  27  445  -99.00  -99.00    0.00    0.45    6.11    0.62
  17  445   28.30   20.50    0.00    0.17    4.41    0.25
  11  445   28.52   20.62    0.00    0.60    5.73   -0.07
  19  445   28.49   28.49    0.00   -0.01    4.76   -0.09
  21  445   28.61   21.05    0.00   -0.30    6.01    0.04
  23  445   27.06   20.75    0.00    0.62    4.55    0.12
   5  515   28.04   20.30    0.00    1.41    7.47    0.15
   7  515   28.41   20.75    0.00    1.03    5.79   -0.26
   3  515   28.32   23.37    0.00    1.12    5.43   -0.11
  31  515   28.21   20.77    0.00    1.65    4.92    0.21
  27  515  -99.00  -99.00    0.00    0.25    6.41    0.50
  17  515   27.84   20.41    0.00   -0.07    4.13    0.24
  11  515   27.86   20.48    0.00    0.49    5.65   -0.06
  19  515   27.96   27.97    0.00    0.05    4.63   -0.12
  21  515   27.93   20.93    0.00   -0.21    5.99    0.01
  23  515   26.55   20.54    0.00    0.69    4.51    0.14
   5  545   27.59   20.29    0.00    1.93    7.81    0.15
   7  545   27.84   20.74    0.00    1.01    5.85   -0.23
   3  545   27.98   22.64    0.00    1.47    6.05   -0.18
  31  545   27.88   20.84    0.00    2.16    5.00    0.28
  27  545  -99.00  -99.00    0.00    0.92    5.85    0.63
  17  545   27.61   20.52    0.00    0.53    4.29    0.22
  11  545   27.43   20.54    0.00    0.97    5.63   -0.04
  19  545   27.63   27.64    0.00    0.88    4.71   -0.13
  21  545   27.62   20.97    0.00    0.49    5.75    0.01
  23  545   26.08   20.45    0.00    0.91    4.33    0.11
   5  615   27.22   20.40    0.00    2.39    7.75    0.14
   7  615   27.59   20.90    0.00    1.03    6.06   -0.26
   3  615   27.98   22.48    0.00    2.27    6.91   -0.20
  31  615   27.77   21.00    0.00    2.37    5.47    0.28
  27  615  -99.00  -99.00    0.00    0.77    5.89    0.54
  17  615   27.77   20.82    0.00    1.26    4.75    0.24
  11  615   27.38   20.71    0.00    1.39    5.89   -0.03
  19  615   27.81   27.82    0.00    1.36    4.95   -0.11
  21  615   27.76   21.20    0.00    1.17    6.05    0.01
  23  615   26.13   20.61    0.00    1.40    4.39    0.09
   5  645   27.19   20.64    0.00    2.69    7.56    0.13
   7  645   27.72   21.19    0.00    1.31    6.43   -0.23
   3  645   27.85   22.20    0.00    2.59    6.67   -0.20
  31  645   27.74   21.22    0.00    2.71    5.51    0.36
  27  645  -99.00  -99.00    0.00    1.35    6.09    0.67
  17  645   27.76   21.01    0.00    1.67    4.94    0.23
  11  645   27.54   20.96    0.00    1.84    6.45   -0.03
  19  645   27.95   27.95    0.00    1.48    5.15   -0.11
  21  645   27.89   21.44    0.00    1.53    6.09    0.04
  23  645   26.69   20.92    0.00    1.97    5.09    0.12
   5  715   27.42   20.79    0.00    3.19    7.41    0.10
   7  715   27.81   21.33    0.00    1.71    6.49   -0.14
   3  715   27.96   22.12    0.00    3.13    6.62   -0.23
  31  715   27.95   21.38    0.00    2.93    5.37    0.35
  27  715  -99.00  -99.00    0.00    1.91    5.75    0.81
  17  715   28.03   21.13    0.00    2.61    4.94    0.25
  11  715   27.85   21.16    0.00    2.73    5.90   -0.03
  19  715   28.19   28.20    0.00    2.36    5.16   -0.07
  21  715   28.09   21.59    0.00    2.37    6.25    0.01
  23  715   27.01   21.11    0.00    2.57    5.11    0.08
   5  745   27.51   20.81    0.00    3.75    7.00    0.08
   7  745   27.93   21.34    0.00    2.23    6.69   -0.10
   3  745   28.01   22.19    0.00    3.71    6.03   -0.22
  31  745   28.08   21.41    0.00    3.27    4.98    0.41
  27  745  -99.00  -99.00    0.00    2.30    5.52    0.85
  17  745   27.98   21.07    0.00    3.02    4.49    0.21
  11  745   27.71   21.14    0.00    2.89    5.45   -0.01
  19  745   28.13   28.14    0.00    2.93    4.82   -0.07
  21  745   28.03   21.59    0.00    2.99    6.26    0.05
  23  745   27.66   21.27    0.00    3.25    5.03    0.05
   5  815   27.30   20.70    0.00    3.57    6.80    0.07
   7  815   27.68   21.23    0.00    2.22    6.21   -0.08
   3  815   27.82   22.19    0.00    3.78    5.80   -0.19
  31  815   28.13   21.36    0.00    3.39    4.98    0.43
  27  815  -99.00  -99.00    0.00    2.41    5.30    0.91
  17  815   27.81   20.97    0.00    3.09    4.12    0.19
  11  815   27.67   21.08    0.00    3.19    5.48    0.00
  19  815   28.12   28.13    0.00    3.13    4.88   -0.12
  21  815   27.77   21.49    0.00    3.29    5.73    0.07
  23  815   27.87   21.30    0.00    4.32    4.89   -0.01
   5  845   27.23   20.62    0.00    3.94    6.46    0.05
   7  845   27.57   21.12    0.00    2.17    5.67   -0.07
   3  845   27.41   22.04    0.00    3.75    5.09   -0.17
  31  845   27.87   21.26    0.00    3.59    4.60    0.45
  27  845  -99.00  -99.00    0.00    2.82    5.13    0.99
  17  845   27.59   20.87    0.00    3.25    3.46    0.14
  11  845   27.42   20.96    0.00    3.34    4.93   -0.02
  19  845   27.84   27.85    0.00    3.20    4.70   -0.13
  21  845   27.66   21.41    0.00    3.58    5.01    0.04
  23  845   27.61   21.20    0.00    4.85    4.57   -0.04
   5  915   26.89   20.51    0.00    3.93    5.99    0.05
   7  915   27.43   21.06    0.00    2.57    5.91   -0.05
   3  915   27.09   21.90    0.00    3.71    4.78   -0.16
  31  915   27.47   21.13    0.00    3.39    4.31    0.44
  27  915  -99.00  -99.00    0.00    2.83    5.01    0.92
  17  915   27.26   20.76    0.00    3.29    3.32    0.13
  11  915   27.23   20.85    0.00    3.35    4.26    0.01
  19  915   27.66   27.67    0.00    3.25    4.57   -0.09
  21  915   27.44   21.28    0.00    3.28    4.91    0.04
  23  915   27.18   21.05    0.00    4.54    4.11   -0.03
   5  945   26.47   20.34    0.00    3.67    5.73    0.05
   7  945   27.31   20.92    0.00    2.31    5.13   -0.05
   3  945   26.76   21.71    0.00    3.51    4.81   -0.16
  31  945   27.16   21.01    0.00    3.23    3.95    0.39
  27  945  -99.00  -99.00    0.00    2.95    5.11    1.01
  17  945   27.02   20.63    0.00    3.23    3.37    0.13
  11  945   27.04   20.74    0.00    3.21    4.05    0.00
  19  945   27.39   27.40    0.00    3.11    3.93   -0.07
  21  945   27.47   21.18    0.00    3.35    4.46    0.05
  23  945   26.98   20.90    0.00    4.43    3.72   -0.07
   5 1015   26.12   20.16    0.00    3.31    5.69    0.05
   7 1015   26.82   20.73    0.00    1.73    4.51   -0.07
   3 1015   26.48   21.34    0.00    3.16    4.92   -0.15
  31 1015   26.77   20.84    0.00    3.01    4.13    0.36
  27 1015  -99.00  -99.00    0.00    2.61    5.00    0.93
  17 1015   26.70   20.46    0.00    2.69    3.21    0.15
  11 1015   26.80   20.60    0.00    2.96    4.30    0.00
  19 1015   27.07   27.09    0.00    3.01    3.89   -0.09
  21 1015   27.21   21.02    0.00    2.88    4.43    0.05
  23 1015   26.65   20.74    0.00    3.95    3.29   -0.05
   5 1045   25.67   19.99    0.00    3.03    5.70    0.06
   7 1045   26.24   20.53    0.00    1.31    4.17   -0.09
   3 1045   26.35   21.18    0.00    3.06    5.19   -0.17
  31 1045   26.42   20.68    0.00    2.89    4.18    0.35
  27 1045  -99.00  -99.00    0.00    2.38    4.67    0.80
  17 1045   26.23   20.27    0.00    2.13    2.85    0.13
  11 1045   26.51   20.44    0.00    2.82    4.07   -0.02
  19 1045   26.76   26.77    0.00    2.66    4.01   -0.10
  21 1045   26.74   20.83    0.00    2.65    4.47    0.01
  23 1045   26.25   20.58    0.00    3.54    3.15   -0.03
   5 1115   25.14   19.79    0.00    2.81    5.46    0.06
   7 1115   25.87   20.37    0.00    1.05    4.01   -0.11
   3 1115   26.01   21.00    0.00    2.93    5.27   -0.15
  31 1115   26.02   20.50    0.00    2.85    4.25    0.34
  27 1115  -99.00  -99.00    0.00    1.81    4.55    0.65
  17 1115   25.87   20.12    0.00    1.77    2.42    0.11
  11 1115   26.02   20.26    0.00    2.33    3.27    0.02
  19 1115   26.36   26.38    0.00    2.36    3.73   -0.08
  21 1115   26.14   20.67    0.00    2.30    3.52    0.04
  23 1115   25.88   20.45    0.00    3.26    3.15   -0.04
   5 1145   25.15   19.77    0.00    2.59    5.75    0.08
   7 1145   25.87   20.35    0.00    0.97    4.41   -0.14
   3 1145   26.07   21.00    0.00    2.79    5.53   -0.15
  31 1145   25.98   20.47    0.00    2.64    4.25    0.30
  27 1145  -99.00  -99.00    0.00    1.15    4.77    0.51
  17 1145   25.90   20.13    0.00    0.99    2.49    0.09
  11 1145   25.58   20.18    0.00    1.77    3.07   -0.03
  19 1145   25.89   25.90    0.00    1.47    3.49   -0.10
  21 1145   25.63   20.55    0.00    1.80    4.14    0.03
  23 1145   25.67   20.41    0.00    2.43    3.33    0.01
   5 1215   25.84   20.02    0.00    2.71    6.26    0.07
   7 1215   26.20   20.49    0.00    1.13    4.87   -0.14
   3 1215   26.51   21.24    0.00    2.51    5.63   -0.17
  31 1215   26.18   20.63    0.00    2.33    4.43    0.29
  27 1215  -99.00  -99.00    0.00    1.01    5.20    0.51
  17 1215   26.10   20.31    0.00   -0.05    2.49    0.13
  11 1215   25.58   20.32    0.00    1.58    3.42   -0.05
  19 1215   25.72   25.71    0.00    0.81    3.89   -0.11
  21 1215   26.25   20.79    0.00    1.77    4.79    0.05
  23 1215   26.25   20.66    0.00    2.25    3.85    0.05
   5 1245   26.51   20.34    0.00    2.59    6.26    0.11
   7 1245   26.56   20.73    0.00    1.52    5.35   -0.12
   3 1245   26.82   21.52    0.00    2.01    5.87   -0.19
  31 1245   26.68   20.95    0.00    2.48    4.62    0.35
  27 1245  -99.00  -99.00    0.00    1.22    5.20    0.61
  17 1245   26.97   20.74    0.00    0.02    1.99    0.13
  11 1245   26.83   20.78    0.00    1.99    3.74   -0.03
  19 1245   27.04   27.01    0.00    1.75    4.89   -0.13
  21 1245   27.50   21.22    0.00    2.25    5.05    0.06
  23 1245   27.43   21.10    0.00    2.51    4.37    0.05
   5 1315   27.73   20.77    0.00    3.31    6.85    0.10
   7 1315   27.75   21.15    0.00    2.05    5.98   -0.13
   3 1315   28.15   22.33    0.00    3.21    6.09   -0.22
  31 1315   28.08   21.42    0.00    2.94    5.01    0.38
  27 1315  -99.00  -99.00    0.00    1.77    5.35    0.71
  17 1315   28.28   21.18    0.00    0.95    2.67    0.14
  11 1315   28.19   21.27    0.00    2.31    3.80   -0.01
  19 1315   28.57   28.54    0.00    2.24    5.41   -0.14
  21 1315   28.73   21.63    0.00    2.94    5.81    0.03
  23 1315   28.75   21.52    0.00    3.13    5.00    0.03
   5 1345   29.12   21.16    0.00    3.71    6.95    0.05
   7 1345   29.32   21.60    0.00    2.46    5.55    0.00
   3 1345   29.62   24.18    0.00    3.51    6.08   -0.19
  31 1345   29.51   21.77    0.00    3.22    5.76    0.39
  27 1345  -99.00  -99.00    0.00    1.95    5.38    0.83
  17 1345   29.65   21.53    0.00    2.06    3.26    0.15
  11 1345   29.59   21.67    0.00    2.65    3.69   -0.02
  19 1345   30.00   29.96    0.00    2.83    4.97   -0.11
  21 1345   30.10   22.08    0.00    3.01    5.09    0.05
  23 1345   30.03   21.95    0.00    3.23    4.67    0.01
   5 1415   30.58   21.68    0.00    3.69    5.75    0.06
   7 1415   30.63   21.97    0.00    2.75    5.06    0.11
   3 1415   30.97   26.26    0.00    3.72    5.69   -0.20
  31 1415   30.87   22.15    0.00    3.39    5.27    0.46
  27 1415  -99.00  -99.00    0.00    2.03    4.27    0.85
  17 1415   30.88   21.94    0.00    2.52    3.08    0.17
  11 1415   30.92   22.09    0.00    2.72    3.84   -0.02
  19 1415   31.05   31.02    0.00    2.92    4.99   -0.13
  21 1415   31.09   22.46    0.00    3.22    4.83    0.05
  23 1415   31.42   22.40    0.00    3.35    4.62    0.03
   5 1445   31.80   22.07    0.00    3.37    5.49    0.05
   7 1445   31.77   22.31    0.00    2.80    5.01    0.11
   3 1445   32.25   27.75    0.00    3.78    5.23   -0.18
  31 1445   32.01   22.57    0.00    3.11    4.95    0.37
  27 1445  -99.00  -99.00    0.00    2.53    3.41    0.91
  17 1445   32.09   22.25    0.00    2.47    3.80    0.15
  11 1445   32.06   22.52    0.00    2.23    4.41   -0.01
  19 1445   32.40   32.36    0.00    2.75    4.76   -0.11
  21 1445   32.19   22.95    0.00    2.71    4.65    0.06
  23 1445   32.40   22.74    0.00    3.39    4.48    0.01
   5 1515   33.17   22.50    0.00    3.35    5.11    0.06
   7 1515   32.93   22.62    0.00    2.58    5.01    0.05
   3 1515   33.59   29.13    0.00    3.31    4.85   -0.15
  31 1515   33.06   22.81    0.00    3.39    4.84    0.40
  27 1515  -99.00  -99.00    0.00    1.93    3.51    0.71
  17 1515   33.59   22.75    0.00    2.40    3.33    0.19
  11 1515   33.30   22.84    0.00    2.39    4.23   -0.02
  19 1515   33.58   33.53    0.00    2.55    4.43   -0.09
  21 1515   33.36   23.30    0.00    2.78    4.47    0.05
  23 1515   33.44   23.13    0.00    3.07    4.29    0.01
   5 1545   34.23   22.75    0.00    3.45    5.03    0.04
   7 1545   34.00   22.99    0.00    2.26    5.15    0.01
   3 1545   34.70   30.06    0.00    2.89    4.81   -0.13
  31 1545   34.29   23.20    0.00    2.79    4.73    0.37
  27 1545  -99.00  -99.00    0.00    2.30    3.41    0.89
  17 1545   34.09   22.81    0.00    2.52    3.37    0.12
  11 1545   34.18   23.08    0.00    2.41    4.28   -0.05
  19 1545   34.53   34.48    0.00    2.30    4.30   -0.05
  21 1545   34.38   23.69    0.00    2.05    4.29    0.07
  23 1545   34.47   23.49    0.00    2.45    3.89    0.05
   5 1615   35.42   23.12    0.00    1.73    6.31    0.11
   7 1615   35.01   23.35    0.00    1.93    5.77   -0.10
   3 1615   35.52   30.85    0.00    2.04    5.75   -0.20
  31 1615   35.56   23.65    0.00    1.62    5.39    0.27
  27 1615  -99.00  -99.00    0.00    1.69    5.36    0.73
  17 1615   35.46   23.26    0.00    0.96    4.98    0.23
  11 1615   35.12   23.34    0.00    1.49    5.27   -0.09
  19 1615   35.73   35.66    0.00    1.33    4.99   -0.15
  21 1615   35.58   23.99    0.00    1.41    4.66    0.05
  23 1615   35.57   23.78    0.00    1.93    4.11    0.05
   5 1645   36.39   23.39    0.00    1.74    5.85    0.08
   7 1645   36.20   23.63    0.00    1.80    5.74   -0.09
   3 1645   36.67   31.79    0.00    2.53    5.03   -0.17
  31 1645   36.41   23.81    0.00    2.41    4.95    0.33
  27 1645  -99.00  -99.00    0.00    2.07    5.25    0.84
  17 1645   36.62   23.59    0.00    1.61    4.81    0.29
  11 1645   36.44   23.45    0.00    2.07    5.36   -0.04
  19 1645   36.73   36.66    0.00    1.71    5.37   -0.15
  21 1645   36.55   24.06    0.00    0.45    6.36    0.03
  23 1645   36.67   23.73    0.00    1.94    5.63    0.13
   5 1715   37.48   23.44    0.00    2.68    5.49    0.09
   7 1715   37.03   23.52    0.00    2.05    5.89   -0.07
   3 1715   37.68   33.01    0.00    2.50    5.27   -0.13
  31 1715   37.52   23.65    0.00    2.21    4.98    0.32
  27 1715  -99.00  -99.00    0.00    1.69    5.35    0.77
  17 1715   37.44   23.21    0.00    1.51    5.16    0.27
  11 1715   37.40   23.36    0.00    2.45    5.43   -0.03
  19 1715   37.70   37.61    0.00    1.11    5.49   -0.15
  21 1715   37.51   23.83    0.00    1.94    5.95    0.04
  23 1715   37.56   23.43    0.00    1.40    5.56    0.14
   5 1745   37.91   22.61    0.00    2.13    5.71    0.05
   7 1745   37.83   22.71    0.00    2.33    5.91    0.00
   3 1745   38.17   34.22    0.00    2.71    5.58   -0.22
  31 1745   38.39   22.68    0.00    1.60    5.00    0.26
  27 1745  -99.00  -99.00    0.00    2.43    5.01    0.97
  17 1745   38.12   22.58    0.00    2.27    4.77    0.27
  11 1745   37.99   22.62    0.00    1.63    5.91    0.00
  19 1745   38.50   38.42    0.00    1.28    5.73   -0.13
  21 1745   38.09   23.01    0.00    1.55    5.92    0.06
  23 1745   37.94   22.97    0.00    1.78    5.49    0.15
   5 1815   38.52   22.02    0.00    1.45    6.23    0.11
   7 1815   38.47   22.29    0.00    2.15    6.01   -0.09
   3 1815   38.94   35.74    0.00    2.60    4.99   -0.15
  31 1815   38.81   22.45    0.00    1.33    5.26    0.24
  27 1815  -99.00  -99.00    0.00    2.29    5.00    0.93
  17 1815   38.50   22.13    0.00    1.54    5.01    0.22
  11 1815   38.57   22.12    0.00    2.06    5.20   -0.01
  19 1815   39.10   39.03    0.00    1.52    4.61   -0.05
  21 1815   38.37   23.14    0.00    2.19    5.50    0.02
  23 1815   38.31   22.67    0.00    1.38    5.29    0.19
   5 1845   38.68   22.18    0.00    2.57    5.57    0.06
   7 1845   38.68   22.40    0.00    2.49    5.11    0.07
   3 1845   39.14   36.09    0.00    2.43    4.95   -0.17
  31 1845   38.80   22.54    0.00    2.15    5.04    0.28
  27 1845  -99.00  -99.00    0.00    2.25    4.79    0.89
  17 1845   38.82   22.43    0.00    2.12    4.50    0.23
  11 1845   38.84   22.59    0.00    1.58    5.92   -0.03
  19 1845   38.91   38.86    0.00    2.34    4.88   -0.14
  21 1845   38.69   23.20    0.00    2.81    4.85    0.05
  23 1845   38.22   22.99    0.00    1.71    5.01    0.12
   5 1915   38.92   22.36    0.00    1.77    5.63    0.08
   7 1915   38.92   22.47    0.00    2.17    5.66   -0.07
   3 1915   39.32   36.29    0.00    3.01    4.84   -0.17
  31 1915   39.17   22.79    0.00    1.89    5.23    0.27
  27 1915  -99.00  -99.00    0.00    2.21    4.63    0.89
  17 1915   39.14   22.46    0.00    0.19    5.29    0.32
  11 1915   38.99   22.42    0.00    1.99    5.71   -0.01
  19 1915   39.08   39.02    0.00    2.45    4.53   -0.11
  21 1915   38.91   23.12    0.00    2.03    5.13    0.04
  23 1915   38.62   22.83    0.00    2.37    4.55    0.05
   5 1945   38.97   22.20    0.00    2.23    5.61    0.07
   7 1945   39.01   22.42    0.00    2.32    5.79   -0.01
   3 1945   39.41   36.39    0.00    2.73    4.99   -0.17
  31 1945   39.44   22.65    0.00    1.65    5.29    0.24
  27 1945  -99.00  -99.00    0.00    2.30    4.87    0.91
  17 1945   39.15   22.50    0.00    1.79    5.41    0.26
  11 1945   39.24   22.41    0.00    1.51    5.15    0.02
  19 1945   39.19   39.14    0.00    2.35    4.96   -0.11
  21 1945   39.15   23.21    0.00    0.73    5.35    0.09
  23 1945   38.91   22.81    0.00    0.42    5.06    0.24
   5 2015   39.10   22.27    0.00    2.37    6.03    0.08
   7 2015   39.14   22.40    0.00    2.24    6.35   -0.11
   3 2015   39.27   36.41    0.00    3.73    5.03   -0.21
  31 2015   39.06   22.60    0.00    3.01    4.83    0.38
  27 2015  -99.00  -99.00    0.00    1.58    4.91    0.76
  17 2015   38.94   22.27    0.00    1.16    5.68    0.25
  11 2015   38.97   22.39    0.00    1.74    5.97   -0.06
  19 2015   39.05   39.01    0.00    1.87    5.31   -0.14
  21 2015   38.94   23.25    0.00    2.41    5.87    0.05
  23 2015   38.72   22.71    0.00    0.56    5.60    0.19
   5 2045   38.93   21.99    0.00    1.91    5.85    0.10
   7 2045   39.14   22.13    0.00    1.96    5.66   -0.13
   3 2045   39.29   36.58    0.00    3.10    5.35   -0.21
  31 2045   38.79   22.56    0.00    2.09    5.74    0.33
  27 2045  -99.00  -99.00    0.00    2.21    5.05    0.99
  17 2045   39.20   22.05    0.00   -0.45    5.07    0.33
  11 2045   38.81   22.12    0.00    2.57    5.59   -0.01
  19 2045   39.31   39.26    0.00    1.07    4.77   -0.11
  21 2045   38.89   22.81    0.00    1.82    5.31    0.03
  23 2045   38.66   22.62    0.00    2.65    5.46    0.09
   5 2115   38.98   21.75    0.00    1.61    5.56    0.11
   7 2115   39.18   21.95    0.00    1.87    5.84   -0.15
   3 2115   39.28   36.56    0.00    1.62    4.69   -0.17
  31 2115   39.18   22.02    0.00    2.17    4.36    0.33
  27 2115  -99.00  -99.00    0.00    2.10    4.46    0.83
  17 2115   39.16   22.21    0.00    1.84    4.41    0.26
  11 2115   38.92   22.01    0.00    1.49    4.68   -0.03
  19 2115   39.17   39.13    0.00    1.27    4.92   -0.13
  21 2115   38.76   23.27    0.00    1.23    5.83    0.03
  23 2115   38.43   22.44    0.00    1.43    5.10    0.07
   5 2145   38.70   22.33    0.00    1.73    6.28    0.09
   7 2145   38.86   22.60    0.00    2.52    5.89   -0.03
   3 2145   39.30   36.73    0.00    2.85    4.43   -0.11
  31 2145   39.25   22.89    0.00    1.18    5.14    0.18
  27 2145  -99.00  -99.00    0.00    1.65    5.23    0.78
  17 2145   38.76   22.59    0.00    1.04    5.47    0.33
  11 2145   38.60   22.54    0.00    1.94    5.63   -0.05
  19 2145   38.89   38.86    0.00    1.96    4.38   -0.07
  21 2145   38.64   23.10    0.00    1.80    5.31    0.05
  23 2145   38.34   32.55    0.00    1.51    4.89    0.12
   5 2215   38.39   22.05    0.00    1.63    5.75    0.10
   7 2215   39.14   22.40    0.00    1.67    5.73   -0.11
   3 2215   38.85   36.22    0.00    2.78    5.17   -0.19
  31 2215   38.83   22.65    0.00    1.64    4.93    0.24
  27 2215  -99.00  -99.00    0.00    1.71    5.29    0.73
  17 2215   38.76   22.08    0.00    0.84    4.24    0.23
  11 2215   38.52   22.26    0.00    1.29    5.61   -0.03
  19 2215   38.88   38.84    0.00    0.59    5.01   -0.08
  21 2215   38.63   22.85    0.00    1.98    4.84    0.06
  23 2215   38.17   38.12    0.00    2.20    5.03    0.09
   5 2245   38.03   21.72    0.00    0.29    5.93    0.13
   7 2245   38.86   22.16    0.00    1.34    5.68   -0.19
   3 2245   38.68   35.99    0.00    1.29    4.99   -0.15
  31 2245   38.66   22.08    0.00    0.56    5.13    0.12
  27 2245  -99.00  -99.00    0.00    1.46    4.61    0.71
  17 2245   38.47   22.21    0.00    0.57    4.80    0.30
  11 2245   38.19   21.71    0.00    1.02    5.19   -0.07
  19 2245   38.51   38.49    0.00    0.69    4.79   -0.11
  21 2245   38.43   22.59    0.00    1.31    4.88    0.05
  23 2245   37.68   37.65    0.00    1.25    5.51    0.13
   5 2315   37.48   21.78    0.00    0.33    6.05    0.13
   7 2315   38.55   22.37    0.00    0.69    5.07   -0.25
   3 2315   38.20   35.60    0.00    1.55    4.55   -0.15
  31 2315   38.30   22.14    0.00    0.47    4.75    0.11
  27 2315  -99.00  -99.00    0.00    1.02    4.65    0.63
  17 2315   37.84   22.30    0.00    1.19    4.49    0.23
  11 2315   37.68   21.77    0.00    0.13    5.37   -0.08
  19 2315   37.99   37.97    0.00    0.01    5.02   -0.12
  21 2315   37.99   22.55    0.00   -0.12    5.17    0.07
  23 2315   37.37   37.35    0.00    0.54    4.58    0.17
   5 2345   36.84   23.15    0.00    0.24    5.81    0.15
   7 2345   37.91   22.22    0.00    0.63    5.07   -0.27
   3 2345   37.62   34.79    0.00    0.80    4.96   -0.19
  31 2345   37.62   22.13    0.00    0.90    4.73    0.13
  27 2345  -99.00  -99.00    0.00    0.21    5.10    0.48
  17 2345   37.14   21.97    0.00   -0.37    4.77    0.25
  11 2345   37.03   21.75    0.00    0.82    4.94   -0.05
  19 2345   37.26   37.25    0.00   -0.59    4.45   -0.13
  21 2345   37.41   22.28    0.00   -0.41    5.22    0.04
  23 2345   36.72   36.72    0.00    0.51    4.41    0.13
