   5   15   35.89   35.56    0.00   -0.67    5.12    0.18
   7   15   36.71   21.74    0.00    0.19    4.43   -0.35
   3   15   36.61   33.65    0.00   -0.10    4.48   -0.15
  31   15   36.71   21.79    0.00   -0.03    3.87    0.04
  27   15  -99.00  -99.00    0.00   -0.52    4.93    0.33
  17   15   36.12   21.74    0.00   -1.04    3.75    0.24
  11   15   36.07   21.33    0.00   -0.59    4.87   -0.06
  19   15   36.28   36.28    0.00   -1.13    4.05   -0.10
  21   15   36.61   22.10    0.00   -0.81    5.53    0.03
  23   15   35.55   35.57    0.00   -0.73    3.74    0.18
   5   45   33.58   33.60    0.00   -0.80    4.13    0.12
   7   45   34.60   21.32    0.00    0.23    3.41   -0.21
   3   45   34.39   31.29    0.00   -0.44    3.65   -0.11
  31   45   34.64   21.24    0.00   -0.35    3.11    0.00
  27   45  -99.00  -99.00    0.00   -1.03    4.58    0.20
  17   45   34.43   21.51    0.00   -0.94    3.13    0.19
  11   45   34.19   21.10    0.00   -0.89    3.80   -0.04
  19   45   34.74   34.76    0.00   -1.05    3.45   -0.09
  21   45   35.16   22.13    0.00   -1.21    3.85    0.02
  23   45   33.57   33.61    0.00   -0.65    2.75    0.12
   5  115   32.38   32.40    0.00   -1.27    4.09    0.15
   7  115   32.52   21.09    0.00    0.23    2.47   -0.09
   3  115   32.82   29.20    0.00   -1.01    3.47   -0.09
  31  115   33.10   21.12    0.00   -0.66    3.03   -0.01
  27  115  -99.00  -99.00    0.00   -1.21    4.12    0.11
  17  115   32.82   21.18    0.00   -1.38    2.59    0.17
  11  115   31.97   20.86    0.00   -1.20    3.27   -0.05
  19  115   33.51   33.53    0.00   -1.47    3.65   -0.10
  21  115   33.14   21.89    0.00   -1.99    4.09    0.01
  23  115   31.30   31.35    0.00   -0.75    2.78    0.09
   5  145   31.20   31.22    0.00   -1.38    4.91    0.18
   7  145   31.28   20.98    0.00    0.31    3.05   -0.15
   3  145   31.96   27.38    0.00   -1.03    4.37   -0.13
  31  145  -99.00  -99.00  -99.00  -99.00  -99.00  -99.00
  27  145  -99.00  -99.00    0.00   -1.51    5.33    0.18
  17  145   31.72   21.08    0.00   -1.44    3.05    0.17
  11  145  -99.00  -99.00  -99.00  -99.00  -99.00  -99.00
  19  145  -99.00  -99.00  -99.00  -99.00  -99.00  -99.00
  21  145  -99.00  -99.00  -99.00  -99.00  -99.00  -99.00
  23  145   29.75   29.82    0.00   -0.73    2.95    0.11
   5  215   30.51   30.53    0.00   -1.35    5.43    0.17
   7  215   30.72   21.37    0.00    0.35    3.67   -0.24
   3  215   30.97   25.69    0.00   -0.91    4.50   -0.14
  31  215  -99.00  -99.00  -99.00  -99.00  -99.00  -99.00
  27  215  -99.00  -99.00    0.00   -1.57    5.44    0.17
  17  215   30.97   21.39    0.00   -1.42    3.52    0.21
  11  215   30.08   21.26    0.00   -1.45    4.18   -0.04
  19  215   31.81   31.83    0.00   -1.49    4.69   -0.11
  21  215   31.23   22.13    0.00   -2.23    5.47    0.03
  23  215   29.24   29.29    0.00   -0.89    3.33    0.14
   5  245   30.26   30.27    0.00   -1.29    6.37    0.19
   7  245   30.91   21.55    0.00    0.21    4.67   -0.31
   3  245   30.74   25.07    0.00   -0.66    5.12   -0.16
  31  245   30.88   21.72    0.00   -0.43    4.51    0.07
  27  245  -99.00  -99.00    0.00   -1.41    6.33    0.29
  17  245   30.98   21.51    0.00   -1.68    4.55    0.29
  11  245   30.22   21.38    0.00   -1.31    5.41   -0.08
  19  245   31.65   31.67    0.00   -1.47    5.85   -0.16
  21  245   31.31   22.09    0.00   -2.25    6.39    0.02
  23  245   28.73   28.78    0.00   -0.77    3.59    0.17
   5  315   30.20   30.20    0.00   -0.83    6.71    0.20
   7  315   31.06   21.55    0.00    0.35    5.53   -0.37
   3  315   30.79   25.06    0.00   -0.23    5.50   -0.15
  31  315   30.81   21.62    0.00   -0.22    5.14    0.05
  27  315  -99.00  -99.00    0.00   -1.09    6.65    0.34
  17  315   30.69   21.44    0.00   -1.47    4.35    0.24
  11  315   30.36   21.32    0.00   -1.15    5.93   -0.07
  19  315   31.21   31.23    0.00   -1.51    5.89   -0.15
  21  315   30.87   22.00    0.00   -2.25    6.57    0.05
  23  315   29.18   29.22    0.00   -0.61    4.49    0.23
   5  345   29.99   30.00    0.00   -0.43    7.27    0.22
   7  345   30.61   21.57    0.00    0.55    5.73   -0.37
   3  345   30.66   25.08    0.00    0.41    6.23   -0.22
  31  345   30.60   21.68    0.00    0.11    5.48    0.07
  27  345  -99.00  -99.00    0.00   -0.95    6.67    0.40
  17  345   30.08   21.39    0.00   -1.25    4.26    0.25
  11  345   30.00   21.40    0.00   -0.72    5.97   -0.07
  19  345   30.60   30.62    0.00   -1.39    6.00   -0.18
  21  345   30.38   22.12    0.00   -1.76    6.70    0.05
  23  345   29.34   29.38    0.00   -0.13    4.95    0.18
   5  415   29.43   29.44    0.00   -0.08    7.29    0.20
   7  415   29.92   21.72    0.00    0.62    5.65   -0.31
   3  415   30.16   24.55    0.00    0.65    6.38   -0.25
  31  415   30.08   21.83    0.00    0.43    5.55    0.10
  27  415  -99.00  -99.00    0.00   -0.81    6.94    0.44
  17  415   29.45   21.48    0.00   -1.19    4.53    0.28
  11  415   29.44   21.56    0.00   -0.42    5.69   -0.05
  19  415   29.95   29.97    0.00   -1.13    6.02   -0.17
  21  415   29.86   22.27    0.00   -1.23    6.74    0.05
  23  415   29.00   29.04    0.00   -0.24    5.17    0.20
   5  445   29.27   29.27    0.00    0.50    7.21    0.20
   7  445   29.73   21.93    0.00    0.74    5.85   -0.33
   3  445   29.81   23.73    0.00    0.71    5.51   -0.20
  31  445   29.83   22.01    0.00    0.81    5.54    0.15
  27  445  -99.00  -99.00    0.00   -0.47    6.83    0.47
  17  445   29.20   21.64    0.00   -0.67    4.41    0.27
  11  445   29.41   21.78    0.00    0.01    5.59   -0.04
  19  445   29.67   29.69    0.00   -0.57    5.85   -0.15
  21  445   29.65   22.39    0.00   -0.77    7.04    0.03
  23  445   28.82   28.86    0.00    0.31    4.94    0.17
   5  515   29.16   29.17    0.00    0.59    7.63    0.19
   7  515   29.53   21.99    0.00    0.76    5.84   -0.29
   3  515   29.66   23.51    0.00    0.86    5.59   -0.18
  31  515   29.83   22.12    0.00    1.10    5.89    0.18
  27  515  -99.00  -99.00    0.00   -0.49    6.67    0.45
  17  515   29.07   21.73    0.00   -0.26    4.84    0.28
  11  515   29.25   21.83    0.00    0.09    5.84   -0.07
  19  515   29.42   29.44    0.00   -0.55    5.82   -0.15
  21  515   29.27   22.36    0.00   -0.41    6.88    0.03
  23  515   28.50   28.54    0.00    0.51    4.91    0.16
   5  545   28.80   28.80    0.00    0.89    7.98    0.21
   7  545   29.11   21.87    0.00    0.90    6.17   -0.29
   3  545   29.25   23.07    0.00    1.15    5.77   -0.19
  31  545   29.51   21.99    0.00    1.47    6.34    0.21
  27  545  -99.00  -99.00    0.00   -0.34    6.85    0.43
  17  545   28.71   21.61    0.00    0.06    5.24    0.29
  11  545   28.90   21.73    0.00    0.46    6.23   -0.06
  19  545   28.84   28.86    0.00   -0.27    5.65   -0.17
  21  545   28.78   22.23    0.00   -0.67    6.59    0.04
  23  545   27.76   27.80    0.00    0.27    4.74    0.19
   5  615   28.39   28.39    0.00    1.02    7.75    0.18
   7  615   28.71   21.83    0.00    0.83    6.06   -0.33
   3  615   28.73   22.58    0.00    1.11    5.49   -0.13
  31  615   29.13   21.96    0.00    1.59    6.31    0.21
  27  615  -99.00  -99.00    0.00   -0.35    6.43    0.46
  17  615   28.08   21.49    0.00    0.06    4.87    0.29
  11  615   28.39   21.64    0.00    0.29    5.96   -0.07
  19  615   28.15   28.17    0.00   -0.34    5.28   -0.14
  21  615   28.42   22.13    0.00   -0.06    6.49    0.03
  23  615   27.43   27.47    0.00    0.52    4.76    0.13
   5  645   27.72   27.73    0.00    1.27    7.59    0.15
   7  645   28.18   21.74    0.00    0.98    6.09   -0.31
   3  645   28.16   22.36    0.00    1.44    5.71   -0.18
  31  645   28.39   21.85    0.00    1.59    5.69    0.24
  27  645  -99.00  -99.00    0.00    0.07    6.74    0.51
  17  645   27.53   21.38    0.00    0.20    4.78    0.27
  11  645   27.78   21.51    0.00    0.58    5.66   -0.04
  19  645   27.66   27.68    0.00   -0.05    5.19   -0.13
  21  645   27.67   21.95    0.00   -0.02    6.03    0.04
  23  645   26.90   26.94    0.00    0.71    4.77    0.12
   5  715   27.58   27.58    0.00    1.69    8.15    0.15
   7  715   27.86   21.59    0.00    1.07    6.17   -0.26
   3  715   27.84   22.18    0.00    1.67    6.09   -0.18
  31  715   28.09   21.72    0.00    2.08    5.63    0.27
  27  715  -99.00  -99.00    0.00    0.48    6.59    0.65
  17  715   27.30   21.24    0.00    0.38    4.84    0.28
  11  715   27.45   21.39    0.00    0.90    6.03   -0.07
  19  715   27.52   27.53    0.00   -0.27    5.37   -0.15
  21  715   27.63   21.84    0.00    0.46    6.37    0.01
  23  715   26.29   26.33    0.00    1.07    4.67    0.11
   5  745   27.42   27.43    0.00    1.53    7.79    0.17
   7  745   27.71   21.48    0.00    0.93    6.05   -0.27
   3  745   27.72   22.00    0.00    1.58    5.95   -0.16
  31  745   27.99   21.62    0.00    2.01    5.55    0.25
  27  745  -99.00  -99.00    0.00    0.73    6.82    0.70
  17  745   27.41   21.18    0.00    0.46    4.91    0.29
  11  745   27.54   21.33    0.00    1.01    6.37   -0.03
  19  745   27.58   27.59    0.00   -0.31    5.57   -0.16
  21  745   27.51   21.74    0.00    0.12    6.23    0.00
  23  745   26.38   26.42    0.00    0.83    4.93    0.17
   5  815  -99.00  -99.00  -99.00  -99.00  -99.00  -99.00
   7  815  -99.00  -99.00  -99.00  -99.00  -99.00  -99.00
   3  815   27.70   21.91    0.00    1.97    6.52   -0.20
  31  815   27.84   21.52    0.00    2.23    5.76    0.25
  27  815  -99.00  -99.00    0.00    1.05    6.53    0.74
  17  815   27.33   21.11    0.00    1.19    4.99    0.23
  11  815   27.28   21.20    0.00    1.18    6.19   -0.05
  19  815   27.24   27.25    0.00    0.61    4.89   -0.11
  21  815   27.36   21.64    0.00    0.67    6.15    0.03
  23  815   25.88   25.92    0.00    0.95    4.30    0.11
   5  845   26.64   26.65    0.00    2.55    7.51    0.10
   7  845   27.02   21.24    0.00    1.07    5.92   -0.25
   3  845   27.21   21.74    0.00    2.58    6.22   -0.15
  31  845   27.42   21.41    0.00    2.51    5.65    0.31
  27  845  -99.00  -99.00    0.00    1.41    6.02    0.71
  17  845   26.85   20.99    0.00    1.73    4.29    0.20
  11  845   26.89   21.09    0.00    1.83    5.75   -0.03
  19  845   26.85   26.86    0.00    1.22    4.23   -0.07
  21  845   26.94   21.50    0.00    1.61    5.65    0.02
  23  845   25.67   25.71    0.00    1.37    3.99    0.10
   5  915   26.25   26.25    0.00    2.79    7.19    0.08
   7  915   26.76   21.14    0.00    1.24    5.94   -0.19
   3  915   26.86   21.61    0.00    2.95    6.16   -0.21
  31  915   26.87   21.26    0.00    2.57    5.23    0.31
  27  915  -99.00  -99.00    0.00    1.45    6.07    0.65
  17  915   26.92   20.94    0.00    2.45    4.66    0.24
  11  915   26.47   20.96    0.00    2.10    5.42   -0.02
  19  915   26.76   26.77    0.00    1.93    3.89   -0.07
  21  915   26.69   21.39    0.00    2.13    5.44    0.07
  23  915   25.55   25.60    0.00    1.50    4.07    0.09
   5  945   26.31   26.31    0.00    2.97    6.48    0.09
   7  945   26.94   21.10    0.00    1.41    5.58   -0.14
   3  945   26.89   21.54    0.00    2.98    5.70   -0.17
  31  945   26.82   21.18    0.00    2.69    4.91    0.34
  27  945  -99.00  -99.00    0.00    1.69    5.71    0.71
  17  945   27.23   20.93    0.00    3.00    3.99    0.18
  11  945   26.41   20.87    0.00    2.03    4.55   -0.04
  19  945   27.70   27.71    0.00    2.95    4.69   -0.11
  21  945   27.22   21.41    0.00    2.89    5.67    0.05
  23  945   26.34   26.36    0.00    2.43    4.20    0.05
   5 1015   26.52   26.52    0.00    2.55    6.73    0.10
   7 1015   27.29   21.10    0.00    1.35    6.07   -0.21
   3 1015   27.20   21.54    0.00    2.62    5.77   -0.19
  31 1015   27.05   21.12    0.00    2.42    4.95    0.30
  27 1015  -99.00  -99.00    0.00    1.47    6.04    0.66
  17 1015   27.48   20.92    0.00    2.96    4.28    0.19
  11 1015   26.71   20.84    0.00    1.99    4.58   -0.05
  19 1015   27.99   28.00    0.00    3.02    4.77   -0.13
  21 1015   27.72   21.46    0.00    2.83    5.91    0.03
  23 1015   27.09   27.11    0.00    2.96    4.52    0.03
   5 1045   26.60   26.60    0.00    2.62    6.55    0.10
   7 1045   27.20   21.00    0.00    1.35    5.81   -0.16
   3 1045   27.16   21.45    0.00    2.49    5.45   -0.16
  31 1045   27.03   21.04    0.00    2.36    4.57    0.29
  27 1045  -99.00  -99.00    0.00    1.55    5.43    0.72
  17 1045   27.36   20.84    0.00    2.95    4.27    0.21
  11 1045   26.96   20.84    0.00    2.35    5.25   -0.05
  19 1045   27.50   27.51    0.00    2.47    4.73   -0.09
  21 1045   27.61   21.40    0.00    2.88    6.03    0.03
  23 1045   27.13   27.16    0.00    2.89    4.67    0.02
   5 1115   26.40   26.40    0.00    3.01    6.70    0.09
   7 1115   27.03   20.96    0.00    1.69    6.46   -0.17
   3 1115   27.13   21.44    0.00    3.19    6.10   -0.21
  31 1115   26.96   21.01    0.00    2.63    4.95    0.33
  27 1115  -99.00  -99.00    0.00    1.75    6.15    0.73
  17 1115   27.00   20.75    0.00    2.85    4.25    0.18
  11 1115   26.84   20.80    0.00    2.42    4.83    0.00
  19 1115   27.28   27.30    0.00    2.50    4.93   -0.10
  21 1115   27.03   21.27    0.00    2.30    6.19    0.00
  23 1115   27.04   27.07    0.00    3.17    5.05    0.06
   5 1145   26.20   26.20    0.00    2.75    6.44    0.08
   7 1145   26.70   20.95    0.00    1.17    5.85   -0.21
   3 1145   26.79   21.39    0.00    2.51    5.59   -0.17
  31 1145   26.98   21.08    0.00    2.65    5.10    0.33
  27 1145  -99.00  -99.00    0.00    2.04    5.95    0.84
  17 1145   26.66   20.71    0.00    2.15    4.68    0.24
  11 1145   26.62   20.80    0.00    2.35    5.11   -0.05
  19 1145   26.86   26.87    0.00    1.92    5.04   -0.11
  21 1145   27.03   21.29    0.00    2.13    6.41    0.04
  23 1145   26.99   27.02    0.00    2.86    4.94    0.07
   5 1215   26.27   26.25    0.00    2.61    6.13    0.08
   7 1215   26.65   21.03    0.00    1.06    5.47   -0.21
   3 1215   26.83   21.52    0.00    2.43    5.69   -0.14
  31 1215   27.01   21.21    0.00    2.59    5.15    0.34
  27 1215  -99.00  -99.00    0.00    1.99    6.09    0.78
  17 1215   26.72   20.86    0.00    1.80    4.27    0.21
  11 1215   26.79   20.95    0.00    2.31    4.95   -0.01
  19 1215   26.96   26.96    0.00    1.82    4.93   -0.11
  21 1215   27.30   21.47    0.00    1.99    6.09    0.05
  23 1215   27.08   27.09    0.00    2.39    4.71    0.07
   5 1245   26.96   26.92    0.00    2.61    6.39    0.10
   7 1245   27.17   21.29    0.00    1.17    5.31   -0.15
   3 1245   27.47   21.84    0.00    2.75    5.98   -0.19
  31 1245   27.59   21.48    0.00    2.76    5.59    0.37
  27 1245  -99.00  -99.00    0.00    1.91    6.28    0.81
  17 1245   27.50   21.22    0.00    2.00    4.02    0.21
  11 1245   27.39   21.28    0.00    2.18    4.61   -0.02
  19 1245   27.75   27.73    0.00    2.17    4.87   -0.13
  21 1245   28.05   21.81    0.00    2.54    6.09    0.03
  23 1245   27.86   27.85    0.00    2.23    4.47    0.07
   5 1315   28.21   28.15    0.00    3.26    6.95    0.07
   7 1315   28.33   21.65    0.00    2.13    6.34   -0.15
   3 1315   28.63   22.30    0.00    3.51    6.21   -0.25
  31 1315   28.70   21.91    0.00    3.07    5.39    0.41
  27 1315  -99.00  -99.00    0.00    1.93    6.05    0.85
  17 1315   28.66   21.56    0.00    3.05    4.75    0.22
  11 1315   28.77   21.72    0.00    2.87    4.89   -0.01
  19 1315   29.10   29.09    0.00    3.27    5.36   -0.14
  21 1315   29.17   22.18    0.00    3.27    5.72    0.03
  23 1315   29.20   29.19    0.00    3.22    4.65    0.03
   5 1345   29.45   29.39    0.00    3.87    5.97    0.01
   7 1345   29.56   22.06    0.00    2.74    4.88    0.09
   3 1345   29.87   22.83    0.00    4.33    5.13   -0.19
  31 1345   29.99   22.29    0.00    3.89    4.67    0.51
  27 1345  -99.00  -99.00    0.00    2.46    5.13    0.94
  17 1345   29.83   21.99    0.00    3.79    3.41    0.11
  11 1345   29.82   22.06    0.00    3.36    4.92   -0.01
  19 1345   30.13   30.11    0.00    3.68    4.99   -0.09
  21 1345   30.15   22.56    0.00    3.24    5.75    0.08
  23 1345   30.38   30.36    0.00    3.93    5.11    0.02
   5 1415   30.52   30.46    0.00    4.45    6.37   -0.01
   7 1415   30.61   22.36    0.00    3.21    4.97    0.15
   3 1415   31.06   24.90    0.00    4.95    4.87   -0.19
  31 1415   31.08   22.55    0.00    5.05    4.76    0.65
  27 1415  -99.00  -99.00    0.00    3.17    3.85    1.07
  17 1415   31.02   22.35    0.00    4.41    3.37    0.10
  11 1415   31.08   22.45    0.00    4.33    3.45    0.07
  19 1415   31.16   31.15    0.00    4.53    4.58   -0.06
  21 1415   31.44   23.03    0.00    3.97    4.37    0.07
  23 1415   31.37   31.35    0.00    4.97    4.21   -0.05
   5 1445   32.53   32.44    0.00    4.22    6.15    0.07
   7 1445   32.13   22.79    0.00    3.49    5.13    0.17
   3 1445   32.77   28.18    0.00    4.95    4.91   -0.19
  31 1445   32.64   23.03    0.00    4.63    4.87    0.63
  27 1445  -99.00  -99.00    0.00    3.85    4.47    1.27
  17 1445   32.10   22.61    0.00    5.23    3.43    0.07
  11 1445   32.40   22.78    0.00    4.33    4.04    0.04
  19 1445   32.32   32.31    0.00    5.03    4.36   -0.03
  21 1445   32.88   23.31    0.00    5.35    4.12    0.09
  23 1445   32.41   32.41    0.00    5.85    3.85   -0.11
   5 1515   31.60   31.58    0.00    4.47    5.43   -0.03
   7 1515   31.43   22.44    0.00    3.39    4.54    0.19
   3 1515   32.19   28.41    0.00    5.22    4.56   -0.21
  31 1515   32.62   22.81    0.00    4.96    4.53    0.63
  27 1515  -99.00  -99.00    0.00    3.59    4.85    1.25
  17 1515   31.30   22.34    0.00    4.56    3.13    0.03
  11 1515   32.15   22.66    0.00    4.00    3.55    0.04
  19 1515   31.39   31.39    0.00    4.13    3.86   -0.04
  21 1515   32.14   22.96    0.00    4.60    3.61    0.07
  23 1515   33.35   33.34    0.00    4.95    3.70   -0.07
   5 1545   32.57   32.51    0.00    5.05    4.81   -0.01
   7 1545   32.21   22.67    0.00    3.55    4.69    0.21
   3 1545   32.89   28.49    0.00    5.23    4.30   -0.18
  31 1545   32.46   22.84    0.00    4.57    4.69    0.59
  27 1545  -99.00  -99.00    0.00    3.34    4.11    1.08
  17 1545   32.63   22.68    0.00    4.75    3.39    0.04
  11 1545   32.52   22.83    0.00    4.18    3.66    0.07
  19 1545   32.96   32.94    0.00    4.85    3.63    0.01
  21 1545   33.16   23.31    0.00    5.08    3.94    0.07
  23 1545   32.96   32.96    0.00    5.37    3.58   -0.06
   5 1615   34.66   34.60    0.00    5.19    4.07   -0.07
   7 1615   34.14   22.81    0.00    4.31    4.54    0.27
   3 1615   35.12   31.43    0.00    5.89    4.21   -0.17
  31 1615   34.78   23.24    0.00    5.41    4.16    0.69
  27 1615  -99.00  -99.00    0.00    3.75    3.67    1.13
  17 1615   35.01   25.88    0.00    5.09    3.23    0.07
  11 1615   34.27   22.99    0.00    4.93    3.95    0.09
  19 1615   35.10   35.07    0.00    4.77    3.84   -0.05
  21 1615   34.92   23.60    0.00    5.63    3.52    0.07
  23 1615   34.24   34.23    0.00    5.69    3.49   -0.12
   5 1645   35.83   35.84    0.00    6.98    1.96   -0.16
   7 1645   35.58   23.04    0.00    4.91    3.34    0.47
   3 1645   36.56   33.50    0.00    6.73    2.16   -0.14
  31 1645   36.38   23.42    0.00    6.28    2.91    0.80
  27 1645  -99.00  -99.00    0.00    4.57    3.09    1.31
  17 1645   36.43   33.52    0.00    5.41    1.71    0.09
  11 1645   36.36   23.30    0.00    5.79    3.09    0.10
  19 1645   36.59   36.60    0.00    6.06    2.60    0.04
  21 1645   36.54   23.86    0.00    5.88    3.49    0.04
  23 1645   35.70   35.69    0.00    6.16    2.99   -0.19
   5 1715   36.36   36.37    0.00    6.61    2.19   -0.13
   7 1715   36.36   23.28    0.00    4.59    1.52    0.57
   3 1715   36.82   33.78    0.00    6.80   -0.05   -0.05
  31 1715   36.76   23.45    0.00    6.53    0.55    0.73
  27 1715  -99.00  -99.00    0.00    5.60   -1.01    1.41
  17 1715   36.78   34.34    0.00    5.78   -0.33   -0.03
  11 1715   36.69   23.29    0.00    6.20    1.31    0.11
  19 1715   37.45   37.51    0.00    5.31    0.77    0.11
  21 1715   37.57   24.04    0.00    5.69    3.03    0.04
  23 1715   37.23   37.23    0.00    6.49    2.75   -0.27
   5 1745   36.98   36.99    0.00    6.91    2.61   -0.14
   7 1745   37.15   23.20    0.00    4.25    1.39    0.59
   3 1745   37.54   34.41    0.00    7.03    1.43   -0.11
  31 1745   37.30   23.30    0.00    6.59    0.90    0.78
  27 1745  -99.00  -99.00    0.00    4.83    0.37    1.42
  17 1745   37.35   35.42    0.00    5.76    0.00   -0.03
  11 1745   37.49   23.47    0.00    5.49    0.07    0.15
  19 1745   37.19   37.28    0.00    5.75   -1.13    0.19
  21 1745   37.88   23.60    0.00    5.77    2.56    0.03
  23 1745   37.74   37.77    0.00    6.18    2.01   -0.22
   5 1815   37.63   37.66    0.00    6.59    2.05   -0.14
   7 1815   37.35   22.80    0.00    4.59    3.71    0.38
   3 1815   38.23   35.48    0.00    6.27    2.09   -0.11
  31 1815   37.89   23.18    0.00    5.81    2.69    0.71
  27 1815  -99.00  -99.00    0.00    4.82    0.42    1.31
  17 1815   37.88   36.44    0.00    5.76    1.13   -0.05
  11 1815   38.21   23.22    0.00    4.94    1.78    0.07
  19 1815   37.64   37.69    0.00    4.40    0.77    0.07
  21 1815   38.23   23.49    0.00    4.17    3.35    0.11
  23 1815   37.26   37.29    0.00    4.29    1.30   -0.13
   5 1845   36.48   36.51    0.00    5.08   -0.41   -0.13
   7 1845   36.82   22.90    0.00    3.78    0.27    0.61
   3 1845   37.20   34.38    0.00    5.19   -0.59    0.05
  31 1845  -99.00  -99.00    1.78    4.99   -0.63    0.61
  27 1845  -99.00  -99.00    0.00    4.41   -0.36    1.19
  17 1845   37.40   36.08    0.00    4.97   -0.05   -0.01
  11 1845   37.20   22.93    0.00    5.13    0.10    0.10
  19 1845   37.50   37.61    0.00    5.16   -1.55    0.23
  21 1845   37.74   23.75    0.00    5.60    1.10    0.11
  23 1845   36.80   36.84    0.00    4.05    0.49   -0.14
   5 1915   37.64   37.71    0.00    4.27   -0.85   -0.04
   7 1915   37.82   23.31    0.00    3.47   -0.46    0.67
   3 1915   38.18   34.86    0.00    4.31   -1.18    0.12
  31 1915   37.77   24.00    0.00    4.45   -1.35    0.53
  27 1915  -99.00  -99.00    0.00    4.22   -1.01    1.02
  17 1915   37.66   36.47    0.00    4.70   -1.22   -0.06
  11 1915   36.58   22.83    0.00    3.81   -0.31    0.13
  19 1915   37.37   37.42    0.00    5.21   -0.61    0.14
  21 1915   37.77   23.90    0.00    5.75   -1.60    0.15
  23 1915   36.57   36.58    0.00    4.94    0.49   -0.16
   5 1945   36.41   36.49    0.00    3.93   -2.69   -0.03
   7 1945   36.72   23.03    0.00    3.26   -2.73    0.87
   3 1945   37.03   33.87    0.00    4.20   -3.14    0.18
  31 1945   37.07   23.80    0.00    3.97   -3.03    0.52
  27 1945  -99.00  -99.00    0.00    4.35   -2.47    0.99
  17 1945  -99.00  -99.00  -99.00  -99.00  -99.00  -99.00
  11 1945   36.88   22.83    0.00    4.25   -1.31    0.20
  19 1945   37.09   37.15    0.00    4.99    0.08    0.09
  21 1945   37.99   23.79    0.00    4.93   -0.49    0.11
  23 1945   38.25   38.31    0.00    4.37    0.65   -0.15
   5 2015   33.12   33.19    0.00    1.77   -6.25    0.00
   7 2015   33.79   23.07    0.00    1.57   -6.69    0.96
   3 2015   33.54   29.29    0.00    1.58   -6.02    0.40
  31 2015   33.94   23.57    0.00    2.68   -5.62    0.37
  27 2015  -99.00  -99.00    0.00    2.83   -6.63    0.36
  17 2015  -99.00  -99.00    5.08    2.97   -5.87   -0.19
  11 2015   33.86   22.96    0.00    2.85   -6.27    0.33
  19 2015   34.62   34.72    0.00    3.96   -5.87    0.43
  21 2015   35.94   23.79    0.00    4.81   -4.39    0.21
  23 2015   35.87   35.98    0.00    4.21   -3.59   -0.16
   5 2045   31.25   31.28    0.00    0.98   -5.54    0.04
   7 2045   31.78   22.71    0.00    0.90   -6.60    0.85
   3 2045   31.64   26.04    0.00    1.21   -5.89    0.35
  31 2045   31.97   23.13    0.00    2.42   -5.44    0.33
  27 2045  -99.00  -99.00    0.00    1.39   -5.52    0.06
  17 2045   31.80   22.35    5.08    1.07   -6.53   -0.24
  11 2045   31.73   22.55    0.00    2.03   -6.32    0.34
  19 2045   32.55   32.61    0.00    1.87   -5.89    0.37
  21 2045   32.95   23.56    0.00    2.54   -6.82    0.24
  23 2045   32.89   32.97    0.00    2.60   -6.41   -0.09
   5 2115   30.69   30.72    0.00    0.05   -6.01    0.05
   7 2115   31.20   22.88    0.00   -0.02   -6.30    0.71
   3 2115   31.10   24.93    0.00    0.06   -5.23    0.38
  31 2115  -99.00  -99.00  -99.00  -99.00  -99.00  -99.00
  27 2115  -99.00  -99.00    0.00    0.86   -4.70   -0.01
  17 2115   31.18   22.53    5.08   -0.05   -5.79   -0.13
  11 2115   31.03   22.69    0.00    0.56   -6.41    0.31
  19 2115   31.70   31.74    0.00    0.87   -5.36    0.31
  21 2115   31.64   23.25    0.00    1.29   -5.95    0.23
  23 2115   31.68   31.74    0.00    1.40   -6.07   -0.07
   5 2145   30.85   30.91    0.00   -0.02   -6.31    0.09
   7 2145   31.46   24.10    0.00   -0.17   -7.05    0.78
   3 2145   31.14   25.06    0.00   -0.33   -6.52    0.42
  31 2145   31.47   24.49    0.00    1.19   -5.56    0.21
  27 2145  -99.00  -99.00    0.00   -0.18   -4.55   -0.15
  17 2145   31.65   23.60    5.08    0.02   -6.57   -0.24
  11 2145   31.41   23.69    0.00   -0.55   -6.27    0.33
  19 2145   31.75   31.80    0.00    0.51   -4.77    0.31
  21 2145   31.94   23.92    0.00    1.23   -6.79    0.24
  23 2145   31.43   31.49    0.00    0.97   -6.13    0.00
   5 2215   28.73   28.80    0.00    0.25   -7.04    0.06
   7 2215   29.27   24.70    0.00    0.22   -7.55    0.91
   3 2215   29.32   25.03    0.00    0.21   -6.62    0.45
  31 2215   29.68   24.91    0.00    1.30   -7.10    0.23
  27 2215  -99.00  -99.00    0.00    0.46   -7.04   -0.18
  17 2215   29.15   24.35    5.33    1.89   -6.41   -0.18
  11 2215   29.72   24.49    0.00   -0.22   -7.65    0.35
  19 2215   29.95   30.08    0.00    2.48   -6.39    0.41
  21 2215   30.60   24.66    0.00    2.52   -7.65    0.29
  23 2215   30.66   30.79    0.00    1.39   -7.25   -0.07
   5 2245   26.28   26.42    0.00    0.19   -5.79    0.03
   7 2245   26.64   24.26    0.25   -0.27   -6.49    0.71
   3 2245   27.04   24.43    0.00   -0.19   -5.03    0.37
  31 2245   27.42   24.52    0.00    1.14   -4.54    0.19
  27 2245  -99.00  -99.00    0.00    1.03   -5.26   -0.05
  17 2245   26.00   23.96    5.84   -0.97   -5.71   -0.13
  11 2245   26.71   24.20    0.25    0.35   -6.40    0.25
  19 2245   26.55   26.63    2.03   -0.03   -4.73    0.27
  21 2245   27.29   24.84    0.76    1.52   -7.21    0.29
  23 2245   27.51   27.72    0.25    1.95   -6.75   -0.07
   5 2315   24.99   24.99    0.00   -2.13   -6.03    0.15
   7 2315   25.54   23.73    0.25   -1.83   -6.07    0.45
   3 2315   25.44   23.65    0.00   -2.43   -5.37    0.41
  31 2315   25.73   23.89    0.00   -1.11   -4.85   -0.01
  27 2315  -99.00  -99.00    0.00   -1.47   -4.91   -0.49
  17 2315   25.08   23.35    5.84   -1.85   -5.76   -0.13
  11 2315   25.34   23.69    0.51   -1.99   -6.39    0.25
  19 2315   25.52   25.54    2.54   -0.24   -4.85    0.25
  21 2315   25.52   24.16    1.78   -0.42   -7.53    0.28
  23 2315   25.43   25.52    1.78    0.04   -6.81    0.03
   5 2345   24.81   24.80    0.00   -2.55   -6.27    0.19
   7 2345   25.35   23.17    0.25   -1.79   -6.29    0.52
   3 2345   25.23   23.18    0.00   -2.27   -5.11    0.43
  31 2345   25.47   23.46    0.00   -0.19   -3.74    0.05
  27 2345  -99.00  -99.00    0.00   -1.13   -3.72   -0.38
  17 2345   24.93   22.98    5.84   -1.67   -5.61   -0.18
  11 2345   25.06   23.37    0.51   -1.73   -5.40    0.25
  19 2345   25.15   25.14    2.79   -0.45   -4.39    0.20
  21 2345   24.92   23.81    2.29   -0.33   -7.00    0.25
  23 2345   25.01   25.04    3.30   -0.71   -5.47    0.08
