   5   15   24.37   24.37    0.00   -2.80   -6.00    0.19
   7   15   24.91   22.87    0.25   -2.41   -6.41    0.41
   3   15   24.86   22.90    0.00   -3.10   -5.34    0.44
  31   15   25.10   23.13    0.00   -1.56   -4.40   -0.04
  27   15  -99.00  -99.00    0.00   -1.83   -4.11   -0.53
  17   15   24.56   22.52    5.84   -2.80   -6.26   -0.14
  11   15   24.59   22.79    0.51   -2.91   -6.66    0.29
  19   15   24.74   24.74    2.79   -0.85   -5.27    0.31
  21   15   24.63   23.33    2.29   -1.57   -6.71    0.24
  23   15   24.59   24.61    3.30   -1.73   -6.61    0.09
   5   45   23.76   23.79    1.27   -2.64   -6.04    0.18
   7   45   24.25   22.63    0.76   -2.33   -6.06    0.37
   3   45   24.22   22.64    1.78   -2.68   -4.92    0.40
  31   45   24.51   22.91    1.02   -1.57   -4.65   -0.06
  27   45  -99.00  -99.00    0.51   -1.36   -3.83   -0.47
  17   45   24.17   22.29    5.84   -2.57   -5.47   -0.11
  11   45   24.18   22.71    0.51   -1.94   -5.87    0.28
  19   45   24.60   24.60    2.79   -0.43   -4.39    0.23
  21   45   24.29   23.04    2.54   -0.67   -6.21    0.23
  23   45   24.20   24.24    3.30   -1.28   -5.87    0.07
   5  115   23.16   23.17    1.27   -2.25   -4.35    0.15
   7  115   23.54   22.46    0.76   -2.18   -4.39    0.20
   3  115   23.59   22.49    1.78   -2.23   -3.27    0.29
  31  115   23.95   22.80    1.02   -1.88   -3.11   -0.12
  27  115  -99.00  -99.00    0.51   -1.35   -2.18   -0.34
  17  115   23.68   22.11    5.84   -1.88   -3.81   -0.03
  11  115   23.73   22.48    0.51   -2.46   -4.83    0.19
  19  115   24.20   24.21    2.79   -0.92   -4.09    0.22
  21  115   24.06   22.95    2.79   -1.79   -5.87    0.20
  23  115   24.04   24.07    3.30   -1.93   -4.97    0.08
   5  145   23.20   23.19    1.27   -1.76   -3.96    0.11
   7  145   23.55   22.42    0.76   -1.69   -4.07    0.23
   3  145   23.51   22.46    1.78   -1.65   -2.92    0.23
  31  145   23.93   22.75    1.02   -0.66   -2.80   -0.01
  27  145  -99.00  -99.00    0.51   -0.83   -1.98   -0.23
  17  145   23.72   22.09    5.84   -1.37   -2.84   -0.05
  11  145   23.63   22.49    0.51   -1.26   -3.94    0.15
  19  145   24.05   24.06    2.79   -0.75   -3.19    0.17
  21  145   23.89   22.81    2.79   -0.99   -3.65    0.15
  23  145   23.83   23.84    3.30   -1.50   -3.85    0.09
   5  215   23.14   23.11    1.27   -3.03   -2.85    0.17
   7  215   23.90   22.30    0.76   -2.45   -3.21   -0.03
   3  215   23.74   22.35    1.78   -3.38   -2.29    0.23
  31  215   24.01   22.68    1.02   -2.13   -1.79   -0.13
  27  215  -99.00  -99.00    0.51   -1.09   -0.85   -0.22
  17  215   23.76   21.98    5.84   -3.37   -1.59    0.07
  11  215   23.65   22.47    0.51   -2.47   -2.10    0.07
  19  215   24.08   24.08    2.79   -2.69   -1.95    0.09
  21  215   23.80   22.79    2.79   -2.25   -2.03    0.09
  23  215   23.70   23.71    3.30   -1.61   -1.75    0.11
   5  245   23.12   23.13    1.27   -3.29   -3.10    0.20
   7  245   23.87   22.22    0.76   -2.47   -3.28    0.00
   3  245   23.67   22.27    1.78   -4.32   -1.99    0.27
  31  245   23.82   22.57    1.02   -2.43   -1.45   -0.17
  27  245  -99.00  -99.00    0.51   -1.09   -0.98   -0.21
  17  245   23.78   21.92    5.84   -3.52   -1.64    0.08
  11  245   23.73   22.41    0.51   -2.81   -1.95    0.06
  19  245   24.05   24.07    2.79   -1.98   -0.38    0.01
  21  245   23.85   22.73    2.79   -3.13   -1.05    0.08
  23  245   23.79   23.81    3.30   -2.21   -0.73    0.14
   5  315   22.97   22.95    1.27   -1.93   -2.67    0.13
   7  315   23.45   22.27    1.02   -1.47   -2.07    0.00
   3  315   23.41   22.29    1.78   -2.45   -1.76    0.20
  31  315   23.66   22.58    1.02   -2.36   -1.67   -0.16
  27  315  -99.00  -99.00    0.51   -0.82   -0.84   -0.15
  17  315   23.40   21.98    6.60   -1.76   -1.13    0.05
  11  315   23.49   22.35    1.78   -2.64   -2.42    0.09
  19  315   23.97   24.00    4.32   -1.03   -1.39    0.08
  21  315   23.80   22.76    3.81   -1.89   -1.33    0.07
  23  315   23.82   23.84    3.30   -1.61   -1.71    0.11
   5  345   22.57   22.65    1.78   -0.91   -1.82    0.08
   7  345   22.97   22.24    2.03   -0.75   -2.07    0.14
   3  345   23.14   22.31    2.54   -1.01   -1.44    0.14
  31  345   23.47   22.64    1.52   -0.55   -1.13   -0.01
  27  345  -99.00  -99.00    0.76   -0.28   -0.61   -0.06
  17  345   22.88   21.95    7.11   -0.33   -1.69   -0.04
  11  345   23.09   22.31    2.29   -1.26   -2.33    0.11
  19  345   23.37   23.43    4.83   -0.24   -1.39    0.09
  21  345   23.37   22.64    4.83   -1.02   -2.05    0.09
  23  345   23.35   23.40    5.84   -0.40   -1.57    0.03
   5  415   22.45   22.44    2.79   -0.98   -3.65    0.07
   7  415   22.88   22.28    4.32   -0.78   -3.71    0.31
   3  415   22.89   22.31    3.81   -0.77   -3.02    0.21
  31  415   23.23   22.61    2.29   -0.30   -2.68    0.04
  27  415  -99.00  -99.00    1.27   -0.53   -2.78   -0.17
  17  415   22.67   22.04    8.64   -0.21   -2.57   -0.07
  11  415   22.85   22.36    3.30   -0.49   -3.12    0.16
  19  415   22.96   23.05    6.86    0.55   -2.05    0.14
  21  415   23.06   22.57    6.35    0.73   -2.65    0.11
  23  415   23.02   23.12    6.60    0.29   -2.89    0.00
   5  445   22.11   22.13    2.79   -0.47   -3.01    0.06
   7  445   22.59   22.16    4.57   -0.48   -3.06    0.28
   3  445   22.54   21.98    3.81   -1.03   -2.77    0.21
  31  445   22.81   22.12    2.29   -0.73   -3.06    0.01
  27  445  -99.00  -99.00    1.52   -0.60   -2.64   -0.25
  17  445   22.40   21.81    8.64    0.13   -2.38   -0.05
  11  445   22.54   21.97    3.56   -0.59   -3.86    0.16
  19  445   22.88   22.88    7.62    0.48   -1.85    0.13
  21  445   22.92   22.54    7.62    0.92   -2.98    0.13
  23  445   22.75   22.78    7.37   -0.09   -3.99    0.03
   5  515   21.73   21.74    4.06   -0.87   -1.43    0.07
   7  515   22.23   21.90    5.59   -0.71   -1.71    0.09
   3  515   22.27   21.75    5.08   -0.62   -0.59    0.04
  31  515   22.57   21.93    3.30   -0.35   -0.82   -0.01
  27  515  -99.00  -99.00    1.78   -0.12   -0.38   -0.01
  17  515   22.06   21.46    9.91   -0.87   -2.05   -0.02
  11  515   22.26   21.69    4.06   -0.80   -2.50    0.11
  19  515   22.64   22.69    8.38   -0.50   -1.79    0.10
  21  515   22.62   22.25    8.38   -0.17   -2.91    0.12
  23  515   22.46   22.49    7.87   -0.03   -2.88    0.01
   5  545   21.42   21.42    5.08   -1.56   -3.41    0.11
   7  545   21.93   21.60    6.10   -1.01   -3.41    0.26
   3  545   21.96   21.56    5.84   -1.61   -2.83    0.25
  31  545   22.34   21.84    4.06   -0.43   -2.23    0.01
  27  545  -99.00  -99.00    2.79   -0.11   -1.75   -0.08
  17  545   21.87   21.24   10.16   -1.13   -2.93   -0.05
  11  545   22.02   21.54    4.57   -1.58   -3.38    0.15
  19  545   22.36   22.29    8.64   -0.61   -2.29    0.11
  21  545   22.41   21.93    8.89   -1.15   -2.95    0.10
  23  545   22.18   22.19    8.64   -1.03   -3.17    0.06
   5  615   21.20   21.26    5.08    0.55   -0.78    0.01
   7  615   21.85   21.41    6.10    0.41   -1.96    0.29
   3  615   21.72   21.38    5.84    0.41   -0.82    0.06
  31  615   22.04   21.48    4.32    0.39   -1.45    0.04
  27  615  -99.00  -99.00    2.79    0.29   -1.26    0.04
  17  615   21.60   21.19   10.16    0.53   -1.83   -0.07
  11  615   21.87   21.33    4.57    0.53   -2.49    0.12
  19  615   22.14   22.10    8.64    0.91   -1.52    0.10
  21  615   22.22   21.66    8.89    0.63   -2.16    0.08
  23  615   22.05   22.08    8.89    0.53   -2.39   -0.04
   5  645   21.09   21.11    5.08    0.33   -1.04    0.01
   7  645   21.62   21.29    6.10   -0.28   -1.98    0.18
   3  645   21.51   21.32    5.84    0.10   -0.61    0.02
  31  645   21.82   21.49    4.32    0.79   -0.70    0.03
  27  645  -99.00  -99.00    2.79    0.41   -0.27    0.07
  17  645   21.58   21.09   10.16   -0.35   -2.41   -0.05
  11  645   21.67   21.21    4.83   -0.19   -2.37    0.09
  19  645   21.85   21.96    8.64   -0.01   -1.39    0.09
  21  645   21.96   21.54    9.14   -0.30   -2.29    0.09
  23  645   21.93   21.93    8.89    0.85   -2.73   -0.05
   5  715   21.16   21.13    5.08   -0.13   -2.59    0.05
   7  715   21.62   21.41    6.10   -0.34   -2.83    0.23
   3  715   21.60   21.37    5.84   -0.54   -1.90    0.15
  31  715   22.04   21.74    4.32    0.83   -2.17    0.09
  27  715  -99.00  -99.00    2.79    0.06   -2.06   -0.10
  17  715   21.53   20.98   10.16    0.08   -2.41   -0.07
  11  715   21.77   21.23    4.83    0.33   -3.37    0.14
  19  715   21.94   21.95    8.64    0.52   -1.55    0.10
  21  715   21.90   21.40    9.14    0.69   -2.47    0.09
  23  715   21.78   21.81    8.89   -0.04   -3.07    0.01
   5  745   21.21   21.14    5.08   -1.13   -2.69    0.09
   7  745   21.61   21.16    6.10   -1.00   -2.95    0.21
   3  745   21.70   21.19    5.84   -1.30   -2.43    0.21
  31  745   22.04   21.25    4.32   -0.35   -2.45    0.00
  27  745  -99.00  -99.00  -99.00  -99.00  -99.00  -99.00
  17  745   21.57   20.76   10.16   -0.79   -2.43   -0.06
  11  745   21.83   21.01    4.83   -0.93   -3.43    0.09
  19  745   21.89   21.81    8.64    0.09   -0.56    0.05
  21  745   21.90   21.42    9.14    0.58   -1.55    0.07
  23  745   21.83   21.78    8.89   -0.16   -2.95    0.01
   5  815   21.25   21.19    5.08    0.01   -2.06    0.01
   7  815   21.67   21.00    6.10    0.05   -1.65    0.19
   3  815   21.60   20.90    5.84    0.09   -1.39    0.09
  31  815   21.83   21.09    4.32    0.20   -1.49    0.01
  27  815  -99.00  -99.00  -99.00  -99.00  -99.00  -99.00
  17  815   21.39   20.88   10.16    1.19   -0.32   -0.03
  11  815   21.60   20.86    4.83    0.09   -2.01    0.05
  19  815   21.95   21.83    8.64    1.95   -0.56    0.09
  21  815   22.03   21.43    9.14    1.09   -0.95    0.04
  23  815   21.81   21.76    8.89    0.54   -1.91   -0.03
   5  845   21.20   21.22    5.08    0.84   -1.19   -0.01
   7  845   21.82   20.99    6.10    0.53   -1.32    0.24
   3  845   21.66   20.99    5.84    0.39   -0.65    0.03
  31  845   21.85   21.16    4.32    0.81   -0.76    0.03
  27  845  -99.00  -99.00    2.79    0.24   -0.19    0.06
  17  845   21.44   20.97   10.16    1.37   -0.47   -0.01
  11  845   21.61   21.00    4.83    0.81   -1.10    0.04
  19  845   22.06   22.03    8.64    1.09   -1.09    0.09
  21  845   21.95   21.46    9.14    1.32   -1.09    0.06
  23  845   21.80   21.77    8.89    1.25   -1.87   -0.07
   5  915   21.03   21.07    5.08    1.29   -0.59   -0.03
   7  915   21.81   20.94    6.10    1.48   -1.33    0.41
   3  915   21.59   21.17    5.84    1.11   -0.43    0.01
  31  915   21.79   21.21    4.32    1.15   -1.17    0.08
  27  915  -99.00  -99.00    2.79    0.62   -1.73    0.08
  17  915   21.40   20.89   10.16    1.73   -1.10   -0.07
  11  915   21.53   20.97    4.83    1.34   -1.67    0.07
  19  915   21.92   21.90    8.64    2.41   -1.33    0.14
  21  915   21.90   21.37    9.14    2.04   -1.16    0.06
  23  915   21.71   21.72    8.89    1.44   -2.19   -0.06
   5  945   20.95   20.93    5.08    1.26   -0.85   -0.04
   7  945   21.67   20.79    6.10    1.11   -1.17    0.32
   3  945   21.52   21.03    5.84    1.09   -0.66    0.02
  31  945   21.77   21.18    4.32    1.13   -0.58    0.09
  27  945  -99.00  -99.00    2.79    0.50   -0.79    0.11
  17  945   21.27   20.71   10.16    1.23   -0.93   -0.04
  11  945   21.52   21.00    4.83    0.96   -1.05    0.05
  19  945   21.73   21.76    8.64    1.30   -0.86    0.10
  21  945   21.84   21.29    9.14    1.27   -0.26    0.02
  23  945   21.60   21.64    8.89    2.24   -1.23   -0.11
   5 1015   20.91   20.92    5.08    0.47   -1.34    0.00
   7 1015   21.38   21.01    6.10   -0.05   -1.69    0.15
   3 1015   21.37   21.04    5.84    0.00   -0.85    0.01
  31 1015   21.72   21.24    4.32    0.31   -1.28    0.02
  27 1015  -99.00  -99.00    2.79   -0.07   -1.52   -0.09
  17 1015   21.23   20.64   10.16    0.97   -1.47   -0.05
  11 1015   21.46   20.91    4.83    0.29   -1.63    0.07
  19 1015   21.66   21.68    8.64    0.27   -0.81    0.07
  21 1015   21.74   21.16    9.14    0.53   -1.40    0.05
  23 1015   21.57   21.57    8.89    0.39   -1.30   -0.03
   5 1045   20.92   20.90    5.08    0.54   -0.66    0.00
   7 1045   21.44   20.88    6.10    0.73   -1.39    0.26
   3 1045   21.44   21.06    5.84    0.41   -0.53    0.02
  31 1045   21.76   21.30    4.32    0.68   -1.23    0.05
  27 1045  -99.00  -99.00    2.79    0.40   -1.51    0.03
  17 1045   21.18   20.57   10.16    0.79   -1.18   -0.05
  11 1045   21.39   20.93    4.83    0.99   -1.31    0.06
  19 1045   21.55   21.55    8.64    1.07   -1.37    0.11
  21 1045   21.57   21.18    9.14    1.67   -1.69    0.09
  23 1045   21.62   21.63    8.89    1.17   -1.65   -0.07
   5 1115   20.93   20.94    5.08    0.27   -1.17    0.00
   7 1115   21.32   20.98    6.10    0.05   -1.89    0.23
   3 1115   21.40   21.10    5.84    0.12   -0.92    0.02
  31 1115   21.82   21.30    4.32    0.17   -1.54    0.02
  27 1115  -99.00  -99.00    2.79   -0.19   -1.21   -0.09
  17 1115   21.12   20.61   10.16    0.93   -1.11   -0.03
  11 1115   21.43   20.89    4.83   -0.33   -2.22    0.10
  19 1115   21.47   21.49    8.64    0.69   -1.11    0.10
  21 1115   21.51   21.11    9.14    0.87   -1.87    0.05
  23 1115   21.53   21.53    8.89    0.39   -2.29   -0.01
   5 1145   20.93   20.96    5.08    0.71   -0.49   -0.01
   7 1145   21.30   21.02    6.10    0.71   -0.95    0.23
   3 1145   21.52   21.26    5.84    0.48   -0.61    0.01
  31 1145   21.90   21.37    4.32    0.37   -1.31    0.03
  27 1145  -99.00  -99.00    2.79    0.08   -0.67    0.05
  17 1145   21.15   20.67   10.16    1.19   -0.57   -0.04
  11 1145   21.55   20.96    4.83    0.05   -1.53    0.08
  19 1145   21.53   21.52    8.64    1.26   -0.81    0.09
  21 1145   21.64   21.22    9.14    0.97   -0.75    0.04
  23 1145   21.51   21.51    8.89    0.45   -1.73   -0.02
   5 1215   20.81   20.80    5.08    1.57   -0.67   -0.05
   7 1215   21.44   20.92    6.10    1.49   -1.23    0.39
   3 1215   21.38   21.14    5.84    1.61   -0.53    0.03
  31 1215   21.85   21.47    4.32    1.79   -0.79    0.18
  27 1215  -99.00  -99.00    2.79    0.56   -1.07    0.08
  17 1215   21.07   20.61   10.16    1.58   -1.53   -0.07
  11 1215   21.43   21.09    4.83    1.66   -1.23    0.09
  19 1215   21.58   21.57    8.64    1.80   -1.33    0.13
  21 1215   21.59   21.25    9.14    1.68   -1.43    0.08
  23 1215   21.68   21.68    8.89    0.88   -1.83   -0.03
   5 1245   20.86   20.85    5.08    1.06   -1.17   -0.01
   7 1245   21.38   20.97    6.10    0.59   -1.87    0.32
   3 1245   21.37   21.10    5.84    0.75   -1.05    0.05
  31 1245   21.74   21.41    4.32    1.21   -1.17    0.13
  27 1245  -99.00  -99.00    2.79    0.43   -1.72    0.04
  17 1245   21.13   20.62   10.16    1.07   -1.79   -0.07
  11 1245   21.37   21.00    4.83    0.99   -2.00    0.11
  19 1245   21.51   21.51    8.64    0.83   -1.74    0.11
  21 1245   21.48   21.13    9.14    1.30   -2.18    0.09
  23 1245   21.75   21.79    8.89    1.00   -1.99   -0.03
   5 1315   21.03   20.99    5.84    0.41   -2.54    0.01
   7 1315   21.44   21.06    6.10    0.66   -2.51    0.35
   3 1315   21.51   21.20    5.84    0.29   -1.83    0.12
  31 1315   21.80   21.46    4.32    1.18   -2.01    0.13
  27 1315  -99.00  -99.00    3.05    0.55   -1.69    0.07
  17 1315   21.28   20.76   10.16    1.25   -2.04   -0.07
  11 1315   21.45   21.07    4.83    1.10   -3.10    0.15
  19 1315   21.48   21.50    8.64    1.50   -2.63    0.18
  21 1315   21.61   21.29    9.14    1.28   -2.33    0.11
  23 1315   21.77   21.80    8.89    1.11   -2.84   -0.07
   5 1345   20.90   20.90    9.91   -0.83   -2.75    0.09
   7 1345   21.50   21.14   10.16   -0.62   -3.51    0.31
   3 1345   21.49   21.09   13.21   -1.31   -3.21    0.26
  31 1345   21.73   21.29    9.14   -0.40   -2.79    0.01
  27 1345  -99.00  -99.00    4.32    0.21   -2.24   -0.01
  17 1345   21.59   21.00   10.16    0.71   -2.71   -0.09
  11 1345   21.69   21.29    5.08   -0.19   -3.86    0.19
  19 1345   21.80   21.82    8.64    0.98   -2.35    0.17
  21 1345   21.85   21.49    9.14    1.19   -3.05    0.13
  23 1345   21.84   21.85    8.89    0.39   -3.54   -0.01
   5 1415   20.73   20.72   26.42   -0.83   -2.39    0.05
   7 1415   21.23   20.91   36.07   -0.81   -4.73    0.41
   3 1415   21.24   20.93   29.97   -0.32   -2.83    0.20
  31 1415   21.53   21.13   22.61    0.11   -2.40    0.06
  27 1415  -99.00  -99.00    7.87    0.15   -2.29   -0.05
  17 1415   21.38   20.86   13.46    0.75   -3.58   -0.09
  11 1415   21.36   21.16   11.94   -0.63   -4.85    0.21
  19 1415   21.84   21.85    9.91    1.41   -2.97    0.19
  21 1415   22.03   21.54    9.14    1.08   -3.96    0.13
  23 1415   21.95   21.94    8.89    0.23   -3.63   -0.01
   5 1445   20.56   20.58   43.43    0.01   -1.98    0.01
   7 1445   21.04   20.80   49.53   -0.31   -4.17    0.43
   3 1445   21.21   20.69   49.28   -0.59   -2.49    0.15
  31 1445   21.21   20.86   32.77    0.02   -2.78    0.04
  27 1445  -99.00  -99.00   13.21   -0.69   -2.38   -0.19
  17 1445   20.97   20.57   20.57   -0.01   -3.90   -0.09
  11 1445   21.09   20.95   14.99   -0.16   -4.71    0.25
  19 1445   21.41   21.49   11.18    0.79   -3.31    0.21
  21 1445   21.67   21.31    9.65    0.99   -4.61    0.17
  23 1445   21.46   21.56   10.41    0.21   -4.51   -0.01
   5 1515   20.20   20.17   51.82   -1.02   -2.94    0.06
   7 1515   20.67   20.37   61.21   -1.06   -3.79    0.27
   3 1515   20.83   20.49   54.10   -0.89   -2.44    0.19
  31 1515   21.09   20.78   37.34    0.49   -2.25    0.10
  27 1515  -99.00  -99.00   14.73   -0.30   -2.31   -0.11
  17 1515   20.38   20.04   39.62   -1.70   -4.27   -0.12
  11 1515   20.73   20.67   22.10   -0.06   -4.73    0.23
  19 1515   21.23   21.30   13.97    0.09   -4.20    0.25
  21 1515   21.57   21.17   10.41    0.26   -5.65    0.21
  23 1515   21.39   21.43   11.18    0.61   -4.47   -0.04
   5 1545   21.73   21.64   52.07   -1.87   -2.48    0.09
   7 1545   22.13   21.32   61.21   -1.87   -3.22    0.07
   3 1545   22.26   21.46   54.36   -2.24   -2.42    0.24
  31 1545   22.44   21.54   37.85   -1.15   -2.58   -0.03
  27 1545  -99.00  -99.00   14.73   -0.20   -1.77   -0.08
  17 1545   21.56   20.56   40.64   -2.79   -2.97   -0.01
  11 1545   21.88   21.66   22.61   -2.21   -3.89    0.16
  19 1545   22.15   21.96   14.73   -2.08   -3.47    0.20
  21 1545   21.66   21.19   10.92   -1.83   -5.03    0.20
  23 1545   21.61   21.47   11.43   -1.45   -4.65    0.09
   5 1615   22.61   22.52   52.07   -2.37   -3.66    0.13
   7 1615   23.14   21.48   61.21   -2.40   -4.67    0.20
   3 1615   23.22   21.45   54.36   -2.99   -4.00    0.37
  31 1615   23.60   21.75   37.85   -2.03   -3.15   -0.11
  27 1615  -99.00  -99.00    0.00   23.39   -3.11  -13.40
  17 1615   22.83   21.11   40.64   -2.57   -3.50   -0.01
  11 1615   23.15   23.07   22.61   -2.53   -4.54    0.21
  19 1615   23.37   23.23   14.73   -2.02   -3.80    0.26
  21 1615   22.92   21.48   10.92   -2.14   -4.75    0.21
  23 1615   23.65   23.47   11.43   -2.69   -5.12    0.19
   5 1645   23.97   23.87   52.07   -2.78   -3.87    0.15
   7 1645   24.19   21.58   61.21   -2.69   -4.68    0.18
   3 1645   24.42   21.78   54.36   -3.07   -3.85    0.30
  31 1645   24.65   21.74   37.85   -2.41   -3.15   -0.19
  27 1645  -99.00  -99.00  -99.00  -99.00  -99.00  -99.00
  17 1645   23.87   21.18   40.64   -2.75   -3.84   -0.07
  11 1645   23.90   23.89   22.61   -3.00   -4.28    0.18
  19 1645   23.99   23.99   14.73   -2.35   -3.95    0.22
  21 1645   24.17   21.74   10.92   -2.75   -5.32    0.17
  23 1645   24.18   24.17   11.43   -2.62   -4.85    0.17
   5 1715   25.74   25.66   52.07   -3.25   -4.59    0.19
   7 1715   25.89   21.06   61.47   -2.69   -5.73    0.29
   3 1715   25.98   21.24   54.36   -3.67   -4.77    0.41
  31 1715   26.36   21.37   37.85   -2.88   -4.08   -0.23
  27 1715   26.09   21.75    0.00   -1.17   -3.58   -0.39
  17 1715   26.10   21.36   40.64   -3.12   -3.59    0.04
  11 1715   25.04   25.00   22.61   -2.00   -4.73    0.21
  19 1715   25.47   25.43   14.73   -1.83   -3.83    0.21
  21 1715   25.24   21.72   10.92   -2.31   -4.84    0.20
  23 1715   25.21   25.21   11.43   -2.20   -4.80    0.14
   5 1745   27.01   26.96   52.07   -4.17   -4.85    0.26
   7 1745   27.29   20.42   61.47   -3.65   -5.79    0.11
   3 1745   27.21   20.81   54.36   -3.54   -5.29    0.49
  31 1745   27.73   20.87   37.85   -3.31   -4.40   -0.25
  27 1745   27.33   21.06    0.00   -1.58   -4.45   -0.52
  17 1745   27.32   20.46   40.64   -3.48   -4.40   -0.01
  11 1745   26.58   26.58   22.61   -2.36   -6.05    0.23
  19 1745   26.80   26.81   14.73   -2.23   -4.73    0.30
  21 1745   26.78   21.99   10.92   -1.21   -4.82    0.20
  23 1745   26.74   26.78   11.43   -1.56   -4.44    0.13
   5 1815   28.10   28.07   52.07   -4.20   -5.20    0.29
   7 1815   28.43   20.18   61.47   -3.27   -5.77    0.17
   3 1815   28.29   20.64   54.36   -3.99   -4.47    0.46
  31 1815   28.91   20.69   37.85   -3.01   -4.27   -0.24
  27 1815   28.42   20.67    0.00   -2.11   -3.67   -0.55
  17 1815   28.57   20.02   40.64   -4.05   -4.13    0.04
  11 1815   27.86   27.89    0.00   -3.06   -5.19    0.22
  19 1815   27.98   27.99   14.73   -2.51   -4.27    0.23
  21 1815   28.12   21.40   10.92   -2.86   -4.71    0.21
  23 1815   28.13   28.09   11.43   -3.51   -4.85    0.25
   5 1845   28.74   28.73   52.07   -4.48   -5.06    0.29
   7 1845   28.97   19.39    0.00   -3.66   -5.75    0.09
   3 1845   28.81   19.95   54.36   -4.21   -4.83    0.48
  31 1845   29.68   20.12   37.85   -3.18   -4.37   -0.21
  27 1845   28.94   20.14    0.00   -1.99   -4.02   -0.53
  17 1845   29.13   19.37   40.64   -4.96   -3.72    0.08
  11 1845   28.53   28.57    0.00   -3.33   -5.07    0.23
  19 1845   28.70   28.70   14.73   -3.93   -3.67    0.19
  21 1845   28.88   20.75   10.92   -3.22   -4.65    0.21
  23 1845  -99.00  -99.00  -99.00  -99.00  -99.00  -99.00
   5 1915   28.97   28.97   52.07   -4.52   -4.80    0.24
   7 1915   29.48   19.03    0.00   -3.07   -5.60    0.22
   3 1915   29.16   19.62   54.36   -4.27   -4.63    0.46
  31 1915   29.88   19.41   37.85   -4.27   -3.77   -0.37
  27 1915   29.70   19.94    0.00   -1.74   -2.48   -0.37
  17 1915   29.38   18.77   40.64   -4.33   -4.04    0.03
  11 1915   28.99   29.04    0.00   -2.61   -5.25    0.24
  19 1915   29.26   29.28   14.73   -3.71   -3.18    0.21
  21 1915   29.22   20.23   10.92   -2.90   -5.21    0.23
  23 1915  -99.00  -99.00  -99.00  -99.00  -99.00  -99.00
   5 1945   29.27   29.27   52.07   -4.12   -4.69    0.26
   7 1945   29.81   18.89    0.00   -3.56   -3.89   -0.09
   3 1945   29.30   19.60    0.00   -4.98   -3.80    0.41
  31 1945   30.22   19.33   37.85   -3.42   -3.35   -0.25
  27 1945   30.08   19.74    0.00   -1.66   -1.79   -0.40
  17 1945   29.45   18.51   40.64   -4.53   -3.51    0.05
  11 1945   29.13   29.16    0.00   -3.94   -3.53    0.13
  19 1945   29.44   29.46   14.73   -3.22   -3.46    0.20
  21 1945   29.47   19.58   10.92   -3.07   -4.89    0.17
  23 1945  -99.00  -99.00  -99.00  -99.00  -99.00  -99.00
   5 2015   29.42   29.43   52.07   -4.09   -4.28    0.25
   7 2015   29.93   18.71    0.00   -3.43   -3.79   -0.13
   3 2015   29.49   20.83    0.00   -4.51   -3.22    0.34
  31 2015   30.27   19.14   37.85   -3.51   -2.87   -0.29
  27 2015   30.00   19.31    0.00   -2.03   -2.76   -0.53
  17 2015   29.58   18.32   40.64   -4.27   -3.24    0.04
  11 2015   29.38   29.42    0.00   -3.63   -3.84    0.18
  19 2015   29.60   29.62   14.73   -3.35   -3.01    0.12
  21 2015   29.68   19.41   10.92   -2.78   -4.09    0.15
  23 2015  -99.00  -99.00  -99.00  -99.00  -99.00  -99.00
   5 2045   29.45   29.46   52.07   -3.63   -3.68    0.21
   7 2045   29.95   18.78    0.00   -2.83   -4.92    0.13
   3 2045   29.51   21.34    0.00   -3.37   -4.12    0.37
  31 2045   30.26   19.26   37.85   -2.35   -3.55   -0.19
  27 2045   30.26   19.68    0.00   -1.80   -2.33   -0.43
  17 2045   29.77   18.46   40.64   -3.44   -2.73    0.07
  11 2045   29.38   29.45    0.00   -2.57   -3.92    0.17
  19 2045   29.63   29.67   14.73   -2.71   -3.54    0.20
  21 2045   29.74   19.13   10.92   -2.75   -4.18    0.13
  23 2045  -99.00  -99.00  -99.00  -99.00  -99.00  -99.00
   5 2115   29.40   29.42   52.07   -2.91   -3.47    0.19
   7 2115   30.06   18.87    0.00   -2.48   -3.87    0.08
   3 2115   29.60   21.69    0.00   -3.47   -3.15    0.35
  31 2115   30.45   19.51   37.85   -2.25   -3.21   -0.13
  27 2115   30.36   19.80    0.00   -1.67   -1.90   -0.43
  17 2115   29.71   18.49   40.64   -2.97   -3.57   -0.02
  11 2115   22.98   23.21    0.00    1.69    5.54    1.79
  19 2115   29.75   29.79   14.73   -2.44   -2.67    0.15
  21 2115   29.93   19.33   10.92   -2.53   -3.74    0.17
  23 2115   29.62   18.86    0.00   -2.79   -3.61    0.21
   5 2145   29.19   29.21   52.07   -3.10   -3.76    0.17
   7 2145   29.99   19.03    0.00   -2.25   -4.26    0.14
   3 2145   29.49   21.81    0.00   -2.83   -3.55    0.35
  31 2145   30.30   19.66   37.85   -1.86   -3.39   -0.11
  27 2145   30.59   20.27    0.00   -1.46   -1.10   -0.31
  17 2145   29.49   18.44   40.64   -2.87   -2.94   -0.02
  11 2145  -99.00  -99.00  -99.00  -99.00  -99.00  -99.00
  19 2145   29.50   29.54   14.73   -2.25   -2.69    0.16
  21 2145   29.57   19.25   10.92   -2.46   -3.83    0.12
  23 2145   29.27   18.76    0.00   -2.79   -3.65    0.18
   5 2215   29.12   29.13   52.07   -2.60   -3.04    0.19
   7 2215   29.77   19.26    0.00   -2.16   -4.30    0.19
   3 2215   29.26   21.88    0.00   -2.89   -3.28    0.32
  31 2215   29.97   19.79   37.85   -1.87   -3.76   -0.13
  27 2215   30.12   20.33    0.00   -1.29   -2.09   -0.33
  17 2215   29.34   18.78   40.64   -2.30   -3.65   -0.03
  11 2215   28.97   19.01    0.00   -2.77   -2.42    0.05
  19 2215   29.31   29.34   14.73   -3.25   -1.58    0.08
  21 2215   29.48   19.47   10.92   -2.69   -3.49    0.14
  23 2215   29.19   19.04    0.00   -2.67   -3.78    0.16
   5 2245   28.72   28.74   52.07   -3.05   -2.99    0.20
   7 2245   29.37   19.18    0.00   -2.40   -3.41    0.01
   3 2245   28.96   21.76    0.00   -2.65   -3.01    0.31
  31 2245   29.59   19.73   37.85   -2.10   -3.03   -0.16
  27 2245   29.91   20.36    0.00   -1.25   -1.45   -0.25
  17 2245   28.80   18.80   40.64   -2.73   -2.88    0.01
  11 2245   28.50   19.11    0.00   -2.94   -2.46    0.09
  19 2245   28.51   28.53   14.73   -3.05   -1.23    0.08
  21 2245   28.74   19.45   10.92   -2.40   -3.20    0.11
  23 2245   28.68   19.04    0.00   -3.19   -2.42    0.25
   5 2315   28.39   28.41   52.07   -2.81   -3.59    0.17
   7 2315   29.18   19.39    0.00   -1.92   -3.63    0.15
   3 2315   28.66   21.60    0.00   -2.81   -3.16    0.33
  31 2315   29.28   19.94   37.85   -2.19   -2.77   -0.13
  27 2315   29.52   20.42    0.00   -1.31   -2.04   -0.33
  17 2315   28.66   18.78   40.64   -3.05   -2.78   -0.01
  11 2315   28.43   19.22    0.00   -3.48   -2.18    0.08
  19 2315   28.31   28.33   14.73   -2.20   -1.39    0.08
  21 2315   28.36   19.61   10.92   -2.58   -2.18    0.08
  23 2315   28.13   19.09    0.00   -3.33   -2.02    0.25
   5 2345   27.56   27.56   52.07   -2.65   -3.38    0.17
   7 2345   28.38   19.42    0.00   -2.09   -3.69    0.09
   3 2345   27.87   20.73    0.00   -2.58   -3.05    0.30
  31 2345   28.45   19.69   37.85   -1.95   -2.90   -0.14
  27 2345   28.58   19.97    0.00   -1.17   -1.40   -0.25
  17 2345   27.93   19.00   40.64   -2.34   -2.53   -0.01
  11 2345   27.60   19.31    0.00   -1.77   -2.83    0.16
  19 2345   27.72   27.74   14.73   -2.48   -1.29    0.08
  21 2345   27.65   19.66   10.92   -2.15   -1.92    0.09
  23 2345   27.53   19.07    0.00   -3.16   -1.70    0.23
