   5   15   26.97   27.00   52.07   -2.54   -3.17    0.15
   7   15   27.90   19.30    0.00   -1.92   -3.06    0.07
   3   15   27.28   20.26    0.00   -2.29   -2.40    0.25
  31   15   27.85   19.54   37.85   -2.01   -2.29   -0.13
  27   15   28.25   20.17    0.00   -0.77   -1.19   -0.18
  17   15   27.67   18.90   40.64   -2.45   -2.39    0.03
  11   15   27.51   19.05    0.00   -2.17   -2.70    0.11
  19   15   27.70   27.74   14.73   -1.96   -2.20    0.13
  21   15   27.53   19.98   10.92   -2.61   -0.71    0.04
  23   15   27.55   19.50    0.00   -2.91   -1.27    0.23
   5   45   25.16   25.19   52.07   -1.93   -1.94    0.15
   7   45   26.66   18.88    0.00   -2.05   -2.34   -0.05
   3   45   25.76   19.49    0.00   -2.43   -1.62    0.18
  31   45   26.32   19.47   37.85   -1.29   -1.72   -0.08
  27   45   26.86   19.85    0.00   -0.84   -1.16   -0.16
  17   45   25.89   18.72   40.64   -1.93   -1.73    0.03
  11   45   25.82   19.12    0.00   -1.17   -1.95    0.07
  19   45   26.26   26.31   14.73   -1.67   -1.19    0.08
  21   45   26.10   19.75   10.92   -2.21   -0.21    0.03
  23   45   25.95   19.26    0.00   -2.44   -0.77    0.18
   5  115   23.95   24.00   52.07   -1.92   -1.66    0.17
   7  115   25.83   18.71    0.00   -1.67   -1.94   -0.02
   3  115   24.85   19.31    0.00   -2.17   -1.49    0.17
  31  115   25.18   19.44   37.85   -0.79   -1.42   -0.03
  27  115   26.08   20.08    0.00   -0.44   -0.27   -0.09
  17  115   25.20   18.35   40.64   -2.11   -2.01    0.01
  11  115   24.88   19.13    0.00   -1.16   -1.67    0.06
  19  115   25.21   25.24   14.73   -1.51   -1.11    0.06
  21  115   24.76   20.12   10.92   -0.98   -1.06    0.04
  23  115   24.66   19.40    0.00   -1.43   -0.79    0.09
   5  145   22.19   22.22   52.07   -1.29   -1.29    0.11
   7  145   24.84   18.33    0.00   -1.86   -1.87   -0.06
   3  145   23.78   18.72    0.00   -2.48   -1.19    0.15
  31  145   23.92   19.22   37.85   -0.89   -0.57   -0.02
  27  145   24.83   19.38    0.00   -0.39   -0.08   -0.07
  17  145   24.27   17.96   40.64   -2.04   -1.95    0.00
  11  145   23.62   18.94    0.00   -1.43   -1.12    0.03
  19  145   23.63   23.69   14.73   -1.49    0.17    0.00
  21  145   23.87   19.53   10.92   -1.35   -0.91    0.03
  23  145   23.28   18.90    0.00   -1.20   -1.29    0.07
   5  215   21.70   21.70   52.07   -2.74   -0.66    0.17
   7  215   23.80   18.08    0.00   -1.77   -1.09   -0.13
   3  215   24.03   18.71    0.00   -3.16   -0.51    0.12
  31  215   23.07   18.85   37.85   -0.64   -0.71    0.00
  27  215   24.09   19.20    0.00   -0.20   -0.11   -0.03
  17  215   23.02   17.84   40.64   -2.52   -1.48    0.04
  11  215   23.11   18.80    0.00   -1.29   -1.13    0.04
  19  215   23.19   23.23   14.73   -0.23    0.00    0.03
  21  215   23.19   19.33   10.92   -1.40   -0.99    0.03
  23  215   22.35   18.36    0.00   -1.40   -1.75    0.09
   5  245   21.44   21.46   52.07   -2.77   -1.09    0.15
   7  245   23.77   18.05    0.00   -1.78   -1.24   -0.11
   3  245   23.86   18.57    0.00   -3.14   -0.55    0.13
  31  245   22.75   18.66   37.85   -0.65   -0.83    0.00
  27  245   23.45   19.08    0.00   -0.07    0.01   -0.03
  17  245   23.05   17.82   40.64   -2.85   -1.57    0.05
  11  245   22.67   18.51    0.00   -1.90   -1.12    0.00
  19  245   22.62   22.67   14.73   -0.24   -0.08    0.02
  21  245   22.18   18.78   10.92   -1.55   -1.39    0.03
  23  245   22.34   18.02    0.00   -1.83   -1.77    0.11
   5  315   20.80   20.81   52.07   -2.83   -1.33    0.16
   7  315   23.03   17.97    0.00   -1.55   -1.40   -0.05
   3  315   23.05   18.22    0.00   -2.93   -0.87    0.12
  31  315   22.07   18.32   37.85   -0.85   -1.21   -0.01
  27  315   22.86   18.72    0.00   -0.16   -0.26   -0.04
  17  315   22.11   17.73   40.64   -2.64   -1.21    0.05
  11  315   21.95   18.19    0.00   -2.18   -1.09    0.00
  19  315   21.92   21.93   14.73   -0.49   -0.33    0.03
  21  315   21.34   18.23   10.92   -2.25   -0.89    0.04
  23  315   22.41   17.67    0.00   -2.35   -1.71    0.15
   5  345   20.40   20.39   52.07   -3.03   -1.74    0.19
   7  345   22.19   17.46    0.00   -1.30   -1.48   -0.05
   3  345   22.35   17.68    0.00   -3.02   -1.06    0.15
  31  345   21.25   17.82   37.85   -1.01   -1.17   -0.02
  27  345   22.30   18.50    0.00   -0.14   -0.08   -0.01
  17  345   21.66   17.48   40.64   -2.60   -1.05    0.08
  11  345   21.09   18.04    0.00   -1.86   -1.23    0.03
  19  345   21.24   21.26   14.73   -0.49   -0.19    0.01
  21  345   20.90   17.79   10.92   -2.54   -0.44    0.03
  23  345   21.77   17.58    0.00   -2.18   -1.62    0.15
   5  415   19.95   19.94   52.07   -2.90   -1.87    0.17
   7  415   21.95   17.24    0.00   -1.37   -1.72    0.01
   3  415   22.09   17.59    0.00   -3.41   -0.83    0.17
  31  415   20.23   17.57   37.85   -1.13   -1.00   -0.03
  27  415   21.33   18.16    0.00   -0.14   -0.28   -0.03
  17  415   21.55   17.13   40.64   -2.84   -1.44    0.07
  11  415   20.83   17.72    0.00   -2.34   -1.38    0.02
  19  415   20.51   20.59   14.73   -0.36    0.55   -0.02
  21  415   20.52   17.66   10.92   -2.63    0.34    0.03
  23  415   20.49   17.41    0.00   -1.63   -0.35    0.11
   5  445   19.38   19.40   52.07   -2.67   -1.41    0.17
   7  445   21.56   17.33    0.00   -1.77   -1.79   -0.03
   3  445   21.29   17.48    0.00   -3.39   -0.43    0.15
  31  445   19.74   17.42   37.85   -1.35   -0.81   -0.04
  27  445   21.02   17.76    0.00   -0.39   -0.26   -0.07
  17  445   20.93   17.11   40.64   -2.97   -1.08    0.09
  11  445   20.40   17.44    0.00   -2.46   -1.33    0.03
  19  445   19.76   19.80   14.73   -0.25    1.11   -0.05
  21  445   20.14   17.47   10.92   -2.53    0.08    0.01
  23  445   19.73   17.23    0.00   -1.09    0.07    0.06
   5  515   18.61   18.66   52.07   -2.45   -0.59    0.12
   7  515   21.17   17.27    0.00   -1.95   -1.25   -0.19
   3  515   20.86   17.46    0.00   -3.75    0.18    0.11
  31  515   19.52   17.36   37.85   -1.72   -0.57   -0.05
  27  515   20.88   17.57    0.00   -0.13   -0.01   -0.03
  17  515   18.47   16.94   40.64   -1.40    0.76    0.07
  11  515   19.70   17.13    0.00   -2.81   -0.85    0.00
  19  515   19.49   19.53   14.73    0.01    0.86   -0.03
  21  515   20.06   17.32   10.92   -2.75   -0.80    0.04
  23  515   19.61   17.13    0.00   -1.25   -0.27    0.06
   5  545  -99.00  -99.00  -99.00  -99.00  -99.00  -99.00
   7  545  -99.00  -99.00  -99.00  -99.00  -99.00  -99.00
   3  545  -99.00  -99.00  -99.00  -99.00  -99.00  -99.00
  31  545  -99.00  -99.00  -99.00  -99.00  -99.00  -99.00
  27  545  -99.00  -99.00  -99.00  -99.00  -99.00  -99.00
  17  545  -99.00  -99.00  -99.00  -99.00  -99.00  -99.00
  11  545  -99.00  -99.00  -99.00  -99.00  -99.00  -99.00
  19  545  -99.00  -99.00  -99.00  -99.00  -99.00  -99.00
  21  545  -99.00  -99.00  -99.00  -99.00  -99.00  -99.00
  23  545  -99.00  -99.00  -99.00  -99.00  -99.00  -99.00
   5  615  -99.00  -99.00  -99.00  -99.00  -99.00  -99.00
   7  615  -99.00  -99.00  -99.00  -99.00  -99.00  -99.00
   3  615   20.07   17.28    0.00   -3.39    0.73    0.07
  31  615  -99.00  -99.00  -99.00  -99.00  -99.00  -99.00
  27  615  -99.00  -99.00  -99.00  -99.00  -99.00  -99.00
  17  615  -99.00  -99.00  -99.00  -99.00  -99.00  -99.00
  11  615  -99.00  -99.00  -99.00  -99.00  -99.00  -99.00
  19  615  -99.00  -99.00  -99.00  -99.00  -99.00  -99.00
  21  615  -99.00  -99.00  -99.00  -99.00  -99.00  -99.00
  23  615  -99.00  -99.00  -99.00  -99.00  -99.00  -99.00
   5  645   18.37   18.33   52.07   -0.50   -0.63    0.01
   7  645   18.72   16.58    0.00   -0.21   -0.07   -0.03
   3  645   19.79   17.12    0.00   -2.93    0.16    0.09
  31  645   17.44   16.44   37.85   -0.36    0.09    0.00
  27  645   18.59   17.14    0.00    0.00    0.13    0.01
  17  645   18.74   16.59   40.64    0.00    0.02    0.00
  11  645   19.15   16.80    0.00   -2.83   -0.83    0.00
  19  645   19.65   19.70   14.73   -0.08    0.09   -0.01
  21  645   18.86   16.84   10.92   -2.51   -0.34    0.02
  23  645   19.33   16.80    0.00   -1.18    0.05    0.05
   5  715   18.13   18.16   52.07   -1.25   -0.51    0.07
   7  715   18.84   16.57    0.00   -0.40   -0.91    0.04
   3  715   19.08   16.87    0.00   -2.19   -0.19    0.09
  31  715   16.89   16.05   37.85    0.00    0.01    0.00
  27  715   17.95   16.97    0.00    0.00   -0.15    0.00
  17  715   18.62   16.47   40.64    0.00    0.00    0.00
  11  715   18.67   16.62    0.00   -2.74   -0.97    0.00
  19  715   19.20   19.22   14.73   -0.24   -0.29    0.03
  21  715   18.72   16.76   10.92   -2.49   -0.71    0.03
  23  715   19.10   16.69    0.00   -1.56    0.05    0.09
   5  745   17.34   17.37   52.07   -1.71   -0.37    0.08
   7  745   18.43   16.43    0.00   -0.30   -0.89    0.05
   3  745   18.64   16.59    0.00   -2.97   -0.11    0.11
  31  745   16.33   15.60   37.85   -0.45    0.00    0.00
  27  745  -99.00  -99.00  -99.00  -99.00  -99.00  -99.00
  17  745   18.14   16.24   40.64   -0.85   -0.04    0.03
  11  745   18.41   16.53    0.00   -3.01   -0.91    0.00
  19  745   18.47   18.46   14.73   -0.18   -0.47    0.00
  21  745   18.60   16.73   10.92   -2.60   -0.95    0.05
  23  745   18.46   16.45    0.00   -1.16    0.03    0.05
   5  815   16.55   16.60   52.07   -2.19   -0.21    0.10
   7  815   18.39   16.38    0.00   -1.00   -0.84   -0.11
   3  815   18.44   16.48    0.00   -3.61    0.31    0.10
  31  815   17.14   16.19   37.85   -0.83    0.09   -0.01
  27  815  -99.00  -99.00  -99.00  -99.00  -99.00  -99.00
  17  815   17.26   15.93   40.64   -0.55    0.11    0.02
  11  815   17.81   16.29    0.00   -2.95   -1.11    0.00
  19  815   18.54   18.56   14.73   -0.39   -0.03    0.01
  21  815   18.39   16.61   10.92   -2.77   -0.79    0.04
  23  815   18.22   16.33    0.00   -1.51    0.21    0.09
   5  845   16.66   16.66   52.07   -3.13    0.29    0.15
   7  845   18.27   16.41    0.00   -0.87   -0.66   -0.19
   3  845   18.43   16.54    0.00   -3.76    0.71    0.07
  31  845   17.22   16.25   37.85   -1.16    0.23   -0.03
  27  845   16.71   16.21    0.00    0.00    0.01    0.00
  17  845   16.58   15.61   40.64   -1.86    0.37    0.09
  11  845   18.03   16.30    0.00   -3.11   -0.89    0.00
  19  845   18.23   18.31   14.73   -0.50    0.55   -0.01
  21  845   18.26   16.54   10.92   -3.05   -0.47    0.05
  23  845   18.04   16.24    0.00   -1.62    0.16    0.08
   5  915   16.70   16.70   52.07   -3.25    0.14    0.13
   7  915   17.98   16.29    0.00   -0.39   -0.35   -0.09
   3  915   18.38   16.54    0.00   -3.95    0.86    0.09
  31  915   16.96   16.09   37.85   -0.96    0.06    0.00
  27  915   16.60   16.09    0.00    0.00   -0.27    0.00
  17  915   16.44   15.50   40.64   -1.41    0.48    0.06
  11  915   17.58   16.06    0.00   -3.04   -1.05    0.01
  19  915   17.88   17.92   14.73   -0.45    0.92   -0.03
  21  915   18.04   16.41   10.92   -3.17   -0.09    0.05
  23  915   17.64   16.04    0.00   -1.96    0.24    0.11
   5  945   16.44   16.45   52.07   -1.93   -0.29    0.07
   7  945   17.54   16.05    0.00   -0.61   -0.55   -0.11
   3  945   18.08   16.40    0.00   -3.42    0.60    0.08
  31  945   16.98   16.09   37.85   -0.96    0.22    0.00
  27  945   15.75   15.54    0.00    0.00   -0.43   -0.01
  17  945   16.48   15.45   40.64   -1.16    0.61    0.09
  11  945   17.51   15.95    0.00   -2.99   -1.19    0.03
  19  945   17.86   17.95   14.73   -0.13    0.52   -0.01
  21  945   17.49   16.16   10.92   -2.73    0.17    0.03
  23  945   17.23   15.81    0.00   -2.08    0.56    0.13
   5 1015   16.61   16.60   52.07   -2.63    0.42    0.10
   7 1015   16.98   15.70    0.00    0.17    0.21    0.02
   3 1015   17.83   16.25    0.00   -3.66    1.49    0.05
  31 1015   16.89   15.97   37.85   -1.04    0.91   -0.02
  27 1015   15.77   15.49    0.00    0.05    0.04    0.01
  17 1015   15.90   15.10   40.64   -0.99    0.81    0.09
  11 1015   17.34   15.87    0.00   -3.07   -0.63   -0.01
  19 1015   17.10   17.19   14.73   -0.47    0.99   -0.05
  21 1015   16.94   15.86   10.92   -2.55    0.21    0.03
  23 1015   16.40   15.42    0.00   -1.70    0.62    0.11
   5 1045   17.09   17.08   52.07   -3.62    1.01    0.19
   7 1045   16.63   15.52    0.00    0.29    0.39    0.00
   3 1045   17.72   16.10    0.00   -3.99    1.93    0.03
  31 1045   17.05   15.89   37.85   -1.08    1.29   -0.05
  27 1045   16.27   15.62    0.00   -0.01    0.19    0.00
  17 1045   15.20   14.67   40.64   -2.08    1.33    0.17
  11 1045   17.23   15.83    0.00   -3.20    0.14   -0.01
  19 1045   16.42   16.51   14.73   -0.34    1.23   -0.03
  21 1045   16.94   15.86   10.92   -3.17    0.67    0.03
  23 1045   15.92   15.15    0.00   -1.74    0.46    0.13
   5 1115   16.79   16.81   52.07   -4.09    0.93    0.23
   7 1115   16.61   15.52    0.00    0.40    0.49    0.06
   3 1115   17.16   15.84    0.00   -3.71    1.47    0.05
  31 1115   16.61   15.66   37.85   -0.99    0.73   -0.02
  27 1115   16.00   15.40    0.00   -0.15    0.15   -0.01
  17 1115   15.68   14.92   40.64   -3.06    0.85    0.17
  11 1115   16.85   15.67    0.00   -3.06    0.21   -0.01
  19 1115   15.98   16.04   14.73   -0.52    1.19   -0.02
  21 1115   17.08   15.98   10.92   -3.55    0.89    0.04
  23 1115   15.63   14.98    0.00   -2.05    0.43    0.19
   5 1145   16.68   16.66   52.07   -3.97    0.95    0.21
   7 1145   16.58   15.58    0.00    0.27    0.55    0.01
   3 1145   16.78   15.69    0.00   -3.29    1.41    0.03
  31 1145   16.42   15.60   37.85   -1.52    0.69   -0.07
  27 1145   15.79   15.18    0.00    0.07    0.01    0.02
  17 1145   15.35   14.73   40.64   -1.94    0.67    0.11
  11 1145   17.29   15.98    0.00   -3.38    0.72   -0.04
  19 1145   16.26   16.27   14.73   -0.45    1.29   -0.03
  21 1145   17.39   16.20   10.92   -3.79    1.53    0.06
  23 1145   15.67   15.06    0.00   -2.01    0.62    0.16
   5 1215   17.48   17.43   52.07   -3.58    0.99    0.21
   7 1215   17.25   16.09    0.00    0.11    0.82   -0.09
   3 1215   17.76   16.27    0.00   -3.64    1.65    0.03
  31 1215   17.36   16.30   37.85   -1.21    0.04   -0.05
  27 1215   15.87   15.25    0.00    0.13   -0.17    0.01
  17 1215   16.20   15.49   40.64   -1.81    0.71    0.10
  11 1215   18.06   16.48    0.00   -2.51    0.98   -0.03
  19 1215   17.29   17.23   14.73   -0.72    1.13   -0.04
  21 1215   18.03   16.59   10.92   -3.85    1.53    0.05
  23 1215   16.69   15.89    0.00   -1.87    0.56    0.15
   5 1245   18.27   18.23   52.07   -3.33    0.40    0.17
   7 1245   18.44   16.88    0.00    0.00    0.97   -0.08
   3 1245   18.84   17.04    0.00   -3.57    1.35    0.05
  31 1245   18.47   17.11   37.85   -1.66    0.13   -0.09
  27 1245   16.70   15.91    0.00    0.02   -0.26   -0.01
  17 1245   17.83   16.57   40.64   -1.34    0.87    0.09
  11 1245   19.27   17.17    0.00   -2.53    0.83   -0.02
  19 1245   18.48   18.40   14.73   -0.88    1.02   -0.05
  21 1245   19.13   17.20   10.92   -3.89    1.64    0.04
  23 1245   18.12   16.84    0.00   -1.79    0.97    0.13
   5 1315   19.56   19.44   52.07   -3.05    0.87    0.18
   7 1315   20.13   17.75    0.00   -0.56    1.41   -0.34
   3 1315   20.24   17.88    0.00   -3.27    1.24    0.09
  31 1315  -99.00  -99.00  -99.00  -99.00  -99.00  -99.00
  27 1315   18.26   17.07    0.00   -0.19   -0.21   -0.05
  17 1315   19.60   17.62   40.64   -1.37    1.00    0.07
  11 1315   20.58   17.72    0.00   -2.65    1.01   -0.01
  19 1315   20.00   19.90   14.73   -1.31    1.09   -0.05
  21 1315   20.38   17.76   10.92   -3.93    1.86    0.05
  23 1315   19.41   17.57    0.00   -2.24    1.23    0.18
   5 1345   21.35   21.21   52.07   -3.01    2.55    0.23
   7 1345   21.74   18.20    0.00   -0.89    2.27   -0.35
   3 1345   22.07   18.65    0.00   -2.99    2.24   -0.01
  31 1345   21.09   18.62   37.85   -1.74    0.98   -0.11
  27 1345   20.85   18.38    0.00   -0.79    0.83   -0.01
  17 1345   21.23   18.10   40.64   -1.93    2.02    0.19
  11 1345   21.69   18.05    0.00   -2.47    2.49   -0.07
  19 1345   21.61   21.51   14.73   -2.01    1.96   -0.03
  21 1345   21.46   18.20   10.92   -3.63    2.95    0.02
  23 1345   20.66   18.05    0.00   -2.40    1.57    0.21
   5 1415   22.84   22.70   52.07   -2.95    4.13    0.26
   7 1415   22.98   18.40    0.00   -1.11    3.20   -0.47
   3 1415   23.73   18.90    0.00   -2.39    3.00   -0.07
  31 1415   22.89   18.86   37.85   -1.93    2.43   -0.12
  27 1415   22.25   18.40    0.00   -1.36    3.13    0.03
  17 1415   22.98   18.30   40.64   -2.66    2.69    0.21
  11 1415   22.84   18.32    0.00   -2.46    3.53   -0.06
  19 1415   22.99   22.90   14.73   -2.12    3.27   -0.11
  21 1415   22.78   18.88   10.92   -3.09    3.43    0.07
  23 1415   22.12   18.54    0.00   -2.61    2.08    0.23
   5 1445   24.08   23.96   52.07   -1.82    4.91    0.23
   7 1445   23.99   18.81    0.00   -0.33    4.12   -0.33
   3 1445   24.40   19.06    0.00   -0.89    4.72   -0.18
  31 1445   24.17   19.16   37.85   -1.76    3.73   -0.09
  27 1445   23.32   18.59    0.00   -1.01    5.23    0.19
  17 1445   24.06   18.66   40.64   -1.37    4.01    0.25
  11 1445   23.77   18.82    0.00   -1.81    4.41   -0.07
  19 1445   24.31   24.22   14.73   -2.05    3.65   -0.13
  21 1445   24.38   19.13   10.92   -2.24    3.93    0.03
  23 1445   23.80   19.12    0.00   -1.48    3.33    0.22
   5 1515   25.03   24.90   52.07   -0.39    5.05    0.15
   7 1515   24.95   19.07    0.00    1.09    4.94   -0.19
   3 1515   25.54   19.69    0.00   -0.19    4.34   -0.14
  31 1515   25.26   19.54   37.85   -0.40    4.34   -0.03
  27 1515   24.68   19.23    0.00   -0.31    4.39    0.33
  17 1515   25.28   18.82   40.64   -1.17    4.30    0.27
  11 1515   25.04   19.00    0.00   -0.59    4.79   -0.07
  19 1515   25.60   25.51   14.73   -0.89    3.87   -0.04
  21 1515   25.38   19.19   10.92   -1.21    4.79    0.02
  23 1515   25.05   19.03    0.00   -0.36    4.38    0.15
   5 1545   26.05   25.92   52.07   -0.05    3.77    0.11
   7 1545  -99.00  -99.00  -99.00  -99.00  -99.00  -99.00
   3 1545   26.35   19.72    0.00    0.52    3.61   -0.12
  31 1545   26.35   19.63   37.85    0.09    3.21    0.05
  27 1545   25.77   19.28    0.00    0.23    2.91    0.33
  17 1545   26.25   19.05   40.64   -0.43    3.28    0.21
  11 1545   25.89   19.13    0.00    0.00    3.69   -0.03
  19 1545   26.22   26.15   14.73    0.56    3.56   -0.08
  21 1545   26.27   19.50   10.92   -0.37    3.91    0.03
  23 1545   25.89   19.24    0.00    0.40    3.27    0.09
   5 1615   26.83   26.69   52.07   -0.85    3.28    0.15
   7 1615  -99.00  -99.00  -99.00  -99.00  -99.00  -99.00
   3 1615   27.44   20.16    0.00    0.52    2.71   -0.01
  31 1615   27.08   19.76   37.85   -0.16    2.62    0.03
  27 1615   26.46   19.31    0.00    0.47    2.89    0.35
  17 1615   26.75   19.07   40.64   -0.23    2.75    0.20
  11 1615   26.44   19.17    0.00    0.09    2.93   -0.06
  19 1615   27.00   26.89   14.73   -0.42    2.57   -0.05
  21 1615   27.14   19.78   10.92   -0.32    2.96    0.07
  23 1615   26.46   19.31    0.00   -0.13    2.79    0.09
   5 1645   27.49   27.37   52.07   -0.43    3.01    0.10
   7 1645   18.35   12.97    5.33    8.41    3.64   -0.06
   3 1645   27.97   20.02    0.00   -0.43    2.77   -0.08
  31 1645   28.10   19.86   37.85   -0.75    2.93   -0.01
  27 1645   27.49   19.53    0.00   -0.79    2.69    0.04
  17 1645   27.38   19.14   40.64   -0.67    2.83    0.20
  11 1645   27.26   19.46    0.00   -0.57    2.53    0.00
  19 1645   27.53   27.42   14.73   -1.01    2.61   -0.07
  21 1645   27.52   19.67   10.92   -1.22    2.73    0.00
  23 1645   27.07   19.33    0.00   -1.13    2.49    0.13
   5 1715   28.19   28.04   52.07   -0.93    3.31    0.17
   7 1715   28.27   19.68    0.00   -0.03    3.15   -0.29
   3 1715   28.60   21.21    0.00   -0.61    2.35   -0.05
  31 1715   28.64   19.86   37.85   -0.25    2.93    0.02
  27 1715   28.30   19.72    0.00   -0.59    2.56    0.15
  17 1715   27.95   19.18   40.64   -0.31    2.79    0.19
  11 1715   27.82   19.17    0.00   -1.02    3.05   -0.05
  19 1715   28.08   27.99   14.73   -1.07    3.14   -0.15
  21 1715   28.44   19.97   10.92   -1.48    3.37    0.03
  23 1715   27.96   19.71    0.00   -0.81    2.79    0.19
   5 1745  -99.00  -99.00  -99.00  -99.00  -99.00  -99.00
   7 1745   29.13   19.95    0.00   -0.33    3.14   -0.30
   3 1745   29.45   24.00    0.00   -1.30    3.09   -0.05
  31 1745   29.25   20.08   37.85   -1.35    3.16   -0.10
  27 1745   28.78   19.73    0.00   -0.71    3.05    0.13
  17 1745   28.84   19.47   40.64   -0.73    3.28    0.26
  11 1745   28.47   19.56    0.00   -1.44    3.11   -0.01
  19 1745   28.77   28.68   14.73   -1.49    3.23   -0.08
  21 1745   28.75   19.90   10.92   -1.72    3.40    0.04
  23 1745   28.56   19.70    0.00   -1.63    2.75    0.24
   5 1815   29.22   19.55    5.33   -1.49    3.81    0.17
   7 1815   29.76   20.02    0.00   -0.29    3.13   -0.29
   3 1815   29.85   26.80    0.00   -1.11    3.46   -0.10
  31 1815   30.03   20.34   37.85   -1.29    2.80   -0.05
  27 1815   29.61   19.94    0.00   -0.73    3.58    0.16
  17 1815   29.20   19.39   40.64   -1.85    3.49    0.28
  11 1815   28.87   19.73    0.00   -1.31    3.65   -0.07
  19 1815   29.41   29.30   14.73   -1.80    3.34   -0.09
  21 1815   29.33   20.17   10.92   -2.00    3.62    0.02
  23 1815   28.84   19.63    0.00   -2.47    3.09    0.22
   5 1845   29.72   19.69    5.33   -0.95    4.36    0.19
   7 1845   30.24   20.09    0.00   -0.58    3.31   -0.36
   3 1845  -99.00  -99.00    5.08    2.71  -21.02    0.39
  31 1845   30.55   20.59   37.85   -1.20    3.58   -0.02
  27 1845   30.17   20.29    0.00   -1.59    3.19   -0.07
  17 1845   29.91   19.32   40.64   -0.76    3.89    0.27
  11 1845   29.50   19.79    0.00   -1.29    3.97   -0.04
  19 1845   29.83   29.74   14.73   -1.89    3.83   -0.13
  21 1845   29.90   20.28   10.92   -2.14    4.09    0.03
  23 1845   29.48   19.92    0.00   -1.57    3.96    0.26
   5 1915   30.08   19.86    5.33   -0.59    4.43    0.15
   7 1915   30.69   20.23    0.00    0.06    3.73   -0.24
   3 1915   30.64   20.11    5.08   -0.74    3.81   -0.13
  31 1915   30.79   20.49   37.85    0.15    3.67    0.09
  27 1915   30.76   20.36    0.00   -0.79    3.32    0.21
  17 1915   30.06   19.09   40.64   -0.44    4.15    0.23
  11 1915   29.80   20.05    0.00   -0.99    4.58   -0.05
  19 1915   30.04   29.97   14.73   -0.75    4.10   -0.15
  21 1915   30.12   20.21   10.92   -0.41    4.43   -0.01
  23 1915   29.80   20.03    0.00   -1.27    3.92    0.23
   5 1945   30.23   19.74    5.33   -0.25    4.87    0.14
   7 1945   30.78   20.01    0.00    0.97    4.61   -0.15
   3 1945   30.65   20.22    5.08    1.51    4.44   -0.17
  31 1945   30.99   20.57   37.85   -0.26    3.95    0.04
  27 1945   30.91   20.43    0.00   -0.91    3.90    0.13
  17 1945   30.04   19.59   40.64    1.16    4.65    0.23
  11 1945   29.99   20.02    0.00   -0.74    4.81   -0.05
  19 1945  -99.00  -99.00  -99.00  -99.00  -99.00  -99.00
  21 1945   30.38   20.19   10.92   -0.84    4.42    0.03
  23 1945   30.24   20.24    0.00    0.20    4.35    0.17
   5 2015   30.38   19.74    5.33   -0.25    4.69    0.17
   7 2015   30.94   20.15    0.00    0.95    4.62   -0.15
   3 2015   31.03   20.20    5.08    0.85    4.07   -0.09
  31 2015   30.95   20.50   37.85    0.99    4.61    0.16
  27 2015   31.02   20.48    0.00   -0.43    4.51    0.29
  17 2015   30.35   19.40   40.64   -0.14    4.26    0.24
  11 2015   30.05   19.80    0.00    0.38    4.85   -0.07
  19 2015  -99.00  -99.00  -99.00  -99.00  -99.00  -99.00
  21 2015   30.59   20.44   10.92   -1.47    5.07    0.04
  23 2015   30.37   20.37    0.00   -0.23    4.40    0.21
   5 2045   30.55   19.96    5.33    0.67    4.92    0.13
   7 2045   30.81   20.00    0.00    1.43    4.73   -0.14
   3 2045   30.97   20.26    5.08    0.70    4.60   -0.17
  31 2045   31.05   20.31   37.85    0.06    4.00    0.06
  27 2045   30.83   20.39    0.00    0.35    5.32    0.47
  17 2045   30.57   19.23   40.64   -0.27    4.14    0.24
  11 2045   30.12   19.79    0.00   -0.87    4.78   -0.11
  19 2045   30.67   20.02    0.00   -0.57    4.57   -0.15
  21 2045   30.62   20.52   10.92   -1.03    5.11    0.00
  23 2045   30.33   20.32    0.00    0.71    4.62    0.14
   5 2115   30.45   19.53    5.33    0.51    4.95    0.11
   7 2115   31.07   19.71    0.00    1.32    5.00   -0.16
   3 2115   31.00   20.09    5.08    1.51    4.68   -0.17
  31 2115   31.17   20.50   37.85   -0.09    4.28    0.05
  27 2115   30.73   20.28    0.00    0.75    5.13    0.54
  17 2115   30.55   18.92   40.64   -1.93    4.74    0.30
  11 2115   30.28   20.14    0.00   -0.29    4.92   -0.04
  19 2115   30.70   19.89    0.00   -1.75    4.29   -0.13
  21 2115  -99.00  -99.00  -99.00  -99.00  -99.00  -99.00
  23 2115   30.29   20.25    0.00   -0.71    4.35    0.22
   5 2145   30.41   19.21    5.33    0.63    5.16    0.13
   7 2145   31.11   19.48    0.00    1.40    4.92   -0.13
   3 2145   31.04   19.87    5.08    0.65    4.59   -0.15
  31 2145   31.06   20.54   37.85   -0.03    4.55    0.02
  27 2145   30.99   20.39    0.00    0.57    4.56    0.53
  17 2145   30.53   18.98   40.64   -1.48    4.91    0.30
  11 2145   30.26   19.79    0.00   -0.61    5.24   -0.09
  19 2145   30.57   20.04    0.00   -2.45    4.47   -0.15
  21 2145   30.73   19.85    0.00   -1.21    5.29    0.01
  23 2145   30.14   19.98    0.00   -0.61    4.42    0.16
   5 2215   30.32   19.09    5.33    1.19    5.93    0.11
   7 2215  -99.00  -99.00  -99.00  -99.00  -99.00  -99.00
   3 2215   30.96   19.90    5.08    0.15    4.73   -0.15
  31 2215   31.02   20.15   37.85   -0.23    4.57    0.02
  27 2215   30.90   20.16    0.00   -0.03    5.07    0.37
  17 2215   30.39   19.27   40.64   -1.93    4.58    0.30
  11 2215   30.24   19.60    0.00   -1.24    5.17   -0.07
  19 2215   30.48   20.41    0.00   -1.79    4.43   -0.14
  21 2215   30.72   19.67    0.00   -1.44    5.23    0.02
  23 2215   30.02   19.78    0.00   -0.71    4.59    0.19
   5 2245   30.11   18.99    5.33    0.51    5.41    0.13
   7 2245  -99.00  -99.00  -99.00  -99.00  -99.00  -99.00
   3 2245   30.87   19.66    5.08    0.30    4.37   -0.16
  31 2245   30.85   20.08   37.85   -1.11    4.29   -0.05
  27 2245   30.99   20.17    0.00   -0.44    4.64    0.34
  17 2245   30.18   19.40   40.64   -1.25    4.88    0.27
  11 2245   30.05   19.56    0.00   -0.86    5.17   -0.08
  19 2245   30.43   20.44    0.00   -1.53    4.35   -0.12
  21 2245   30.52   19.76    0.00   -1.85    5.32    0.03
  23 2245   29.96   19.83    0.00   -0.63    4.42    0.19
   5 2315   29.63   19.14    5.33   -0.19    5.40    0.16
   7 2315  -99.00  -99.00  -99.00  -99.00  -99.00  -99.00
   3 2315   30.61   19.93    5.08   -0.18    4.22   -0.11
  31 2315   30.49   20.07   37.85   -1.08    4.34   -0.07
  27 2315   30.82   20.05    0.00   -0.68    4.62    0.29
  17 2315   29.86   19.01   40.64   -1.41    4.75    0.27
  11 2315   29.69   19.62    0.00   -1.18    4.99   -0.05
  19 2315   29.97   19.96    0.00   -1.87    4.57   -0.12
  21 2315   30.26   19.70    0.00   -1.91    5.29    0.03
  23 2315   29.55   19.53    0.00   -1.16    4.55    0.21
   5 2345   29.10   19.24    5.33   -0.75    5.08    0.15
   7 2345  -99.00  -99.00  -99.00  -99.00  -99.00  -99.00
   3 2345   29.96   19.73    5.08   -0.43    4.56   -0.15
  31 2345   29.93   20.05   37.85   -1.03    4.07   -0.04
  27 2345   30.40   19.99    0.00   -0.54    4.69    0.30
  17 2345   29.29   18.93   40.64   -1.17    4.47    0.25
  11 2345   29.16   19.59    0.00   -1.49    4.73   -0.08
  19 2345   29.50   19.73    0.00   -1.83    4.63   -0.15
  21 2345   29.70   19.52    0.00   -1.69    5.30    0.01
  23 2345   29.07   19.35    0.00   -1.11    4.68    0.21
