   5   15   28.30   19.11    5.33   -0.95    4.54    0.18
   7   15  -99.00  -99.00  -99.00  -99.00  -99.00  -99.00
   3   15   29.18   19.65    5.08   -1.01    4.18   -0.15
  31   15   29.14   19.89   37.85   -0.96    4.06   -0.05
  27   15   29.76   19.92    0.00   -0.52    4.65    0.30
  17   15   28.47   19.06   40.64   -0.85    3.68    0.24
  11   15   28.31   19.34    0.00   -1.52    4.46   -0.05
  19   15   28.86   19.68    0.00   -1.27    4.57   -0.13
  21   15   28.95   19.39    0.00   -2.15    4.82    0.05
  23   15   28.30   19.59    0.00   -0.98    3.95    0.17
   5   45   26.85   18.86    5.33   -1.53    3.65    0.17
   7   45  -99.00  -99.00  -99.00  -99.00  -99.00  -99.00
   3   45   27.81   19.44    5.08   -1.17    3.24   -0.08
  31   45   27.83   19.70   37.85   -0.93    3.15   -0.03
  27   45   28.62   19.67    0.00   -1.08    3.05    0.09
  17   45   27.29   18.73   40.64   -1.17    3.09    0.19
  11   45   27.09   19.04    0.00   -1.43    3.81   -0.04
  19   45   27.77   19.42    0.00   -1.35    3.65   -0.10
  21   45   27.93   19.36    0.00   -2.03    4.40    0.01
  23   45   26.83   19.45    0.00   -1.08    3.01    0.16
   5  115   24.99   18.36    5.33   -1.47    3.43    0.17
   7  115  -99.00  -99.00  -99.00  -99.00  -99.00  -99.00
   3  115   26.00   18.95    5.08   -1.28    3.21   -0.08
  31  115   25.84   19.27   37.85   -0.88    2.65   -0.03
  27  115   26.64   18.98    0.00   -1.15    2.47   -0.01
  17  115   25.53   18.51   40.64   -1.09    2.46    0.15
  11  115   24.81   19.03    0.00   -1.23    2.86   -0.03
  19  115   26.52   19.52    0.00   -1.17    3.33   -0.11
  21  115   26.05   19.45    0.00   -2.05    3.29    0.01
  23  115   24.98   19.08    0.00   -1.41    2.80    0.17
   5  145   23.18   18.37    5.33   -1.89    3.45    0.18
   7  145  -99.00  -99.00  -99.00  -99.00  -99.00  -99.00
   3  145   24.72   19.07    5.08   -1.74    3.54   -0.10
  31  145   23.81   19.10   37.85   -0.96    2.35   -0.03
  27  145   25.08   18.39    0.00   -1.53    3.06   -0.04
  17  145   23.96   18.54   40.64   -1.24    2.63    0.16
  11  145   22.57   18.72    0.00   -1.55    2.49   -0.01
  19  145   25.27   19.59    0.00   -1.20    3.45   -0.09
  21  145   23.37   19.02    0.00   -2.09    3.05    0.00
  23  145   23.54   18.51    0.00   -1.38    2.90    0.17
   5  215   22.80   18.37    5.33   -2.06    4.33    0.20
   7  215  -99.00  -99.00  -99.00  -99.00  -99.00  -99.00
   3  215   23.98   18.88    5.08   -1.83    3.95   -0.13
  31  215   22.92   18.80   37.85   -1.11    2.52   -0.06
  27  215   23.84   18.14    0.00   -1.39    3.36    0.01
  17  215   23.38   18.63   40.64   -1.48    3.05    0.19
  11  215   21.35   18.24    0.00   -1.63    2.59   -0.01
  19  215   24.27   19.31    0.00   -1.44    3.78   -0.11
  21  215   22.15   18.62    0.00   -2.35    3.41    0.00
  23  215   21.63   18.04    0.00   -0.67    2.78    0.09
   5  245   22.50   18.22    5.33   -2.19    5.12    0.24
   7  245  -99.00  -99.00  -99.00  -99.00  -99.00  -99.00
   3  245   23.56   18.73    5.08   -1.71    4.33   -0.12
  31  245   23.35   18.87   37.85   -1.21    3.41   -0.05
  27  245   23.02   18.11    0.00   -1.14    3.33    0.11
  17  245   22.99   18.41   40.64   -2.03    3.37    0.21
  11  245   21.04   18.05    0.00   -1.69    3.01   -0.03
  19  245   23.49   18.91    0.00   -1.47    3.78   -0.09
  21  245   21.99   18.54    0.00   -2.71    3.63    0.01
  23  245   20.82   17.84    0.00   -0.83    2.71    0.11
   5  315   21.77   18.05    5.33   -1.75    5.27    0.21
   7  315  -99.00  -99.00  -99.00  -99.00  -99.00  -99.00
   3  315   22.89   18.61    5.08   -1.28    4.68   -0.13
  31  315   23.13   18.81   37.85   -1.07    3.85   -0.05
  27  315   22.88   18.32    0.00   -1.36    4.16    0.11
  17  315   22.24   18.27   40.64   -1.86    2.85    0.18
  11  315   20.57   17.95    0.00   -1.27    3.24   -0.03
  19  315   23.14   18.88    0.00   -1.75    4.01   -0.15
  21  315   21.70   18.51    0.00   -2.64    3.91    0.03
  23  315   20.83   17.97    0.00   -1.23    3.15    0.17
   5  345   21.84   18.18    5.33   -2.43    5.91    0.27
   7  345  -99.00  -99.00  -99.00  -99.00  -99.00  -99.00
   3  345   22.56   18.63    5.08   -1.67    4.78   -0.13
  31  345   22.46   18.81   37.85   -1.36    3.77   -0.08
  27  345   22.67   18.50    0.00   -1.41    4.43    0.09
  17  345   22.19   18.14   40.64   -2.37    3.25    0.23
  11  345   20.61   18.10    0.00   -1.69    3.48   -0.03
  19  345   22.34   18.61    0.00   -1.97    3.73   -0.13
  21  345   21.48   18.49    0.00   -3.07    4.05    0.03
  23  345   19.55   17.66    0.00   -1.00    2.67    0.13
   5  415  -99.00  -99.00  -99.00  -99.00  -99.00  -99.00
   7  415  -99.00  -99.00  -99.00  -99.00  -99.00  -99.00
   3  415  -99.00  -99.00  -99.00  -99.00  -99.00  -99.00
  31  415  -99.00  -99.00  -99.00  -99.00  -99.00  -99.00
  27  415   22.39   18.46    0.00   -1.40    4.17    0.12
  17  415   22.01   18.13   40.64   -2.67    3.33    0.25
  11  415   20.94   18.28    0.00   -2.03    3.76   -0.05
  19  415   21.95   18.41    0.00   -1.75    2.94   -0.07
  21  415   21.34   18.59    0.00   -3.08    3.92    0.03
  23  415   20.32   18.02    0.00   -1.61    3.15    0.20
   5  445   21.21   18.19    5.33   -2.29    5.77    0.25
   7  445  -99.00  -99.00  -99.00  -99.00  -99.00  -99.00
   3  445   22.22   18.71    5.08   -1.87    5.11   -0.17
  31  445  -99.00  -99.00  -99.00  -99.00  -99.00  -99.00
  27  445   22.14   18.45    0.00   -2.17    4.62    0.03
  17  445   21.56   18.16   40.64   -2.69    3.02    0.24
  11  445   20.77   18.27    0.00   -2.28    3.87   -0.07
  19  445   22.34   18.66    0.00   -1.92    3.85   -0.11
  21  445   21.09   18.53    0.00   -3.07    4.13    0.04
  23  445   20.29   18.09    0.00   -2.03    3.14    0.21
   5  515   20.83   18.02    5.33   -2.37    5.85    0.25
   7  515  -99.00  -99.00  -99.00  -99.00  -99.00  -99.00
   3  515   21.80   18.49    5.08   -1.68    5.08   -0.16
  31  515   21.26   18.50   37.85   -1.45    3.43   -0.09
  27  515   22.23   18.53    0.00   -1.73    4.95    0.12
  17  515   21.47   18.11   40.64   -2.57    2.92    0.23
  11  515   20.46   18.03    0.00   -2.36    3.82   -0.08
  19  515   22.33   18.74    0.00   -2.14    4.18   -0.13
  21  515   21.15   18.48    0.00   -3.11    4.49    0.01
  23  515   19.98   17.94    0.00   -1.83    3.01    0.21
   5  545   20.41   17.79    5.33   -1.93    6.01    0.23
   7  545  -99.00  -99.00  -99.00  -99.00  -99.00  -99.00
   3  545   21.12   18.18    5.08   -0.93    4.78   -0.18
  31  545   21.00   18.33   37.85   -1.38    3.57   -0.09
  27  545   22.00   18.39    0.00   -1.19    5.08    0.25
  17  545   21.15   18.08   40.64   -2.69    2.63    0.24
  11  545   20.00   17.76    0.00   -2.03    3.70   -0.07
  19  545   21.80   18.65    0.00   -1.81    3.57   -0.09
  21  545   21.01   18.34    0.00   -3.19    4.65    0.02
  23  545   20.05   17.86    0.00   -2.06    3.34    0.22
   5  615   20.46   17.71    5.33   -1.86    6.41    0.26
   7  615  -99.00  -99.00  -99.00  -99.00  -99.00  -99.00
   3  615   21.30   18.19    5.08   -1.13    5.32   -0.19
  31  615   20.90   18.24   37.85   -1.67    3.76   -0.08
  27  615   21.54   18.30    0.00   -0.72    4.67    0.32
  17  615   20.98   17.96   40.64   -2.44    2.50    0.22
  11  615   19.84   17.68    0.00   -1.84    3.42   -0.05
  19  615   21.80   18.51    0.00   -2.23    4.13   -0.12
  21  615   20.98   18.28    0.00   -3.27    4.69    0.03
  23  615   20.02   17.85    0.00   -1.93    3.35    0.23
   5  645   20.39   17.70    5.33   -1.81    6.19    0.23
   7  645  -99.00  -99.00  -99.00  -99.00  -99.00  -99.00
   3  645   21.46   18.24    5.08   -1.70    5.56   -0.16
  31  645   20.91   18.30   37.85   -1.63    3.66   -0.10
  27  645   21.44   18.33    0.00   -1.17    4.57    0.24
  17  645   21.06   17.77   40.64   -2.75    2.87    0.25
  11  645   20.02   17.77    0.00   -2.07    3.59   -0.07
  19  645   21.90   18.34    0.00   -2.31    4.37   -0.15
  21  645   21.03   18.14    0.00   -3.52    4.79    0.03
  23  645   19.99   17.81    0.00   -2.00    3.27    0.22
   5  715   20.30   17.33    5.33   -1.93    5.73    0.23
   7  715  -99.00  -99.00  -99.00  -99.00  -99.00  -99.00
   3  715   21.44   17.79    5.08   -1.79    5.34   -0.17
  31  715   20.63   17.94   37.85   -1.59    3.18   -0.08
  27  715   21.42   17.94    0.00   -1.47    4.87    0.20
  17  715   20.62   17.37   40.64   -2.59    2.07    0.21
  11  715   19.96   17.44    0.00   -2.25    3.65   -0.04
  19  715   21.74   18.05    0.00   -2.19    3.79   -0.11
  21  715   20.97   17.80    0.00   -3.47    4.33    0.05
  23  715   19.75   17.22    0.00   -1.97    2.38    0.21
   5  745   20.12   16.81    5.33   -2.31    5.73    0.22
   7  745  -99.00  -99.00  -99.00  -99.00  -99.00  -99.00
   3  745   21.15   17.22    5.08   -1.55    4.90   -0.15
  31  745   20.64   17.36   37.85   -1.65    3.26   -0.07
  27  745   21.49   17.31    0.00   -1.20    5.00    0.24
  17  745   19.95   16.95   40.64   -2.61    1.96    0.20
  11  745   19.61   16.85    0.00   -1.98    3.99   -0.04
  19  745   21.36   17.68    0.00   -2.12    3.49   -0.11
  21  745   20.44   17.50    0.00   -3.41    4.13    0.03
  23  745   19.61   16.64    0.00   -1.79    2.83    0.19
   5  815   20.24   16.52    5.33   -2.21    6.09    0.23
   7  815  -99.00  -99.00  -99.00  -99.00  -99.00  -99.00
   3  815   21.35   17.01    5.08   -1.69    5.23   -0.16
  31  815   21.33   17.26   37.85   -2.01    3.99   -0.13
  27  815   21.77   17.13    0.00   -1.14    5.01    0.27
  17  815   20.32   16.94   40.64   -2.67    2.87    0.26
  11  815   19.49   16.55    0.00   -2.02    4.11   -0.06
  19  815   21.07   17.78    0.00   -2.32    3.72   -0.12
  21  815   20.27   17.38    0.00   -3.51    4.34    0.02
  23  815   20.03   16.74    0.00   -1.84    3.93    0.23
   5  845   20.57   16.71    5.33   -2.34    6.47    0.25
   7  845  -99.00  -99.00  -99.00  -99.00  -99.00  -99.00
   3  845   20.96   17.02    5.08   -1.68    5.14   -0.16
  31  845   21.46   17.38   37.85   -1.91    3.91   -0.10
  27  845   21.45   17.05    0.00   -1.14    4.83    0.25
  17  845   20.82   17.09   40.64   -2.69    3.62    0.25
  11  845   19.62   16.64    0.00   -1.94    4.28   -0.06
  19  845   21.03   17.84    0.00   -2.11    3.84   -0.09
  21  845  -99.00  -99.00  -99.00  -99.00  -99.00  -99.00
  23  845   19.97   16.78    0.00   -1.93    3.87    0.20
   5  915   20.68   16.85    5.33   -1.97    6.61    0.22
   7  915  -99.00  -99.00  -99.00  -99.00  -99.00  -99.00
   3  915   20.94   17.22    5.08   -1.28    5.71   -0.19
  31  915   21.25   17.44   37.85   -1.56    4.29   -0.07
  27  915   21.38   17.10    0.00   -0.95    4.91    0.27
  17  915   20.88   17.29   40.64   -2.23    4.17    0.27
  11  915   20.08   16.97    0.00   -2.08    5.13   -0.08
  19  915   21.16   17.85    0.00   -2.15    4.57   -0.14
  21  915  -99.00  -99.00  -99.00  -99.00  -99.00  -99.00
  23  915   19.75   16.85    0.00   -1.62    3.95    0.22
   5  945   20.31   17.03    5.33   -1.48    6.47    0.25
   7  945  -99.00  -99.00  -99.00  -99.00  -99.00  -99.00
   3  945   20.74   17.37    5.08   -0.68    5.03   -0.17
  31  945   21.28   17.61   37.85   -1.25    4.79   -0.04
  27  945   21.13   17.11    0.00   -0.87    4.93    0.26
  17  945   20.59   17.08   40.64   -2.16    3.86    0.29
  11  945   20.02   17.13    0.00   -1.49    4.89   -0.06
  19  945   21.19   17.52    0.00   -1.97    4.37   -0.13
  21  945   20.43   17.41    0.00   -2.65    5.36    0.02
  23  945   19.70   16.97    0.00   -1.38    3.63    0.20
   5 1015   19.90   16.89    5.33   -2.02    6.02    0.24
   7 1015  -99.00  -99.00  -99.00  -99.00  -99.00  -99.00
   3 1015   20.33   17.27    5.08   -1.23    5.21   -0.17
  31 1015   20.73   17.42   37.85   -1.37    4.33   -0.07
  27 1015   20.99   16.97    0.00   -1.41    5.02    0.17
  17 1015   20.40   16.59   40.64   -2.50    3.51    0.26
  11 1015   19.59   16.98    0.00   -1.82    4.65   -0.08
  19 1015   20.98   17.03    0.00   -2.34    4.95   -0.15
  21 1015   20.39   17.02    0.00   -3.43    5.87    0.02
  23 1015   18.93   16.60    0.00   -1.39    3.00    0.17
   5 1045   19.71   16.44    5.33   -2.11    5.85    0.23
   7 1045  -99.00  -99.00  -99.00  -99.00  -99.00  -99.00
   3 1045   20.22   16.88    5.08   -1.42    5.01   -0.16
  31 1045   20.49   17.15   37.85   -1.57    3.64   -0.08
  27 1045   21.08   16.75    0.00   -1.25    4.73    0.21
  17 1045   20.14   16.11   40.64   -2.61    3.31    0.26
  11 1045   19.66   16.65    0.00   -1.95    4.99   -0.06
  19 1045   21.04   16.76    0.00   -2.07    4.85   -0.15
  21 1045   20.22   16.49    0.00   -3.13    5.77    0.03
  23 1045   19.00   16.50    0.00   -1.83    3.07    0.20
   5 1115   19.67   16.11    5.33   -2.77    5.49    0.27
   7 1115  -99.00  -99.00  -99.00  -99.00  -99.00  -99.00
   3 1115   20.38   16.55    5.08   -1.98    4.61   -0.14
  31 1115   20.06   16.88   37.85   -2.24    2.41   -0.17
  27 1115   20.70   16.62    0.00   -1.11    1.89   -0.07
  17 1115   20.15   15.88   40.64   -2.93    2.78    0.25
  11 1115   19.54   16.31    0.00   -2.26    4.45   -0.07
  19 1115   20.42   16.61    0.00   -2.39    3.33   -0.09
  21 1115   19.81   16.29    0.00   -3.55    4.49    0.05
  23 1115   18.65   16.23    0.00   -1.76    2.61    0.19
   5 1145   20.00   16.07    5.33   -3.08    4.37    0.29
   7 1145  -99.00  -99.00  -99.00  -99.00  -99.00  -99.00
   3 1145   20.23   16.43    5.08   -1.79    2.33   -0.04
  31 1145   19.80   16.74   37.85   -2.39    1.19   -0.17
  27 1145   19.57   16.19    0.00   -1.51   -0.42   -0.47
  17 1145   20.25   16.07   40.64   -3.43    2.47    0.27
  11 1145   19.80   16.27    0.00   -2.37    3.72   -0.06
  19 1145   20.33   16.67    0.00   -2.79    3.24   -0.09
  21 1145   19.75   16.45    0.00   -2.43    3.33    0.07
  23 1145   18.53   16.16    0.00   -1.83    2.25    0.19
   5 1215   20.66   16.48    5.33   -4.28    3.63    0.31
   7 1215  -99.00  -99.00  -99.00  -99.00  -99.00  -99.00
   3 1215   20.75   16.91    5.08   -3.31    2.15   -0.01
  31 1215   20.85   17.14   37.85   -2.67    1.36   -0.18
  27 1215   19.59   16.49    0.00   -0.91   -0.27   -0.19
  17 1215   20.86   16.50   40.64   -3.48    2.23    0.25
  11 1215   20.75   16.73    0.00   -2.97    3.20   -0.05
  19 1215   20.89   16.98    0.00   -2.99    3.97   -0.11
  21 1215   20.23   16.71    0.00   -3.79    3.51    0.05
  23 1215   19.35   16.60    0.00   -2.33    1.88    0.20
   5 1245   19.84   16.47    5.33   -2.78   -3.82    0.15
   7 1245  -99.00  -99.00  -99.00  -99.00  -99.00  -99.00
   3 1245   20.36   16.88    5.08   -2.93   -3.19    0.31
  31 1245   20.71   17.18   37.85   -2.23   -2.80   -0.12
  27 1245   19.94   16.93    0.00   -1.05   -3.69   -0.37
  17 1245   20.91   16.60   40.64   -3.17   -1.03    0.09
  11 1245   20.68   16.89    0.00   -2.79   -0.89    0.07
  19 1245   21.24   17.26    0.00   -2.12    0.09    0.03
  21 1245   21.31   17.14    0.00   -4.89    2.83    0.10
  23 1245   20.21   17.11    0.00   -3.37    0.39    0.28
   5 1315   18.75   16.57    7.87   -2.69   -2.84    0.17
   7 1315  -99.00  -99.00  -99.00  -99.00  -99.00  -99.00
   3 1315   19.32   16.94    8.38   -3.45   -2.23    0.27
  31 1315   19.69   17.27   39.88   -2.94   -2.18   -0.21
  27 1315   20.27   17.23    1.27   -1.40   -1.01   -0.28
  17 1315   19.18   16.64   40.64   -2.39   -3.25   -0.01
  11 1315   19.33   16.87    0.25   -3.22   -2.91    0.11
  19 1315   20.62   17.15    0.00   -2.17   -1.89    0.13
  21 1315   20.60   17.14    0.00   -2.33   -2.87    0.12
  23 1315   19.63   16.89    0.00   -2.69   -3.87    0.15
   5 1345   17.82   16.34    9.91   -4.79   -4.26    0.29
   7 1345  -99.00  -99.00  -99.00  -99.00  -99.00  -99.00
   3 1345   18.60   16.80    9.91   -4.91   -3.61    0.40
  31 1345   18.72   17.16   42.93   -2.32   -4.11   -0.12
  27 1345   18.71   17.39    6.60   -0.64   -2.37   -0.15
  17 1345   18.83   16.64   40.64   -3.39   -2.72    0.01
  11 1345   18.50   16.96    0.51   -2.59   -3.25    0.13
  19 1345   19.95   17.20    0.00   -1.73   -2.48    0.13
  21 1345   20.43   17.15    0.00   -1.97   -2.41    0.07
  23 1345   19.50   17.13    0.00   -1.45   -3.77    0.06
   5 1415   18.21   16.63    9.91   -5.52   -0.75    0.34
   7 1415  -99.00  -99.00  -99.00  -99.00  -99.00  -99.00
   3 1415   18.83   17.00    9.91   -6.10   -0.21    0.21
  31 1415   18.69   17.33   42.93   -4.09   -0.61   -0.29
  27 1415   18.35   17.42    6.86   -1.07    0.50   -0.09
  17 1415   19.62   16.92   40.64   -5.17   -0.15    0.19
  11 1415   19.14   17.14    0.51   -5.04   -1.78    0.03
  19 1415   20.97   17.61    0.00   -3.18    0.16    0.03
  21 1415   20.97   17.57    0.00   -4.21   -1.19    0.09
  23 1415   20.25   17.12    0.00   -3.33   -2.12    0.25
   5 1445   19.41   17.32    9.91   -5.63    1.89    0.33
   7 1445  -99.00  -99.00  -99.00  -99.00  -99.00  -99.00
   3 1445   19.98   17.80    9.91   -5.00    1.53    0.11
  31 1445   20.18   18.34   42.93   -2.27    1.01   -0.16
  27 1445   20.33   18.54    6.86   -0.72    0.45    0.01
  17 1445   21.04   17.61   40.64   -5.24    0.79    0.25
  11 1445   21.24   18.03    0.51   -4.34    0.61   -0.01
  19 1445   23.10   18.39    0.00   -4.23    1.38   -0.06
  21 1445   23.41   18.21    0.00   -5.84    1.05    0.11
  23 1445   22.52   17.96    0.00   -4.50    1.15    0.32
   5 1515   21.81   18.41    9.91   -3.49    4.33    0.25
   7 1515  -99.00  -99.00  -99.00  -99.00  -99.00  -99.00
   3 1515   22.48   18.95    9.91   -2.75    3.11   -0.03
  31 1515   22.57   19.34   42.93   -1.97    2.56   -0.13
  27 1515   22.34   19.36    6.86   -0.17    1.05    0.15
  17 1515   24.28   18.43   40.64   -4.34    3.06    0.34
  11 1515   23.89   18.70    0.51   -3.77    3.29   -0.04
  19 1515   25.11   19.38    0.00   -3.07    2.63   -0.05
  21 1515   24.75   18.73    0.00   -5.87    3.51    0.06
  23 1515   24.25   18.63    0.00   -3.99    2.76    0.35
   5 1545   25.61   19.35    9.91   -2.40    6.57    0.25
   7 1545  -99.00  -99.00  -99.00  -99.00  -99.00  -99.00
   3 1545   26.42   19.86    9.91   -1.14    6.03   -0.22
  31 1545   26.81   20.57   42.93   -1.63    4.33   -0.05
  27 1545   25.43   19.81    6.86   -1.45    5.24    0.18
  17 1545   26.73   19.31   40.64   -3.29    5.29    0.35
  11 1545   26.42   19.50    0.51   -2.73    6.31   -0.12
  19 1545   27.18   20.24    0.00   -2.94    4.81   -0.09
  21 1545   26.75   19.72    0.00   -4.16    5.77    0.01
  23 1545   26.93   19.74    0.00   -2.29    4.97    0.31
   5 1615   27.79   19.79    9.91   -1.60    7.87    0.27
   7 1615  -99.00  -99.00  -99.00  -99.00  -99.00  -99.00
   3 1615   28.54   20.44    9.91   -0.64    6.35   -0.21
  31 1615   28.49   20.62   42.93   -0.95    6.19   -0.02
  27 1615   28.26   20.47    6.86   -0.51    6.10    0.46
  17 1615   28.72   19.94   40.64   -2.74    5.93    0.41
  11 1615   28.40   20.15    0.51   -1.52    6.97   -0.09
  19 1615   28.75   20.79    0.00   -2.52    5.80   -0.14
  21 1615   28.99   20.33    0.00   -2.71    7.13    0.04
  23 1615   29.09   20.28    0.00   -0.63    6.09    0.29
   5 1645   29.94   20.46    9.91   -0.82    7.11    0.26
   7 1645  -99.00  -99.00  -99.00  -99.00  -99.00  -99.00
   3 1645   30.35   20.72    9.91   -0.21    6.48   -0.21
  31 1645   30.40   20.93   42.93   -1.20    5.93   -0.05
  27 1645   29.89   20.34    6.86   -0.74    7.37    0.43
  17 1645   30.02   20.49   40.64   -1.68    6.08    0.37
  11 1645   30.08   20.41    0.51   -1.84    7.33   -0.13
  19 1645   30.49   21.20    0.00   -2.06    6.69   -0.21
  21 1645   30.85   20.80    0.00   -2.25    7.40    0.04
  23 1645   30.86   20.56    0.00   -0.84    6.29    0.29
   5 1715   30.77   21.25    9.91   -0.39    7.55    0.24
   7 1715  -99.00  -99.00  -99.00  -99.00  -99.00  -99.00
   3 1715   31.32   21.69    9.91   -0.18    6.29   -0.23
  31 1715   31.28   21.84   42.93   -0.56    6.09    0.01
  27 1715   31.06   21.34    6.86   -0.92    6.47    0.39
  17 1715   31.37   21.24    0.00   -1.57    6.09    0.41
  11 1715   31.10   21.47    0.51   -0.40    7.18   -0.09
  19 1715   31.64   21.91    0.00   -0.67    7.01   -0.20
  21 1715   31.70   21.27    0.00   -0.95    7.71    0.01
  23 1715   31.48   21.27    0.00   -0.85    6.23    0.29
   5 1745   31.31   21.78    9.91   -1.02    8.07    0.26
   7 1745  -99.00  -99.00  -99.00  -99.00  -99.00  -99.00
   3 1745   31.95   22.30    9.91   -0.19    6.79   -0.22
  31 1745   32.12   22.65   42.93    0.07    6.24    0.11
  27 1745   31.69   22.17    6.86   -0.63    6.55    0.43
  17 1745   31.84   21.96    0.00   -1.93    6.21    0.43
  11 1745   31.65   22.01    0.51   -0.25    7.63   -0.09
  19 1745   32.12   22.64    0.00   -2.25    6.79   -0.19
  21 1745   32.30   22.08    0.00   -2.00    7.58    0.03
  23 1745   32.32   22.12    0.00   -0.65    6.18    0.27
   5 1815   32.09   22.22    9.91   -1.41    8.01    0.31
   7 1815  -99.00  -99.00  -99.00  -99.00  -99.00  -99.00
   3 1815   32.62   22.65    9.91   -0.62    6.72   -0.18
  31 1815   32.79   23.04   42.93   -0.41    6.56    0.11
  27 1815   32.21   22.34    6.86   -0.99    7.67    0.47
  17 1815   32.45   22.25    0.00   -2.63    6.73    0.45
  11 1815   32.22   22.31    0.51   -0.93    8.07   -0.11
  19 1815   33.02   23.04    0.00   -2.17    6.93   -0.16
  21 1815   33.05   22.50    0.00   -2.63    8.34    0.04
  23 1815   32.74   22.39    0.00   -1.70    7.19    0.38
   5 1845   32.73   21.75    9.91   -1.75    6.73    0.25
   7 1845   33.35   22.08    0.00    0.29    5.96   -0.42
   3 1845   33.40   22.00    9.91   -1.24    6.56   -0.22
  31 1845   33.31   22.14   42.93   -0.91    5.95    0.01
  27 1845   33.15   21.79    6.86   -0.21    6.51    0.51
  17 1845   33.17   21.70    0.00   -2.53    6.37    0.45
  11 1845   33.02   21.54    0.51   -1.10    7.18   -0.06
  19 1845   33.78   22.51    0.00   -2.25    6.87   -0.18
  21 1845   33.75   21.69    0.00   -2.15    8.65    0.05
  23 1845   33.49   21.89    0.00   -1.16    6.79    0.30
   5 1915   33.04   21.54    9.91   -1.75    6.71    0.25
   7 1915  -99.00  -99.00  -99.00  -99.00  -99.00  -99.00
   3 1915   33.74   22.11    9.91   -1.29    5.46   -0.13
  31 1915  -99.00  -99.00  -99.00  -99.00  -99.00  -99.00
  27 1915   33.66   22.34    6.86   -0.87    5.24    0.33
  17 1915   33.21   22.12    0.00   -1.57    5.78    0.39
  11 1915   33.25   21.69    0.51   -1.19    6.61   -0.10
  19 1915   33.76   23.04    0.00   -2.61    5.94   -0.19
  21 1915   34.44   21.76    0.00   -1.95    7.02    0.08
  23 1915   34.16   22.30    0.00   -1.03    5.27    0.33
   5 1945   32.37   21.75    9.91   -1.97    5.47    0.25
   7 1945  -99.00  -99.00  -99.00  -99.00  -99.00  -99.00
   3 1945   33.34   22.32    9.91   -1.17    4.89   -0.15
  31 1945  -99.00  -99.00  -99.00  -99.00  -99.00  -99.00
  27 1945   33.30   22.55    6.86   -0.83    4.39    0.25
  17 1945   33.12   22.33    0.00   -2.20    4.76    0.38
  11 1945   32.91   21.97    0.51   -1.58    5.34   -0.04
  19 1945   34.01   23.15    0.00   -1.68    5.85   -0.17
  21 1945  -99.00  -99.00  -99.00  -99.00  -99.00  -99.00
  23 1945   33.59   22.19    0.00   -2.17    5.03    0.29
   5 2015   32.85   21.94    9.91   -2.06    6.01    0.27
   7 2015  -99.00  -99.00  -99.00  -99.00  -99.00  -99.00
   3 2015   33.52   22.45    9.91   -1.28    5.27   -0.17
  31 2015   33.86   23.01   42.93   -1.13    4.62   -0.05
  27 2015   33.13   22.55    6.86   -0.54    5.07    0.34
  17 2015   33.39   22.17    0.00   -2.49    5.33    0.35
  11 2015   33.12   22.33    0.51   -1.75    5.48   -0.09
  19 2015   33.91   22.98    0.00   -2.92    5.50   -0.15
  21 2015   34.24   22.29    0.00   -3.21    6.11    0.05
  23 2015   34.21   22.41    0.00   -1.15    5.63    0.27
   5 2045   33.35   22.30    9.91   -2.13    6.29    0.27
   7 2045   34.21   23.18    0.00   -0.31    4.53   -0.27
   3 2045   34.05   22.88    9.91   -1.05    5.40   -0.20
  31 2045   33.75   23.05   42.93   -0.88    4.55   -0.02
  27 2045   33.59   22.68    6.86   -0.85    5.21    0.25
  17 2045   33.66   22.58    0.00   -2.01    5.66    0.33
  11 2045   33.33   22.59    0.51   -1.92    5.73   -0.07
  19 2045   33.96   23.32    0.00   -2.38    5.39   -0.15
  21 2045   33.95   22.54    0.00   -3.59    6.01    0.04
  23 2045   32.88   21.97    0.00   -1.23    4.93    0.27
   5 2115   32.82   22.28    9.91   -2.87    5.47    0.29
   7 2115  -99.00  -99.00  -99.00  -99.00  -99.00  -99.00
   3 2115   33.52   22.76    9.91   -1.23    5.25   -0.17
  31 2115   34.49   23.33   42.93   -1.61    4.63   -0.07
  27 2115   33.91   22.45    6.86   -1.30    5.95    0.23
  17 2115   33.88   22.73    0.00   -1.38    5.23    0.33
  11 2115   33.62   22.58    0.51   -1.23    5.94   -0.10
  19 2115   34.62   23.55    0.00   -2.13    5.47   -0.13
  21 2115   34.08   22.42    0.00   -2.15    6.53    0.05
  23 2115   34.12   22.07    0.00   -2.47    5.47    0.37
   5 2145   32.43   22.19    9.91   -1.52    5.63    0.21
   7 2145  -99.00  -99.00  -99.00  -99.00  -99.00  -99.00
   3 2145   33.49   22.61    9.91   -1.12    5.17   -0.19
  31 2145   34.21   22.99   42.93   -1.93    4.40   -0.11
  27 2145   34.04   22.65    6.86   -1.62    4.36    0.07
  17 2145   33.92   22.57    0.00   -2.63    5.33    0.38
  11 2145   33.67   22.42    0.51   -1.68    5.57   -0.10
  19 2145   34.26   23.22    0.00   -3.02    5.17   -0.19
  21 2145   34.25   22.48    0.00   -2.49    6.14    0.01
  23 2145   33.67   22.02    0.00   -1.58    4.78    0.29
   5 2215   32.64   22.26    9.91   -2.06    4.90    0.24
   7 2215  -99.00  -99.00  -99.00  -99.00  -99.00  -99.00
   3 2215   33.48   22.66    9.91   -1.68    4.47   -0.12
  31 2215   34.30   23.15   42.93   -2.41    4.18   -0.15
  27 2215   33.96   22.57    6.86   -2.75    3.96   -0.25
  17 2215   33.40   22.36    0.00   -3.21    4.49    0.37
  11 2215   33.17   22.36    0.51   -2.28    5.07   -0.07
  19 2215   34.04   23.11    0.00   -3.09    4.87   -0.14
  21 2215   33.96   22.36    0.00   -3.30    5.51    0.05
  23 2215   33.33   21.80    0.00   -3.29    4.77    0.33
   5 2245   32.84   21.93    9.91   -4.15    4.74    0.39
   7 2245  -99.00  -99.00  -99.00  -99.00  -99.00  -99.00
   3 2245   33.49   22.41    9.91   -2.83    4.03   -0.12
  31 2245   33.70   22.64   42.93   -3.02    4.33   -0.19
  27 2245   33.36   22.03    6.86   -3.13    4.51   -0.31
  17 2245   33.10   22.05    0.00   -4.08    4.79    0.45
  11 2245   33.04   21.96    0.51   -3.74    4.87   -0.07
  19 2245   33.62   22.81    0.00   -3.51    4.71   -0.15
  21 2245   33.85   22.04    0.00   -4.48    5.67    0.07
  23 2245   32.64   21.37    0.00   -3.70    4.17    0.39
   5 2315   32.28   21.26    9.91   -4.63    4.81    0.41
   7 2315  -99.00  -99.00  -99.00  -99.00  -99.00  -99.00
   3 2315   32.83   21.67    9.91   -3.21    3.90   -0.05
  31 2315   33.08   22.02   42.93   -3.34    4.31   -0.27
  27 2315   33.48   21.98    6.86   -2.28    4.51   -0.06
  17 2315   32.55   21.50    0.00   -4.37    4.66    0.43
  11 2315   32.48   21.29    0.51   -4.03    4.96   -0.11
  19 2315   33.13   22.27    0.00   -3.57    4.65   -0.10
  21 2315   33.38   21.36    0.00   -4.82    5.07    0.10
  23 2315   32.51   20.87    0.00   -3.92    4.19    0.40
   5 2345   30.68   20.21    9.91   -3.85    4.88    0.35
   7 2345  -99.00  -99.00  -99.00  -99.00  -99.00  -99.00
   3 2345   31.33   20.62    9.91   -2.49    3.95   -0.11
  31 2345   31.76   21.02   42.93   -2.81    4.28   -0.19
  27 2345   32.29   21.17    6.86   -2.27    3.99   -0.08
  17 2345   31.31   20.36    0.00   -4.15    4.93    0.43
  11 2345   31.22   20.31    0.51   -3.68    5.23   -0.08
  19 2345   31.90   21.12    0.00   -3.93    4.46   -0.15
  21 2345   32.10   20.53    0.00   -4.50    5.46    0.05
  23 2345   31.49   20.47    0.00   -3.33    4.35    0.39
