   5   15   29.85   20.07    9.91   -2.84    4.57    0.27
   7   15  -99.00  -99.00  -99.00  -99.00  -99.00  -99.00
   3   15   30.50   20.54    9.91   -2.09    3.86   -0.17
  31   15   30.71   21.01   42.93   -2.11    3.33   -0.15
  27   15   31.16   21.23    6.86   -2.47    3.89   -0.14
  17   15   30.67   19.99    0.00   -3.41    4.41    0.33
  11   15   30.21   20.42    0.51   -2.79    4.23   -0.06
  19   15   31.29   20.76    0.00   -3.25    4.33   -0.12
  21   15   31.19   20.52    0.00   -3.95    4.54    0.03
  23   15   30.29   20.75    0.00   -3.09    3.66    0.33
   5   45   29.29   20.21    9.91   -3.56    4.71    0.29
   7   45  -99.00  -99.00  -99.00  -99.00  -99.00  -99.00
   3   45   29.92   20.71    9.91   -2.37    3.93   -0.16
  31   45   30.21   21.19   42.93   -2.41    3.81   -0.15
  27   45   30.47   21.30    6.86   -2.18    4.27   -0.08
  17   45   30.02   20.22    0.00   -3.71    4.07    0.37
  11   45   29.72   20.56    0.51   -3.46    4.59   -0.08
  19   45   30.57   21.01    0.00   -3.19    3.89   -0.11
  21   45   30.40   20.89    0.00   -4.60    4.41    0.07
  23   45   29.78   20.77    0.00   -3.19    4.13    0.36
   5  115   28.81   20.42    9.91   -3.67    4.78    0.29
   7  115  -99.00  -99.00  -99.00  -99.00  -99.00  -99.00
   3  115   29.37   20.88    9.91   -2.34    3.68   -0.11
  31  115  -99.00  -99.00  -99.00  -99.00  -99.00  -99.00
  27  115  -99.00  -99.00  -99.00  -99.00  -99.00  -99.00
  17  115   29.46   20.52    0.00   -4.12    4.15    0.38
  11  115   29.09   20.74    0.51   -3.29    4.21   -0.06
  19  115   29.93   21.41    0.00   -3.45    4.08   -0.13
  21  115   29.71   21.03    0.00   -4.43    4.58    0.07
  23  115   29.22   20.75    0.00   -3.23    4.21    0.35
   5  145   28.37   20.23    9.91   -4.05    4.25    0.33
   7  145  -99.00  -99.00  -99.00  -99.00  -99.00  -99.00
   3  145   28.83   20.63    9.91   -2.40    2.84   -0.03
  31  145  -99.00  -99.00  -99.00  -99.00  -99.00  -99.00
  27  145  -99.00  -99.00  -99.00  -99.00  -99.00  -99.00
  17  145   29.11   20.38    0.00   -4.43    3.89    0.36
  11  145   28.72   20.46    0.51   -3.52    3.95   -0.07
  19  145   29.56   21.20    0.00   -3.58    4.07   -0.12
  21  145   29.36   20.72    0.00   -4.53    4.73    0.06
  23  145   28.72   20.44    0.00   -3.08    3.49    0.31
   5  215   28.16   19.90    9.91   -4.11    4.22    0.36
   7  215  -99.00  -99.00  -99.00  -99.00  -99.00  -99.00
   3  215   28.62   20.35    9.91   -2.75    3.02   -0.05
  31  215   28.88   20.78   42.93   -2.52    3.03   -0.18
  27  215   29.22   20.80    6.86   -2.05    3.67   -0.07
  17  215   28.63   20.02    0.00   -4.33    3.10    0.31
  11  215   28.35   20.18    0.51   -3.49    3.72   -0.09
  19  215   29.20   20.83    0.00   -3.47    3.09   -0.08
  21  215   29.07   20.40    0.00   -4.61    3.85    0.05
  23  215   28.35   20.35    0.00   -3.03    3.35    0.30
   5  245   28.07   19.86    9.91   -3.20    5.72    0.29
   7  245  -99.00  -99.00  -99.00  -99.00  -99.00  -99.00
   3  245   28.62   20.31    9.91   -2.10    4.45   -0.15
  31  245   28.57   20.68   42.93   -1.55    3.95   -0.07
  27  245   28.89   20.67    6.86   -0.93    4.91    0.27
  17  245   28.51   19.85    0.00   -3.66    3.94    0.33
  11  245   28.11   20.11    0.00   -2.55    4.27   -0.05
  19  245   28.98   20.64    0.00   -2.86    3.65   -0.09
  21  245   28.74   20.31    0.00   -3.91    4.21    0.07
  23  245   28.06   20.26    0.00   -2.43    3.72    0.27
   5  315   27.56   19.88    9.91   -0.37    2.95    0.15
   7  315  -99.00  -99.00  -99.00  -99.00  -99.00  -99.00
   3  315   28.16   20.28    9.91    0.11    2.85   -0.07
  31  315   28.75   20.59   42.93   -0.24    3.26    0.08
  27  315   28.66   20.69    6.86   -1.55    1.60   -0.15
  17  315   28.57   19.82    0.00   -2.90    2.96    0.27
  11  315   28.12   20.05    0.00   -1.84    5.00   -0.08
  19  315   28.78   20.57    0.00   -2.01    4.62   -0.14
  21  315   28.24   20.19    0.00   -3.17    4.49    0.03
  23  315   27.67   20.13    0.00   -1.45    4.02    0.22
   5  345   25.40   19.99   10.41   -0.47   -5.13    0.03
   7  345  -99.00  -99.00  -99.00  -99.00  -99.00  -99.00
   3  345   26.52   20.40   10.67   -1.57   -4.19    0.34
  31  345   26.73   20.74   43.43    0.01   -4.38    0.08
  27  345   27.52   20.85    6.86    1.63   -4.52    0.15
  17  345   27.31   20.02    0.00    0.13   -3.08   -0.07
  11  345   26.93   20.26    0.25   -0.25   -3.62    0.19
  19  345   28.52   20.66    0.00    0.57   -2.57    0.18
  21  345   27.72   20.23    0.00   -0.83   -0.01    0.08
  23  345   27.14   20.45    0.00   -0.43   -1.43    0.06
   5  415   21.83   19.74   11.43    3.81   -1.44   -0.10
   7  415  -99.00  -99.00  -99.00  -99.00  -99.00  -99.00
   3  415   22.31   20.19   11.94    3.29   -1.60    0.11
  31  415   22.82   20.43   48.01    4.44   -0.63    0.52
  27  415   23.72   20.60    8.38    3.91    0.78    1.01
  17  415   22.41   19.78    1.02    4.27   -3.91   -0.13
  11  415   22.46   20.09    4.57    3.30   -4.37    0.27
  19  415   23.39   20.29    1.02    5.11   -5.14    0.43
  21  415   24.74   20.31    0.51    5.33   -6.07    0.36
  23  415   23.72   20.43    3.81    4.64   -4.27   -0.18
   5  445   21.30   19.64   12.45   -1.87    0.31    0.09
   7  445  -99.00  -99.00  -99.00  -99.00  -99.00  -99.00
   3  445   21.89   20.07   13.21   -1.81    0.34    0.04
  31  445   22.20   20.37   49.78    0.02   -0.17   -0.01
  27  445   22.44   20.18   10.67    2.02    1.44    0.51
  17  445   21.80   19.83    2.03   -1.39   -3.70   -0.05
  11  445   21.59   20.01    5.84   -0.45   -2.86    0.13
  19  445   21.51   20.28    2.29   -0.55   -2.31    0.14
  21  445   21.82   20.18    2.03   -0.69   -5.65    0.20
  23  445   21.61   20.06    6.10    1.33   -3.93   -0.05
   5  515   21.95   19.13   12.70   -3.49    2.45    0.23
   7  515  -99.00  -99.00  -99.00  -99.00  -99.00  -99.00
   3  515   22.29   19.65   13.72   -2.46    2.69   -0.07
  31  515   21.72   20.29   50.29   -0.61    1.57   -0.03
  27  515   22.18   19.96   11.68   -2.27    3.15   -0.37
  17  515   21.89   19.92    2.03   -2.93    0.74    0.17
  11  515   22.28   19.85    6.10   -2.53    0.33    0.01
  19  515   22.39   20.26    2.79   -1.52    0.54    0.00
  21  515   22.14   20.19    2.03   -0.88   -3.61    0.11
  23  515   21.63   20.20    6.86   -0.21   -1.89    0.02
   5  545   22.23   18.31   12.70   -4.77    3.71    0.33
   7  545  -99.00  -99.00  -99.00  -99.00  -99.00  -99.00
   3  545   22.64   18.70   13.72   -3.11    3.60   -0.11
  31  545   22.47   19.48   50.29   -2.70    3.05   -0.21
  27  545   22.01   19.73   11.68   -1.36    3.49   -0.03
  17  545   22.14   19.16    2.29   -4.54    2.45    0.30
  11  545   22.31   19.36    6.10   -2.93    1.53   -0.04
  19  545   22.87   19.83    3.05   -2.71    1.56   -0.03
  21  545   22.92   19.63    2.29   -3.04    1.60    0.05
  23  545   22.18   20.01    7.11   -1.34    0.53    0.13
   5  615   23.13   18.12   12.70   -3.92    3.19    0.28
   7  615  -99.00  -99.00  -99.00  -99.00  -99.00  -99.00
   3  615   22.85   18.61   13.72   -2.31    2.59   -0.07
  31  615   22.93   19.22   50.29   -1.10    1.19   -0.06
  27  615   24.05   19.18   11.68   -1.76    2.42   -0.24
  17  615   22.65   18.76    2.29   -3.01    1.63    0.21
  11  615   24.06   18.61    6.10   -2.13    2.37   -0.02
  19  615   22.96   19.25    3.05   -1.61    1.03   -0.01
  21  615   23.71   19.36    2.29   -2.13    1.41    0.03
  23  615   23.06   19.05    7.11    0.14    0.71    0.03
   5  645   22.83   18.25   12.70   -2.34    2.70    0.20
   7  645  -99.00  -99.00  -99.00  -99.00  -99.00  -99.00
   3  645   23.60   18.77   13.72   -2.03    3.49   -0.15
  31  645   22.51   19.31   50.29   -0.59    1.13   -0.03
  27  645   23.19   19.34   11.68   -0.63    2.34    0.00
  17  645   22.55   18.68    2.29   -1.15    1.61    0.11
  11  645   23.23   19.07    6.10   -1.57    2.55    0.00
  19  645   23.23   19.48    3.05   -1.27    2.15   -0.05
  21  645   23.41   19.61    2.29   -0.55    1.87    0.00
  23  645   23.94   19.47    7.11    0.55    1.35    0.00
   5  715   22.75   18.47   12.70   -1.38    3.96    0.15
   7  715  -99.00  -99.00  -99.00  -99.00  -99.00  -99.00
   3  715   24.65   19.10   13.72   -1.57    4.67   -0.16
  31  715   22.63   19.34   50.29    0.30    2.57    0.03
  27  715   23.49   19.46   11.68    0.59    3.89    0.40
  17  715   22.28   18.71    2.29   -1.79    0.86    0.03
  11  715   23.18   19.08    6.10   -1.59    3.03   -0.01
  19  715   21.49   19.49    3.05   -1.81    1.11   -0.01
  21  715   23.68   19.84    2.29   -1.11    3.71   -0.01
  23  715   24.49   19.56    7.11   -0.02    2.19    0.05
   5  745   22.90   18.86   12.70   -1.04    5.57    0.17
   7  745  -99.00  -99.00  -99.00  -99.00  -99.00  -99.00
   3  745   25.06   19.71   13.72   -0.07    5.00   -0.18
  31  745   23.46   19.75   50.29    0.64    3.26    0.10
  27  745   24.24   19.75   11.68   -1.85    0.19   -0.43
  17  745   22.42   18.91    2.29   -1.69    0.84    0.07
  11  745   22.98   19.42    6.10   -0.19    4.05   -0.03
  19  745   24.51   20.08    3.05   -0.88    4.25   -0.07
  21  745   25.01   20.10    2.29   -1.59    4.92    0.01
  23  745   22.74   19.64    7.11    1.15    3.73    0.05
   5  815   23.08   19.23   12.70   -2.05    1.93    0.17
   7  815  -99.00  -99.00  -99.00  -99.00  -99.00  -99.00
   3  815   24.38   19.88   13.72   -1.73    2.40    0.01
  31  815   14.78   17.86    0.00   -1.77    0.23   -0.10
  27  815   23.23   19.28   11.68   -1.11   -0.27   -0.23
  17  815   22.90   19.21    2.29   -1.48    0.84    0.05
  11  815   23.35   19.72    6.10   -1.63    1.85   -0.01
  19  815   24.63   20.12    3.05   -0.55    4.21   -0.07
  21  815   24.90   19.99    2.29   -1.25    4.89    0.01
  23  815   23.45   19.85    7.11   -1.25    2.32    0.17
   5  845   23.27   19.25   12.70   -3.81    1.14    0.19
   7  845  -99.00  -99.00  -99.00  -99.00  -99.00  -99.00
   3  845   23.39   19.64   13.72   -2.71    1.34    0.03
  31  845   22.50   19.44    0.00   -2.03    0.13   -0.14
  27  845   22.66   19.30   11.68   -0.76    0.59   -0.09
  17  845   22.81   19.39    0.00   -3.27    0.27    0.15
  11  845   23.91   19.81    6.10   -3.05    1.44   -0.03
  19  845   23.29   19.78    3.05   -1.41    1.31   -0.01
  21  845   24.11   19.82    2.29   -3.09    2.52    0.07
  23  845   23.05   19.79    7.11   -1.67    0.58    0.14
   5  915   22.00   18.99   12.70   -4.53    0.94    0.22
   7  915  -99.00  -99.00  -99.00  -99.00  -99.00  -99.00
   3  915   22.25   19.35   13.72   -3.54    1.27    0.06
  31  915   21.84   19.55    0.00   -1.69    0.62   -0.09
  27  915   22.69   19.88   11.68   -0.60    0.40   -0.08
  17  915   22.28   19.32    0.00   -3.50    0.25    0.16
  11  915   21.72   19.36    6.10   -3.17   -0.29    0.00
  19  915   22.83   19.71    3.05   -1.57    1.53   -0.07
  21  915   23.79   19.87    2.29   -3.29    1.86    0.03
  23  915   21.50   19.37    7.11   -1.51    0.05    0.10
   5  945   21.47   19.10   12.70   -4.61    1.53    0.22
   7  945  -99.00  -99.00  -99.00  -99.00  -99.00  -99.00
   3  945   21.34   19.31   13.72   -3.03    1.45    0.04
  31  945   21.18   19.55    0.00   -1.73    0.29   -0.10
  27  945   21.99   19.86   11.68   -0.37    0.87    0.01
  17  945   20.96   19.03    0.00   -3.05    0.25    0.18
  11  945   21.39   19.29    6.10   -2.77    0.98   -0.01
  19  945   22.27   19.58    3.05   -1.13    1.27   -0.05
  21  945   23.13   19.71    2.29   -2.91    2.62    0.02
  23  945   20.84   19.21    7.11   -1.75    0.77    0.15
   5 1015   21.48   19.23   12.70   -4.80    1.55    0.26
   7 1015  -99.00  -99.00  -99.00  -99.00  -99.00  -99.00
   3 1015   21.39   19.49   13.72   -3.39    1.70    0.02
  31 1015   21.31   19.73    0.00   -1.41    0.20   -0.07
  27 1015   21.87   19.87   11.68   -0.61    0.72   -0.04
  17 1015   20.76   19.00    0.00   -3.07    0.35    0.15
  11 1015   21.36   19.48    6.10   -2.89    0.83   -0.03
  19 1015   21.87   19.56    3.05   -1.25    1.37   -0.04
  21 1015   22.42   19.63    2.29   -2.45    1.49    0.03
  23 1015   20.92   19.42    7.11   -1.63    0.67    0.13
   5 1045   21.42   19.39   12.70   -1.53   -1.77    0.09
   7 1045  -99.00  -99.00  -99.00  -99.00  -99.00  -99.00
   3 1045   21.63   19.77   13.72   -1.59   -0.51    0.09
  31 1045   21.60   20.03    0.00   -0.53   -1.35    0.01
  27 1045   21.69   19.82   11.68   -0.01   -0.91   -0.02
  17 1045   20.99   19.24    0.00   -0.39   -1.42   -0.01
  11 1045   21.51   19.75    6.10   -2.54   -0.29    0.01
  19 1045   21.41   19.57    3.05   -0.33   -0.14    0.03
  21 1045   22.22   19.68    2.29   -2.82    1.47    0.04
  23 1045   20.83   19.51    7.11   -1.33    0.80    0.08
   5 1115   20.85   19.23   12.70    0.83   -2.91   -0.01
   7 1115  -99.00  -99.00  -99.00  -99.00  -99.00  -99.00
   3 1115   21.38   19.70   13.72    0.37   -2.61    0.16
  31 1115   21.52   20.01    0.00    1.71   -3.70    0.23
  27 1115   21.83   19.96   11.68   -0.29   -3.65   -0.22
  17 1115   20.78   19.30    0.00    0.92   -3.71   -0.13
  11 1115   21.31   19.71    6.10    0.83   -3.43    0.19
  19 1115   21.15   19.67    3.05    1.56   -3.21    0.27
  21 1115   21.61   19.77    2.29    1.13   -2.13    0.07
  23 1115   21.14   19.78    7.11    0.42   -3.03   -0.01
   5 1145   20.51   19.01   12.70    0.23   -4.65    0.06
   7 1145  -99.00  -99.00  -99.00  -99.00  -99.00  -99.00
   3 1145   21.03   19.47   13.72   -0.05   -4.13    0.27
  31 1145   21.19   19.61    0.00    1.55   -4.70    0.19
  27 1145   21.48   19.51   11.68   -0.15   -3.94   -0.25
  17 1145   20.74   19.19    0.00    0.67   -4.25   -0.12
  11 1145   20.98   19.49    6.10    0.48   -5.19    0.23
  19 1145   21.18   19.69    3.05    1.80   -4.11    0.27
  21 1145   21.40   19.89    2.29    1.69   -4.27    0.17
  23 1145   21.19   19.81    7.11    0.83   -4.46   -0.04
   5 1215   20.04   18.57   12.70   -1.13   -3.34    0.09
   7 1215  -99.00  -99.00  -99.00  -99.00  -99.00  -99.00
   3 1215   20.50   18.96   13.72   -1.59   -3.03    0.25
  31 1215   20.72   19.19    0.00   -0.05   -2.61    0.01
  27 1215   20.96   19.06   11.68   -1.19   -1.87   -0.30
  17 1215   20.44   18.74    0.00   -0.67   -3.56   -0.10
  11 1215   20.47   18.94    6.10   -1.05   -4.50    0.19
  19 1215   21.00   19.36    3.05    0.24   -3.61    0.23
  21 1215   21.01   19.51    2.29    0.46   -4.61    0.17
  23 1215   20.67   19.14    7.11    0.47   -5.22   -0.03
   5 1245   20.50   18.80   12.70   -3.21   -2.39    0.21
   7 1245  -99.00  -99.00  -99.00  -99.00  -99.00  -99.00
   3 1245   20.98   19.17   13.72   -3.80   -2.09    0.25
  31 1245   21.07   19.49    0.00   -2.35   -1.51   -0.17
  27 1245   21.03   19.23   11.68   -1.11   -0.76   -0.19
  17 1245   20.73   18.84    0.00   -3.57   -2.59    0.05
  11 1245   20.58   18.96    6.10   -2.93   -3.11    0.11
  19 1245   21.02   19.38    3.05   -1.17   -1.73    0.11
  21 1245   21.07   19.22    2.29   -1.91   -3.96    0.16
  23 1245   20.90   19.10    7.11   -1.13   -3.85    0.05
   5 1315   21.47   19.24   12.70   -3.57   -3.06    0.25
   7 1315  -99.00  -99.00  -99.00  -99.00  -99.00  -99.00
   3 1315   21.75   19.56   13.72   -4.05   -2.55    0.32
  31 1315   21.73   19.81    0.00   -3.12   -1.95   -0.23
  27 1315   21.91   19.75   11.68   -1.03   -0.83   -0.17
  17 1315   21.62   19.23    0.00   -4.33   -3.03    0.09
  11 1315   21.07   19.29    6.10   -3.25   -3.17    0.12
  19 1315   21.80   19.63    3.05   -2.45   -2.17    0.15
  21 1315   21.74   19.53    2.29   -2.71   -3.15    0.11
  23 1315   21.67   19.51    7.11   -2.59   -3.66    0.17
   5 1345   22.55   19.65   12.70   -3.75   -3.35    0.23
   7 1345  -99.00  -99.00  -99.00  -99.00  -99.00  -99.00
   3 1345   22.84   20.07   13.72   -5.16   -1.88    0.31
  31 1345   22.88   20.36    0.00   -3.50   -2.01   -0.26
  27 1345   22.91   20.08   11.68   -1.61   -0.89   -0.28
  17 1345   23.00   19.80    0.00   -4.85   -2.80    0.07
  11 1345   22.59   19.91    6.10   -4.20   -2.96    0.11
  19 1345   23.37   20.43    3.05   -3.13   -1.73    0.11
  21 1345   23.76   20.47    2.29   -3.82   -2.44    0.11
  23 1345   23.57   20.34    7.11   -3.83   -2.71    0.28
   5 1415   23.52   20.13   12.70   -3.74   -2.45    0.23
   7 1415  -99.00  -99.00  -99.00  -99.00  -99.00  -99.00
   3 1415   23.84   20.52   13.72   -4.67   -1.49    0.29
  31 1415   23.79   20.71    0.00   -3.77   -1.59   -0.33
  27 1415   23.71   20.56   11.68   -1.15   -0.60   -0.21
  17 1415   23.74   20.09    0.00   -5.17   -2.21    0.11
  11 1415   22.94   20.07    6.10   -3.99   -2.75    0.09
  19 1415   24.26   20.92    3.05   -3.38   -1.32    0.09
  21 1415   25.14   21.09    2.29   -4.65   -1.19    0.13
  23 1415   24.11   20.74    7.11   -4.17   -0.91    0.31
   5 1445   23.62   20.09   12.70   -4.21   -3.32    0.25
   7 1445  -99.00  -99.00  -99.00  -99.00  -99.00  -99.00
   3 1445   24.04   20.58   13.72   -4.79   -2.43    0.32
  31 1445   24.15   20.86    0.00   -3.83   -2.15   -0.31
  27 1445   24.32   20.78   11.68   -1.75   -1.08   -0.38
  17 1445   23.99   20.14    0.00   -4.89   -2.49    0.10
  11 1445   23.54   20.37    6.10   -4.31   -3.11    0.12
  19 1445   24.46   21.10    3.05   -2.31   -1.77    0.13
  21 1445   25.48   21.25    2.29   -4.41   -1.41    0.11
  23 1445   24.70   21.11    7.11   -4.34   -1.44    0.34
   5 1515   23.76   20.31   12.70   -5.02   -2.18    0.30
   7 1515  -99.00  -99.00  -99.00  -99.00  -99.00  -99.00
   3 1515   24.14   20.61   13.72   -5.67   -1.67    0.31
  31 1515   24.48   21.00    0.00   -4.43   -1.45   -0.36
  27 1515   24.79   21.15   11.68   -1.51   -0.74   -0.32
  17 1515   24.13   20.25    0.00   -5.67   -1.44    0.18
  11 1515   23.96   20.69    6.10   -4.47   -2.19    0.05
  19 1515   24.77   21.39    3.05   -2.83   -1.81    0.13
  21 1515   25.77   21.40    2.29   -4.56   -1.79    0.14
  23 1515   24.74   21.08    7.11   -4.15   -1.85    0.30
   5 1545   25.10   20.98   12.70   -6.42   -1.54    0.37
   7 1545  -99.00  -99.00  -99.00  -99.00  -99.00  -99.00
   3 1545   25.44   21.29   13.72   -6.99   -0.91    0.25
  31 1545   25.92   21.87    0.00   -4.62   -0.79   -0.33
  27 1545   25.74   21.71   11.68   -1.53   -0.12   -0.26
  17 1545   26.02   21.21    0.00   -6.91    0.23    0.29
  11 1545   25.58   21.48    6.10   -5.30   -2.22    0.10
  19 1545   26.59   22.05    3.05   -4.37   -1.01    0.07
  21 1545   26.94   21.92    2.29   -5.32   -1.35    0.14
  23 1545   26.02   21.66    7.11   -4.98   -1.63    0.40
   5 1615   26.80   21.51   12.70   -7.46   -1.94    0.45
   7 1615  -99.00  -99.00  -99.00  -99.00  -99.00  -99.00
   3 1615   26.93   21.72   13.72   -7.71   -1.23    0.34
  31 1615   27.56   22.34    0.00   -5.90   -0.95   -0.47
  27 1615   27.50   22.40   11.68   -2.04    0.23   -0.34
  17 1615   27.33   21.54    0.00   -7.61    0.23    0.33
  11 1615   27.13   21.88    6.10   -6.21   -1.77    0.07
  19 1615   27.87   22.43    3.05   -6.20    0.61   -0.01
  21 1615   28.15   22.39    2.29   -6.70   -0.47    0.09
  23 1615   27.53   22.07    7.11   -5.75   -0.42    0.44
   5 1645   27.77   22.00   12.70   -7.87   -2.20    0.44
   7 1645  -99.00  -99.00  -99.00  -99.00  -99.00  -99.00
   3 1645   28.31   22.41   13.72   -7.76   -0.13    0.29
  31 1645   28.73   22.90    0.00   -6.07   -0.59   -0.45
  27 1645   28.53   22.72   11.68   -2.26    0.01   -0.29
  17 1645   28.75   22.25    0.00   -7.77    0.62    0.37
  11 1645   28.33   22.43    6.10   -6.85   -0.79    0.03
  19 1645   29.34   23.16    3.05   -5.99    0.72    0.02
  21 1645   29.34   23.00    2.29   -7.37    0.35    0.11
  23 1645   28.49   22.83    7.11   -6.53    0.19    0.49
   5 1715   28.64   22.39   12.70   -6.69   -2.41    0.41
   7 1715  -99.00  -99.00  -99.00  -99.00  -99.00  -99.00
   3 1715   28.91   22.73   13.72   -7.22   -1.38    0.29
  31 1715   29.44   23.21    0.00   -5.97   -1.25   -0.47
  27 1715   29.25   23.09   11.68   -2.39   -0.36   -0.45
  17 1715   29.60   22.95    0.00   -6.97   -0.77    0.29
  11 1715   29.28   23.24    6.10   -6.20   -1.11    0.07
  19 1715   30.50   23.94    3.05   -5.93   -0.03    0.11
  21 1715   30.88   23.72    2.29   -7.29   -0.15    0.14
  23 1715   29.58   23.42    7.11   -6.92    0.24    0.56
   5 1745   29.46   22.93   12.70   -7.90    0.06    0.43
   7 1745  -99.00  -99.00  -99.00  -99.00  -99.00  -99.00
   3 1745   29.71   23.26   13.72   -7.85   -0.29    0.27
  31 1745   30.10   23.67    0.00   -6.81   -0.51   -0.58
  27 1745   30.46   23.99   11.68   -1.88    0.36   -0.22
  17 1745   30.09   23.35    0.00   -8.35    0.41    0.39
  11 1745   29.79   23.55    6.10   -6.90   -1.01    0.07
  19 1745   31.16   24.34    3.05   -5.85   -0.83    0.09
  21 1745   32.09   24.39    2.29   -6.74   -1.31    0.17
  23 1745   30.30   23.90    7.11   -6.56   -1.18    0.47
   5 1815   30.54   23.76   12.70   -7.54    0.36    0.45
   7 1815  -99.00  -99.00  -99.00  -99.00  -99.00  -99.00
   3 1815   30.91   24.09   13.72   -7.45    1.25    0.21
  31 1815   31.19   24.46    0.00   -6.62    0.45   -0.53
  27 1815   31.40   24.57   11.68   -2.23    0.41   -0.27
  17 1815   30.92   23.87    0.00   -8.60    0.89    0.37
  11 1815   30.83   24.20    6.10   -6.87   -0.65    0.02
  19 1815   32.70   25.07    3.05   -5.91    1.42   -0.05
  21 1815   33.88   24.50    2.29   -6.35    2.42    0.11
  23 1815   31.34   24.37    7.11   -7.22    0.50    0.56
   5 1845   31.83   24.38   12.70   -7.01    0.94    0.43
   7 1845   32.95   25.19    0.00    0.26    0.29    0.04
   3 1845   32.18   24.69   13.72   -6.85    1.37    0.18
  31 1845   32.47   25.08    0.00   -5.86    1.37   -0.50
  27 1845   32.54   25.17   11.68   -2.59    0.76   -0.35
  17 1845   32.57   24.35    0.00   -7.43    2.09    0.43
  11 1845   32.27   24.77    6.10   -5.86    0.61    0.05
  19 1845   34.49   24.96    3.05   -4.15    3.89   -0.07
  21 1845   34.55   24.47    2.29   -5.50    5.27    0.11
  23 1845   33.40   24.38    7.11   -5.01    3.85    0.44
   5 1915   33.54   24.61   12.70   -5.42    3.43    0.37
   7 1915   34.65   25.34    0.00   -1.23    2.77   -0.56
   3 1915   34.18   25.10   13.72   -4.23    3.31    0.01
  31 1915   34.08   25.37    0.00   -4.83    2.54   -0.39
  27 1915   34.12   25.52   11.68   -3.09    2.11   -0.45
  17 1915   34.09   24.25    0.00   -5.09    4.95    0.45
  11 1915   33.85   24.51    6.10   -4.51    5.48   -0.11
  19 1915   34.74   25.02    3.05   -3.99    5.08   -0.13
  21 1915   34.94   24.64    0.00   -5.75    6.40    0.08
  23 1915   34.04   24.55    7.11   -4.37    5.55    0.48
   5 1945   34.22   24.37   12.70   -4.95    5.93    0.41
   7 1945   35.07   25.22    0.00   -1.45    4.62   -0.61
   3 1945   34.92   24.99   13.72   -3.43    4.66   -0.07
  31 1945   34.93   25.21    0.00   -3.58    4.71   -0.25
  27 1945   34.74   25.10   11.68   -3.03    4.78   -0.17
  17 1945   34.50   24.47    0.00   -4.71    5.38    0.47
  11 1945   34.24   24.72    6.10   -4.64    5.34   -0.08
  19 1945   34.89   25.23    3.05   -3.47    5.95   -0.17
  21 1945   35.13   24.96    0.00   -5.37    6.35    0.09
  23 1945   34.16   24.46    7.11   -5.14    5.24    0.54
   5 2015   34.30   24.48   12.70   -4.44    6.59    0.39
   7 2015   35.08   25.44    0.00   -0.89    5.00   -0.49
   3 2015   34.96   25.07   13.72   -3.18    5.29   -0.13
  31 2015   35.09   25.32    0.00   -3.69    5.15   -0.22
  27 2015   35.05   25.01   11.68   -2.78    5.52   -0.10
  17 2015   34.43   24.84    0.00   -4.49    5.87    0.49
  11 2015   34.19   24.97    6.10   -4.37    6.45   -0.09
  19 2015   34.83   25.53    3.05   -4.49    5.14   -0.17
  21 2015   35.22   25.25    0.00   -5.79    6.87    0.08
  23 2015   34.25   25.01    7.11   -4.54    5.74    0.51
   5 2045   34.26   24.93   12.70   -4.18    6.49    0.37
   7 2045   35.18   25.81    0.00   -0.52    5.05   -0.41
   3 2045   35.00   25.61   13.72   -2.70    5.47   -0.13
  31 2045  -99.00  -99.00  -99.00  -99.00  -99.00  -99.00
  27 2045   34.81   25.36   11.68   -3.37    6.64   -0.16
  17 2045   34.70   24.81    0.00   -3.59    5.84    0.45
  11 2045   34.23   25.18    0.00   -4.35    6.83   -0.11
  19 2045   35.03   25.49    3.05   -3.72    6.31   -0.17
  21 2045   35.44   25.18    0.00   -4.55    7.83    0.03
  23 2045   34.35   25.16    7.11   -4.47    5.90    0.53
   5 2115   34.35   24.70   12.70   -3.37    7.17    0.36
   7 2115   35.37   25.70    0.00   -0.40    5.03   -0.33
   3 2115   34.96   25.15   13.72   -2.37    6.19   -0.23
  31 2115   35.15   25.47    0.00   -3.02    5.55   -0.17
  27 2115   35.05   25.36   11.68   -3.07    6.27   -0.05
  17 2115   34.48   24.90    0.00   -3.79    6.29    0.45
  11 2115   34.45   25.05    0.00   -4.05    6.93   -0.09
  19 2115   35.14   25.77    3.05   -3.52    6.06   -0.14
  21 2115   35.36   25.47    0.00   -4.75    7.38    0.05
  23 2115   34.61   25.05    7.11   -3.95    6.20    0.50
   5 2145   34.39   24.78   12.70   -2.33    7.57    0.29
   7 2145   35.15   25.70    0.00   -0.72    4.95   -0.42
   3 2145   35.08   25.43   13.72   -1.25    6.73   -0.22
  31 2145   35.18   25.69    0.00   -2.59    5.83   -0.15
  27 2145   35.17   25.20   11.68   -2.51    6.19    0.08
  17 2145   34.72   24.88    0.00   -3.03    6.23    0.45
  11 2145   34.52   25.26    0.00   -2.62    7.07   -0.07
  19 2145   35.25   25.45    3.05   -3.23    6.63   -0.20
  21 2145   35.70   25.27    0.00   -4.08    7.31    0.12
  23 2145   34.41   24.92    7.11   -4.33    6.13    0.47
   5 2215   34.14   24.58   12.70   -3.81    7.55    0.37
   7 2215   35.09   25.44    0.00   -0.29    5.54   -0.35
   3 2215   34.96   25.32   13.72   -2.31    5.83   -0.15
  31 2215   35.02   25.53    0.00   -2.07    5.55   -0.08
  27 2215   35.08   25.18   11.68   -2.90    6.47   -0.08
  17 2215   34.52   24.84    0.00   -3.88    6.52    0.45
  11 2215   34.31   24.93    0.00   -3.03    7.40   -0.11
  19 2215   35.11   25.49    3.05   -3.30    6.31   -0.19
  21 2215   35.26   25.08    0.00   -4.39    7.64    0.07
  23 2215   34.56   24.87    7.11   -3.59    6.36    0.45
   5 2245   33.91   24.39   12.70   -3.39    7.95    0.35
   7 2245   34.71   25.22    0.00   -0.25    5.31   -0.31
   3 2245   34.65   24.93   13.72   -2.34    7.19   -0.22
  31 2245   34.77   25.25    0.00   -1.96    5.96   -0.09
  27 2245   34.98   24.99   11.68   -2.81    6.19   -0.01
  17 2245   34.32   24.62    0.00   -3.17    6.65    0.49
  11 2245   34.06   24.77    0.00   -3.45    7.85   -0.11
  19 2245   34.81   25.13    3.05   -3.37    6.99   -0.23
  21 2245   35.03   25.02    0.00   -4.45    8.37    0.05
  23 2245   34.23   24.82    7.11   -3.09    6.98    0.43
   5 2315   32.99   24.25   12.70   -4.01    7.19    0.39
   7 2315   33.68   24.93    0.00   -0.36    4.85   -0.27
   3 2315   33.64   24.76   13.72   -2.75    6.19   -0.19
  31 2315   33.87   25.04    0.00   -2.93    5.65   -0.15
  27 2315   34.29   24.94   11.68   -2.24    6.54    0.22
  17 2315   33.67   24.06    0.00   -3.35    6.82    0.47
  11 2315   33.34   24.63    0.00   -3.61    7.15   -0.11
  19 2315   34.28   24.70    3.05   -3.53    6.82   -0.25
  21 2315   34.68   24.64    0.00   -3.87    8.23    0.07
  23 2315   33.50   24.69    7.11   -3.95    6.30    0.49
   5 2345   32.11   23.66   12.70   -3.09    6.45    0.32
   7 2345   32.61   24.17    0.00   -0.05    4.35   -0.23
   3 2345   32.70   24.13   13.72   -2.29    5.81   -0.20
  31 2345   32.80   24.74    0.00   -2.75    4.99   -0.17
  27 2345   33.12   24.64   11.68   -2.48    5.73    0.04
  17 2345   32.82   23.70    0.00   -3.43    5.82    0.43
  11 2345   32.68   23.98    0.00   -3.04    6.73   -0.11
  19 2345   33.55   24.44    3.05   -2.62    6.47   -0.23
  21 2345   34.05   24.38    0.00   -3.34    8.11    0.03
  23 2345   32.78   24.44    7.11   -2.72    5.92    0.36
