   5   15   32.01   23.50   12.70   -3.17    7.32    0.30
   7   15   32.16   24.09    0.00    0.17    4.18   -0.20
   3   15   32.52   23.93   13.72   -2.09    6.27   -0.16
  31   15   32.45   24.31    0.00   -1.72    4.86   -0.07
  27   15   32.72   24.80   11.68   -2.39    4.96   -0.05
  17   15   32.47   23.78    0.00   -3.41    6.05    0.44
  11   15   32.37   23.74    0.00   -2.84    7.44   -0.13
  19   15   33.10   24.52    3.05   -2.89    6.27   -0.20
  21   15   33.39   24.36    0.00   -3.58    7.92    0.02
  23   15   32.55   23.97    7.11   -2.37    6.31    0.39
   5   45   31.56   23.61   12.70   -2.32    6.81    0.31
   7   45   32.03   24.12    0.00    0.24    5.17   -0.30
   3   45   32.11   24.05   13.72   -1.63    6.03   -0.19
  31   45   32.07   24.30    0.00   -1.59    4.85   -0.04
  27   45   32.13   24.75   11.68   -1.64    4.75    0.15
  17   45   32.26   23.82    0.00   -3.23    6.39    0.43
  11   45   31.99   23.94    0.00   -2.42    7.06   -0.11
  19   45   32.63   24.52    3.05   -2.49    5.89   -0.15
  21   45   32.64   24.27    0.00   -3.17    7.15    0.05
  23   45   31.77   24.00    7.11   -2.41    5.11    0.32
   5  115   31.16   23.64   12.70   -1.73    6.29    0.25
   7  115   31.67   24.10    0.00    0.35    5.20   -0.33
   3  115   31.62   24.08   13.72   -0.97    5.20   -0.15
  31  115   31.63   24.38    0.00   -1.35    4.41   -0.05
  27  115   31.32   24.70   11.68   -1.20    3.49    0.11
  17  115   31.75   23.79    0.00   -2.33    5.61    0.35
  11  115   31.45   23.94    0.00   -1.82    6.20   -0.05
  19  115   32.30   24.42    3.05   -2.27    5.89   -0.16
  21  115   32.05   24.15    0.00   -2.86    6.65    0.02
  23  115   31.24   24.07    7.11   -1.83    4.97    0.26
   5  145   30.78   23.47   12.70   -2.45    7.14    0.29
   7  145   31.08   23.93    0.00    0.22    5.03   -0.28
   3  145   31.27   23.92   13.72   -1.63    6.19   -0.18
  31  145   31.36   24.24    0.00   -1.77    5.44   -0.07
  27  145   31.01   24.56   11.68   -1.61    5.19    0.16
  17  145   31.03   23.64    0.00   -2.45    5.53    0.35
  11  145   31.06   23.76    0.00   -2.38    7.23   -0.09
  19  145   31.50   24.24    3.05   -2.10    6.07   -0.15
  21  145   31.35   23.93    0.00   -2.77    7.43    0.03
  23  145   30.79   23.85    7.11   -2.13    5.58    0.31
   5  215   30.27   23.20   12.70   -1.95    7.49    0.27
   7  215   30.73   23.62    0.00    0.30    6.22   -0.42
   3  215   30.67   23.65   13.72   -0.95    6.09   -0.17
  31  215   30.79   23.96    0.00   -1.51    5.35   -0.05
  27  215   31.03   23.99   11.68   -1.49    6.21    0.29
  17  215   30.51   23.17    0.00   -1.63    5.88    0.39
  11  215   30.40   23.39    0.00   -1.83    6.81   -0.08
  19  215   31.08   23.65    3.05   -1.89    7.17   -0.19
  21  215   30.86   23.50    0.00   -2.47    7.87    0.03
  23  215   30.08   23.50    7.11   -1.45    5.24    0.26
   5  245   29.92   22.81   12.70   -1.43    8.00    0.27
   7  245   30.56   23.26    0.00    0.54    7.47   -0.47
   3  245   30.43   23.21   13.72   -0.37    6.72   -0.23
  31  245   30.58   23.53    0.00   -1.32    6.31    0.01
  27  245   30.71   23.61   11.68   -1.37    7.03    0.39
  17  245   30.17   22.87    0.00   -1.64    6.73    0.41
  11  245   30.22   23.03    0.00   -1.69    7.96   -0.09
  19  245   30.57   23.43    3.05   -1.97    7.18   -0.19
  21  245   30.52   23.18    0.00   -2.67    8.53    0.05
  23  245   29.65   23.24    7.11   -1.53    6.08    0.31
   5  315   29.48   22.52   12.70   -0.85    8.91    0.29
   7  315   29.99   22.97    0.00    0.59    7.73   -0.53
   3  315   30.02   22.95   13.72   -0.09    7.51   -0.27
  31  315   30.14   23.24    0.00   -0.88    6.82    0.05
  27  315   30.40   23.28   11.68   -0.78    8.30    0.53
  17  315   29.48   22.60    0.00   -1.54    6.43    0.39
  11  315   29.52   22.75    0.00   -1.23    8.07   -0.09
  19  315   29.87   23.10    3.05   -1.91    6.84   -0.19
  21  315   29.67   22.87    0.00   -2.39    7.95    0.03
  23  315   29.30   22.74    7.11   -1.08    6.71    0.29
   5  345  -99.00  -99.00  -99.00  -99.00  -99.00  -99.00
   7  345  -99.00  -99.00  -99.00  -99.00  -99.00  -99.00
   3  345  -99.00  -99.00  -99.00  -99.00  -99.00  -99.00
  31  345  -99.00  -99.00  -99.00  -99.00  -99.00  -99.00
  27  345  -99.00  -99.00  -99.00  -99.00  -99.00  -99.00
  17  345  -99.00  -99.00  -99.00  -99.00  -99.00  -99.00
  11  345  -99.00  -99.00  -99.00  -99.00  -99.00  -99.00
  19  345  -99.00  -99.00  -99.00  -99.00  -99.00  -99.00
  21  345  -99.00  -99.00  -99.00  -99.00  -99.00  -99.00
  23  345  -99.00  -99.00  -99.00  -99.00  -99.00  -99.00
   5  415   29.10   21.92   12.70    0.07    9.41    0.26
   7  415   29.64   22.39    0.00    0.93    8.12   -0.47
   3  415   29.70   22.32   13.72    0.67    7.84   -0.27
  31  415  -99.00  -99.00  -99.00  -99.00  -99.00  -99.00
  27  415  -99.00  -99.00  -99.00  -99.00  -99.00  -99.00
  17  415  -99.00  -99.00  -99.00  -99.00  -99.00  -99.00
  11  415  -99.00  -99.00  -99.00  -99.00  -99.00  -99.00
  19  415  -99.00  -99.00  -99.00  -99.00  -99.00  -99.00
  21  415  -99.00  -99.00  -99.00  -99.00  -99.00  -99.00
  23  415  -99.00  -99.00  -99.00  -99.00  -99.00  -99.00
   5  445   29.22   21.87   12.70    1.07    9.79    0.25
   7  445   29.71   22.32    0.00    1.26    8.40   -0.37
   3  445   29.78   22.31   13.72    1.41    7.61   -0.24
  31  445   29.88   22.58    0.00    0.81    7.91    0.17
  27  445   30.10   22.53   11.68    0.07    8.80    0.70
  17  445   29.27   21.89    0.00   -0.01    7.04    0.45
  11  445   29.27   22.10    0.00    0.49    8.59   -0.10
  19  445   29.79   22.46    3.05   -1.07    7.93   -0.21
  21  445   29.53   22.28    0.00   -1.09    8.47    0.01
  23  445   28.91   22.15    7.11    0.25    6.79    0.23
   5  515  -99.00  -99.00  -99.00  -99.00  -99.00  -99.00
   7  515  -99.00  -99.00  -99.00  -99.00  -99.00  -99.00
   3  515  -99.00  -99.00  -99.00  -99.00  -99.00  -99.00
  31  515  -99.00  -99.00  -99.00  -99.00  -99.00  -99.00
  27  515  -99.00  -99.00  -99.00  -99.00  -99.00  -99.00
  17  515  -99.00  -99.00  -99.00  -99.00  -99.00  -99.00
  11  515  -99.00  -99.00  -99.00  -99.00  -99.00  -99.00
  19  515  -99.00  -99.00  -99.00  -99.00  -99.00  -99.00
  21  515  -99.00  -99.00  -99.00  -99.00  -99.00  -99.00
  23  515  -99.00  -99.00  -99.00  -99.00  -99.00  -99.00
   5  545  -99.00  -99.00  -99.00  -99.00  -99.00  -99.00
   7  545  -99.00  -99.00  -99.00  -99.00  -99.00  -99.00
   3  545  -99.00  -99.00  -99.00  -99.00  -99.00  -99.00
  31  545  -99.00  -99.00  -99.00  -99.00  -99.00  -99.00
  27  545  -99.00  -99.00  -99.00  -99.00  -99.00  -99.00
  17  545  -99.00  -99.00  -99.00  -99.00  -99.00  -99.00
  11  545  -99.00  -99.00  -99.00  -99.00  -99.00  -99.00
  19  545  -99.00  -99.00  -99.00  -99.00  -99.00  -99.00
  21  545  -99.00  -99.00  -99.00  -99.00  -99.00  -99.00
  23  545  -99.00  -99.00  -99.00  -99.00  -99.00  -99.00
   5  615   28.67   21.95   12.70    2.82    7.99    0.11
   7  615   29.17   22.41    0.00    2.07    7.49   -0.15
   3  615   29.23   22.37   13.72    3.15    6.87   -0.24
  31  615   29.51   22.66    0.00    2.55    6.64    0.31
  27  615   29.87   22.58   11.68    2.07    7.78    1.04
  17  615   29.06   22.03    0.00    2.27    5.53    0.26
  11  615   28.94   22.21    0.00    2.60    7.55   -0.03
  19  615   29.51   22.60    3.05    1.96    5.93   -0.13
  21  615   29.47   22.40    0.00    2.13    7.06    0.04
  23  615   28.98   22.27    7.11    2.47    6.38    0.13
   5  645   28.98   21.96   12.70    4.51    6.09    0.07
   7  645   29.65   22.40    0.00    3.28    6.70    0.05
   3  645   29.51   22.36   13.72    4.65    5.81   -0.23
  31  645   29.68   22.65    0.00    3.51    5.73    0.44
  27  645   29.84   22.57   11.68    2.27    7.58    0.99
  17  645   29.49   22.02    0.00    3.85    4.85    0.23
  11  645   29.17   22.18    0.00    2.99    7.22   -0.03
  19  645   29.91   22.57    3.05    2.68    6.35   -0.10
  21  645   29.07   22.40    0.00    1.93    7.19    0.03
  23  645   28.88   22.27    7.11    2.83    6.82    0.13
   5  715   28.67   21.93   12.70    4.72    3.37   -0.05
   7  715   29.36   22.41    0.00    2.45    3.01    0.05
   3  715   29.07   22.36   13.72    4.85    2.64   -0.11
  31  715   29.42   22.65    0.00    4.41    2.15    0.46
  27  715   29.78   22.64   11.68    3.87    1.59    1.07
  17  715   29.10   21.99    0.00    4.71    1.81    0.03
  11  715   28.97   22.21    0.00    4.72    2.18    0.06
  19  715   29.45   22.55    3.05    4.48    1.89    0.01
  21  715   28.72   22.42    0.00    3.93    3.63    0.05
  23  715   28.74   22.28    7.11    4.31    4.19   -0.05
   5  745   27.81   21.73   12.70    2.89    2.81   -0.01
   7  745   28.68   22.23    0.00    1.35    2.67   -0.06
   3  745   28.19   22.15   13.72    2.95    2.46   -0.08
  31  745   28.65   22.47    0.00    2.87    2.20    0.35
  27  745   29.47   22.56   11.68    2.23    2.62    0.67
  17  745   28.43   21.81    0.00    2.80    1.84    0.04
  11  745   28.76   22.10    0.00    3.69    3.01    0.05
  19  745   29.06   22.43    3.05    3.03    2.55   -0.01
  21  745   28.50   22.33    0.00    3.24    1.95   -0.01
  23  745   27.99   22.23    7.11    3.31    1.38   -0.12
   5  815  -99.00  -99.00  -99.00  -99.00  -99.00  -99.00
   7  815  -99.00  -99.00  -99.00  -99.00  -99.00  -99.00
   3  815  -99.00  -99.00  -99.00  -99.00  -99.00  -99.00
  31  815  -99.00  -99.00  -99.00  -99.00  -99.00  -99.00
  27  815  -99.00  -99.00  -99.00  -99.00  -99.00  -99.00
  17  815  -99.00  -99.00  -99.00  -99.00  -99.00  -99.00
  11  815  -99.00  -99.00  -99.00  -99.00  -99.00  -99.00
  19  815  -99.00  -99.00  -99.00  -99.00  -99.00  -99.00
  21  815  -99.00  -99.00  -99.00  -99.00  -99.00  -99.00
  23  815  -99.00  -99.00  -99.00  -99.00  -99.00  -99.00
   5  845  -99.00  -99.00  -99.00  -99.00  -99.00  -99.00
   7  845  -99.00  -99.00  -99.00  -99.00  -99.00  -99.00
   3  845   27.83   21.99   13.72    1.13    3.58   -0.09
  31  845  -99.00  -99.00  -99.00  -99.00  -99.00  -99.00
  27  845  -99.00  -99.00  -99.00  -99.00  -99.00  -99.00
  17  845  -99.00  -99.00  -99.00  -99.00  -99.00  -99.00
  11  845  -99.00  -99.00  -99.00  -99.00  -99.00  -99.00
  19  845  -99.00  -99.00  -99.00  -99.00  -99.00  -99.00
  21  845  -99.00  -99.00  -99.00  -99.00  -99.00  -99.00
  23  845  -99.00  -99.00  -99.00  -99.00  -99.00  -99.00
   5  915   26.38   21.53   12.70    1.59    3.60    0.05
   7  915   27.40   22.07    0.00    0.76    4.25   -0.20
   3  915   27.50   22.03   13.72    1.69    3.68   -0.10
  31  915   26.78   22.19    0.00    1.24    2.09    0.13
  27  915   28.32   22.35   11.68    1.43    4.05    0.51
  17  915   27.32   21.70    0.00    1.61    2.68    0.13
  11  915   27.52   21.96    0.00    1.92    3.87   -0.02
  19  915   27.81   22.29    3.05    1.28    3.50   -0.08
  21  915   27.96   22.19    0.00    1.78    3.43    0.01
  23  915   27.47   22.10    7.11    2.02    3.17    0.03
   5  945   25.90   21.60   12.70    2.63    3.72    0.01
   7  945   27.57   22.09    0.00    1.51    3.67   -0.06
   3  945   26.42   22.07   13.72    2.55    3.09   -0.09
  31  945   26.97   22.31    0.00    2.14    2.68    0.24
  27  945   28.02   22.32   11.68    1.39    3.83    0.50
  17  945   27.32   21.68    0.00    2.77    2.05    0.05
  11  945   27.39   21.91    0.00    2.24    2.96   -0.01
  19  945   27.99   22.27    3.05    2.04    2.83   -0.07
  21  945   27.50   22.14    0.00    1.52    4.26    0.00
  23  945   27.27   22.05    7.11    2.00    3.46    0.05
   5 1015   24.96   21.61   12.70    2.11    3.35    0.01
   7 1015   26.65   22.09    0.00    1.27    4.09   -0.11
   3 1015   25.47   22.02   13.72    2.13    3.31   -0.09
  31 1015   25.86   22.29    0.00    1.66    2.22    0.21
  27 1015   27.42   22.28   11.68    1.05    2.98    0.33
  17 1015   25.97   21.72    0.00    1.94    2.72    0.09
  11 1015   25.87   21.99    0.00    1.24    2.37   -0.01
  19 1015   26.40   22.27    3.05    0.92    2.39   -0.07
  21 1015   26.69   22.17    0.00    1.79    3.17    0.01
  23 1015   26.55   22.06    7.11    1.98    2.85    0.00
   5 1045   24.59   21.57   12.70    1.21    4.04    0.07
   7 1045   25.56   22.10    0.00   -0.38    4.21   -0.38
   3 1045   25.81   22.01   13.97    0.89    4.14   -0.11
  31 1045   25.17   22.27    0.00    0.79    2.93    0.11
  27 1045   26.42   22.30   11.68   -0.17    2.88    0.09
  17 1045   24.91   21.73    0.00    0.92    2.80    0.12
  11 1045   24.83   21.96    0.00    0.75    3.39    0.00
  19 1045   24.77   22.30    3.05    0.87    2.41   -0.10
  21 1045   25.26   22.23    0.00    0.29    3.37    0.00
  23 1045   24.45   22.13    7.11    0.95    2.73    0.07
   5 1115   23.68   21.63   12.95    1.02    4.68    0.07
   7 1115   24.82   22.13    0.00   -0.29    3.62   -0.27
   3 1115   24.96   22.02   13.97    1.01    4.38   -0.13
  31 1115   24.67   22.28    0.25    1.33    3.14    0.15
  27 1115   25.30   22.34   11.68    0.17    2.38    0.13
  17 1115   24.08   21.75    0.00    0.25    2.29    0.10
  11 1115   24.07   22.01    0.51    0.52    3.33   -0.03
  19 1115   24.58   22.28    3.05    0.45    2.17   -0.10
  21 1115   24.69   22.21    0.00   -0.22    2.92   -0.01
  23 1115   23.98   22.16    7.11    0.28    1.81    0.05
   5 1145   23.59   21.61   13.21    0.35    4.35    0.11
   7 1145   24.18   22.17    0.25   -0.75    3.59   -0.34
   3 1145   24.85   22.05   14.22   -0.06    4.61   -0.16
  31 1145   24.17   22.31    0.00    0.41    3.05    0.09
  27 1145   24.69   22.36   11.94   -0.41    3.92    0.19
  17 1145   23.42   21.87    0.25   -0.90    1.65    0.11
  11 1145   23.90   22.05    0.76   -0.62    3.19   -0.02
  19 1145   24.56   22.21    3.05   -0.29    2.77   -0.07
  21 1145   25.00   22.08    0.00    0.06    3.02   -0.01
  23 1145   23.94   22.07    7.11    0.16    1.89    0.05
   5 1215   23.47   21.61   13.21    0.29    4.33    0.11
   7 1215   24.22   22.11    0.25   -0.54    3.57   -0.31
   3 1215   24.79   22.01   14.22    0.21    4.47   -0.14
  31 1215   24.35   22.28    0.25    0.44    3.42    0.07
  27 1215   24.71   22.26   11.94   -0.63    4.52    0.23
  17 1215   23.84   21.69    0.25   -0.33    3.31    0.19
  11 1215   23.92   21.90    0.76   -0.05    3.89   -0.04
  19 1215   24.65   22.06    3.30   -0.42    3.32   -0.08
  21 1215   25.04   21.95    0.00    0.06    3.86   -0.01
  23 1215   23.95   22.02    7.37    0.04    2.13    0.07
   5 1245   23.66   21.48   13.21    0.52    4.88    0.11
   7 1245   24.38   21.97    0.25   -0.13    4.31   -0.33
   3 1245   24.81   21.89   14.22    0.37    4.95   -0.16
  31 1245   24.45   22.16    0.25    0.67    3.50    0.09
  27 1245   24.94   22.18   11.94    0.01    2.94    0.21
  17 1245   24.07   21.55    0.25    0.13    3.90    0.20
  11 1245   23.94   21.80    0.76    0.11    4.34   -0.05
  19 1245   24.53   22.02    3.30   -0.41    3.97   -0.11
  21 1245   24.68   21.94    0.25   -0.15    4.45   -0.01
  23 1245   23.88   21.93    7.37   -0.04    2.95    0.10
   5 1315   23.89   21.51   13.21    1.16    6.01    0.11
   7 1315   24.79   22.00    0.25    0.40    4.77   -0.29
   3 1315   24.75   21.94   14.22    0.96    4.82   -0.12
  31 1315   24.49   22.21    0.25    1.44    3.83    0.19
  27 1315   25.06   22.10   11.94    0.49    5.22    0.54
  17 1315   24.51   21.63    0.25    0.81    3.94    0.19
  11 1315   24.37   21.85    0.76    0.67    4.88   -0.04
  19 1315   25.06   22.12    3.30    0.05    4.02   -0.10
  21 1315   25.41   21.91    0.25    0.47    4.80    0.02
  23 1315   24.15   22.01    7.37    0.13    3.05    0.10
   5 1345   24.20   21.50   13.21    1.87    5.95    0.09
   7 1345   25.02   21.99    0.25    0.70    5.05   -0.23
   3 1345   25.07   21.89   14.22    1.89    5.55   -0.15
  31 1345   24.89   22.19    0.25    1.87    4.07    0.23
  27 1345   25.41   22.14   11.94    1.37    4.23    0.59
  17 1345   24.88   21.58    0.25    1.68    3.83    0.14
  11 1345   24.80   21.81    0.76    1.64    4.62   -0.02
  19 1345   25.39   22.11    3.30    1.41    4.11   -0.07
  21 1345   26.12   22.04    0.25    1.74    5.02    0.03
  23 1345   24.96   22.06    7.37    1.39    3.96    0.09
   5 1415   24.50   21.64   13.21    2.79    4.02    0.02
   7 1415   25.30   22.05    0.25    1.38    3.75   -0.03
   3 1415   25.09   22.04   14.22    2.80    3.69   -0.12
  31 1415   25.29   22.22    0.25    2.35    3.57    0.29
  27 1415   25.83   22.08   11.94    1.75    3.80    0.63
  17 1415   25.13   21.58    0.25    2.37    2.67    0.11
  11 1415   25.15   21.80    0.76    2.16    4.06   -0.02
  19 1415   25.81   22.09    3.30    2.14    3.49   -0.10
  21 1415   26.79   21.99    0.25    2.72    4.89    0.03
  23 1415   25.79   22.02    7.37    2.42    4.10    0.03
   5 1445   25.10   22.15   13.21    2.96    1.78   -0.03
   7 1445   25.92   22.36    0.25    1.35    1.57    0.03
   3 1445   25.63   22.65   14.22    2.91    1.63   -0.05
  31 1445   25.90   22.68    0.25    2.92    1.48    0.31
  27 1445   25.96   22.34   11.94    1.22    1.64    0.40
  17 1445   25.56   21.96    0.25    2.37    0.17    0.01
  11 1445   25.62   22.07    0.76    2.68    2.07    0.01
  19 1445   26.26   22.19    3.30    2.66    2.61   -0.05
  21 1445   27.45   22.08    0.25    3.31    3.79    0.06
  23 1445   26.38   22.15    7.37    2.85    2.64   -0.01
   5 1515   24.86   22.12   13.21    3.47    1.17   -0.09
   7 1515   25.66   22.44    0.25    1.71    0.75    0.17
   3 1515   25.36   22.64   14.22    3.53    0.71   -0.04
  31 1515   25.74   22.83    0.25    3.41    0.22    0.37
  27 1515   26.13   22.72   11.94    2.01   -0.06    0.43
  17 1515   25.42   22.09    0.25    2.82   -0.51   -0.04
  11 1515   25.58   22.46    0.76    3.29    0.41    0.03
  19 1515   26.13   22.57    3.30    3.33   -0.77    0.13
  21 1515  -99.00  -99.00  -99.00  -99.00  -99.00  -99.00
  23 1515   27.02   22.39    7.37    4.24    1.53   -0.15
   5 1545   25.22   22.17   13.21    3.88    1.77   -0.09
   7 1545   25.96   22.48    0.25    2.29    1.38    0.27
   3 1545   25.76   22.55   14.22    4.43    1.48   -0.08
  31 1545   26.01   22.77    0.25    4.01    1.25    0.41
  27 1545   26.11   22.59   11.94    2.43    0.78    0.60
  17 1545   25.82   22.10    0.25    3.31    0.31   -0.01
  11 1545   25.66   22.39    0.76    3.89    1.22    0.03
  19 1545   26.26   22.61    3.30    3.92    0.76    0.03
  21 1545   26.61   22.48    0.25    4.83   -0.21    0.07
  23 1545   26.37   22.52    7.37    4.64    0.11   -0.17
   5 1615   25.43   22.54   13.21    3.91    0.07   -0.10
   7 1615   25.92   22.81    0.25    2.80   -0.24    0.47
   3 1615   25.93   22.96   14.22    3.90   -0.24    0.03
  31 1615   26.14   23.06    0.25    3.77   -0.26    0.44
  27 1615   26.18   22.74   11.94    3.15   -0.16    0.81
  17 1615   25.74   22.50    0.25    3.31   -0.78   -0.03
  11 1615   25.72   22.66    0.76    3.82    0.09    0.11
  19 1615   26.16   22.93    3.30    3.91   -0.89    0.15
  21 1615   26.60   22.60    0.25    4.43    0.49    0.05
  23 1615   26.13   22.47    7.37    4.61    0.38   -0.14
   5 1645   25.57   23.07   13.21    2.65   -1.98   -0.09
   7 1645   25.95   23.35    0.25    2.13   -2.47    0.62
   3 1645   26.09   23.51   14.22    2.80   -1.94    0.09
  31 1645   26.26   23.64    0.25    3.00   -1.49    0.38
  27 1645   26.08   23.25   11.94    2.79   -1.23    0.68
  17 1645   25.95   23.10    0.25    3.14   -2.01   -0.09
  11 1645   25.74   23.08    0.76    3.14   -1.37    0.13
  19 1645   26.45   23.46    3.30    3.15   -1.73    0.17
  21 1645   26.95   23.26    0.25    4.55   -1.26    0.13
  23 1645   26.44   23.02    7.37    4.01   -1.03   -0.15
   5 1715   26.22   23.49   13.21    2.65   -2.80   -0.07
   7 1715   26.35   23.70    0.25    1.77   -2.87    0.60
   3 1715   26.72   23.94   14.22    2.51   -2.76    0.15
  31 1715   26.82   23.96    0.25    2.55   -2.82    0.29
  27 1715   26.81   23.76   11.94    2.13   -2.69    0.46
  17 1715   26.50   23.40    0.25    2.91   -2.86   -0.13
  11 1715   26.29   23.61    0.76    2.83   -2.73    0.15
  19 1715   26.75   23.81    3.30    2.60   -3.06    0.23
  21 1715   27.31   23.89    0.25    3.71   -2.58    0.17
  23 1715   27.21   23.83    7.37    3.47   -1.94   -0.15
   5 1745   26.16   23.53   13.21    2.33   -2.85   -0.05
   7 1745   26.46   23.85    0.25    1.53   -3.29    0.59
   3 1745   26.86   24.11   14.22    1.83   -2.75    0.21
  31 1745   26.92   24.13    0.25    1.95   -3.19    0.26
  27 1745   27.00   24.00   11.94    1.82   -3.25    0.34
  17 1745   26.59   23.50    0.25    2.29   -3.05   -0.17
  11 1745   26.52   23.71    0.76    1.98   -2.86    0.15
  19 1745   27.15   24.05    3.30    1.97   -2.95    0.24
  21 1745   27.36   23.91    0.25    2.88   -3.21    0.17
  23 1745   27.14   23.84    7.37    2.21   -3.18   -0.13
   5 1815   25.64   23.13   13.21    2.47   -3.87   -0.07
   7 1815   25.91   23.48    0.25    1.65   -4.27    0.75
   3 1815   26.11   23.61   14.22    1.98   -3.83    0.21
  31 1815   26.30   23.86    0.25    2.11   -3.88    0.30
  27 1815   26.47   23.84   11.94    2.81   -4.02    0.50
  17 1815   26.20   23.28    0.25    2.76   -3.74   -0.14
  11 1815   26.29   23.77    0.76    2.51   -3.80    0.23
  19 1815   26.65   23.85    3.30    2.65   -3.69    0.30
  21 1815   27.18   23.99    0.25    3.03   -3.17    0.15
  23 1815   27.16   23.99    7.37    2.64   -2.97   -0.13
   5 1845   25.15   22.62   13.21    2.17   -3.97   -0.01
   7 1845   25.51   22.99    0.25    1.23   -4.72    0.75
   3 1845   25.60   23.06   14.22    1.87   -3.74    0.25
  31 1845   25.70   23.22    0.25    2.51   -3.55    0.39
  27 1845   25.81   23.21   11.94    2.80   -4.15    0.49
  17 1845   25.62   22.71    0.25    2.75   -3.80   -0.15
  11 1845   25.25   23.01    0.76    2.41   -3.81    0.21
  19 1845   25.71   23.23    3.30    2.58   -3.98    0.27
  21 1845   25.98   23.65    0.25    3.66   -3.52    0.17
  23 1845   26.29   23.71    7.37    3.03   -3.34   -0.17
   5 1915   26.07   22.73   13.21    0.89   -4.66   -0.01
   7 1915   26.26   23.05    0.25    0.86   -5.08    0.70
   3 1915   26.51   23.20   14.22    0.85   -4.43    0.31
  31 1915   26.62   23.31    0.25    2.39   -4.33    0.31
  27 1915   26.14   23.10   11.94    1.72   -4.24    0.27
  17 1915   26.31   22.78    0.25    1.35   -4.64   -0.17
  11 1915   25.73   22.91    0.76    1.39   -5.20    0.25
  19 1915   26.06   23.12    3.30    1.80   -4.09    0.29
  21 1915   25.41   23.47    0.25    2.21   -4.77    0.16
  23 1915   25.34   23.25    7.37    2.40   -4.17   -0.15
   5 1945   25.71   22.48   13.21    1.05   -4.57   -0.02
   7 1945   26.05   22.85    0.25    0.69   -5.01    0.63
   3 1945   26.25   23.05   14.22    0.81   -4.12    0.27
  31 1945   26.54   23.19    0.25    1.88   -4.31    0.29
  27 1945   26.23   23.07   11.94    1.83   -4.15    0.26
  17 1945   26.28   22.57    0.25    1.55   -4.42   -0.16
  11 1945   25.88   22.86    0.76    1.63   -4.77    0.27
  19 1945   26.44   23.07    3.30    1.19   -4.23    0.30
  21 1945   26.38   23.22    0.25    2.27   -4.89    0.18
  23 1945   26.29   23.18    7.37    1.28   -4.09   -0.02
   5 2015   25.55   22.32   13.21    0.77   -3.90    0.01
   7 2015   26.08   22.71    0.25    1.04   -4.11    0.61
   3 2015   26.06   22.71   14.22    0.87   -4.05    0.25
  31 2015   26.35   22.94    0.25    1.73   -4.01    0.21
  27 2015   26.41   22.92   11.94    1.46   -3.81    0.19
  17 2015   26.20   22.41    0.25    1.58   -3.78   -0.12
  11 2015   25.91   22.67    0.76    1.43   -4.31    0.24
  19 2015   26.54   22.94    3.30    2.31   -3.57    0.27
  21 2015   26.49   23.03    0.25    3.00   -4.30    0.17
  23 2015   26.39   22.98    7.37    2.15   -4.17   -0.15
   5 2045   25.46   22.38   13.21    0.80   -2.91    0.06
   7 2045   25.87   22.69    0.25    0.55   -3.58    0.47
   3 2045   25.82   22.72   14.22    0.47   -3.31    0.23
  31 2045   25.97   22.93    0.25    0.91   -3.29    0.13
  27 2045   25.90   22.83   11.94    1.89   -2.78    0.41
  17 2045   25.80   22.31    0.25    1.37   -3.05   -0.11
  11 2045   25.53   22.52    0.76    1.66   -3.45    0.16
  19 2045   26.33   22.90    3.30    1.47   -2.96    0.21
  21 2045   26.42   22.83    0.25    1.81   -3.76    0.13
  23 2045   26.26   22.84    7.37    1.71   -2.81   -0.07
   5 2115   23.96   21.89   13.21    1.39   -3.58   -0.01
   7 2115   24.80   22.37    0.25    0.96   -3.75    0.58
   3 2115   24.72   22.43   14.22    1.36   -3.39    0.24
  31 2115   25.05   22.71    0.25    2.12   -3.05    0.29
  27 2115   25.42   22.75   11.94    2.10   -2.88    0.46
  17 2115   24.78   22.20    0.51    1.84   -3.22   -0.11
  11 2115   25.14   22.50    1.02    1.51   -2.93    0.17
  19 2115   25.94   22.81    3.30    2.23   -2.95    0.23
  21 2115   26.50   22.98    0.25    1.88   -3.52    0.14
  23 2115   26.22   22.84    7.37    1.69   -2.77   -0.07
   5 2145   23.08   22.21   13.72    0.89   -2.05   -0.01
   7 2145   23.37   22.36    0.76    0.59   -2.76    0.32
   3 2145   23.49   22.51   14.48    0.65   -2.05    0.13
  31 2145   23.66   22.78    0.51    1.59   -2.03    0.21
  27 2145   23.85   22.68   12.19    1.44   -2.71    0.20
  17 2145   23.15   22.14    0.76    1.07   -2.95   -0.11
  11 2145   23.19   22.26    1.78    1.53   -3.39    0.17
  19 2145   23.75   22.49    3.30    1.47   -3.47    0.24
  21 2145   24.64   22.59    0.76    2.09   -4.62    0.21
  23 2145   24.43   22.58    7.37    2.14   -3.53   -0.13
   5 2215   24.09   22.63   13.72    1.29   -2.75   -0.02
   7 2215   24.42   22.98    0.76    0.97   -3.24    0.51
   3 2215   24.57   23.05   14.48    1.42   -2.83    0.15
  31 2215   24.69   23.20    0.51    1.84   -2.70    0.21
  27 2215   24.72   23.06   12.19    1.70   -2.47    0.32
  17 2215   24.03   22.54    0.76    1.29   -3.11   -0.09
  11 2215   23.65   22.57    1.78    1.38   -3.33    0.16
  19 2215   23.72   22.76    3.56    1.26   -2.71    0.19
  21 2215   23.18   22.44    1.52    1.85   -3.89    0.16
  23 2215   23.26   22.52    7.62    1.68   -3.59   -0.06
   5 2245   24.97   22.63   13.72    0.47   -4.03    0.03
   7 2245   25.69   23.04    0.76    1.03   -4.69    0.71
   3 2245   25.34   22.93   14.48    0.95   -3.83    0.26
  31 2245   25.69   23.16    0.51    1.42   -4.17    0.21
  27 2245   25.74   22.88   12.19    1.43   -4.56    0.12
  17 2245   25.35   22.65    0.76    1.90   -3.67   -0.11
  11 2245   24.69   22.80    1.78    2.04   -4.53    0.24
  19 2245   24.86   22.99    3.56    2.03   -3.38    0.25
  21 2245   24.28   23.08    1.52    2.53   -4.26    0.13
  23 2245   24.23   23.07    7.87    1.99   -3.79   -0.11
   5 2315   25.41   22.51   13.72    0.55   -4.29    0.03
   7 2315   25.97   22.81    0.76    0.44   -4.94    0.59
   3 2315   25.84   22.79   14.48    0.97   -4.17    0.27
  31 2315   26.34   23.03    0.51    1.67   -4.23    0.23
  27 2315   26.15   22.53   12.19    1.99   -4.57    0.24
  17 2315   25.56   22.32    0.76    1.29   -4.09   -0.11
  11 2315   24.98   22.59    0.00    1.32   -4.47    0.24
  19 2315   25.76   22.93    3.56    1.79   -3.99    0.24
  21 2315   25.15   23.02    1.52    2.41   -5.25    0.19
  23 2315   25.03   22.72    7.87    1.70   -4.59   -0.07
   5 2345   25.29   22.01   13.72    1.13   -4.41   -0.02
   7 2345   26.27   22.68    0.76    0.17   -4.75    0.51
   3 2345   26.00   22.44   14.48    0.91   -4.40    0.27
  31 2345   26.46   22.76    0.51    1.39   -4.22    0.19
  27 2345   26.60   22.72   12.19    1.67   -4.16    0.18
  17 2345   26.07   22.25    0.76    1.68   -4.15   -0.16
  11 2345   25.57   22.33    0.00    1.33   -4.83    0.26
  19 2345   26.24   22.70    3.56    1.65   -3.97    0.24
  21 2345   25.91   23.07    1.52    1.19   -4.21    0.17
  23 2345   25.56   22.44    7.87    1.37   -3.76   -0.05
