   5   15   25.21   22.01   13.72    0.58   -3.35    0.03
   7   15   25.94   22.47    0.76    0.38   -3.77    0.47
   3   15   25.85   22.39   14.48    0.53   -3.79    0.20
  31   15   26.37   22.81    0.51    1.21   -3.03    0.19
  27   15   26.64   22.91   12.19    1.27   -2.71    0.23
  17   15   25.78   22.23    0.76    0.39   -3.05   -0.10
  11   15   25.29   22.16    0.00    1.03   -4.31    0.19
  19   15   26.06   22.61    3.56    1.03   -3.08    0.19
  21   15   25.90   22.55    1.52    1.67   -4.24    0.17
  23   15   25.55   22.41    7.87    1.16   -3.81   -0.05
   5   45   24.76   21.79   13.72    0.40   -3.19    0.02
   7   45   25.43   22.41    0.76    0.19   -3.15    0.33
   3   45   25.39   22.18   14.48    0.39   -3.05    0.19
  31   45   25.95   22.48    0.51    1.11   -2.94    0.15
  27   45   26.51   22.60   12.19    1.11   -3.25    0.10
  17   45   25.41   22.10    0.76    0.27   -2.53   -0.07
  11   45   25.11   22.01    0.00    1.05   -3.81    0.18
  19   45   25.84   22.69    3.56    0.64   -2.16    0.15
  21   45   25.72   22.56    1.52    1.07   -3.33    0.13
  23   45   25.35   22.43    7.87    1.15   -2.76   -0.05
   5  115   23.90   21.26   13.72    0.47   -2.95    0.01
   7  115   24.13   21.86    0.76    0.30   -2.32    0.29
   3  115   24.35   21.68   14.48    0.16   -2.23    0.13
  31  115   24.62   22.02    0.51    0.31   -1.88    0.05
  27  115   25.76   22.16   12.19    0.27   -2.66   -0.05
  17  115   24.41   21.40    0.76    0.22   -1.94   -0.07
  11  115   24.07   21.79    0.00    0.15   -2.35    0.13
  19  115   24.98   22.34    3.56    0.57   -1.62    0.11
  21  115   25.10   22.36    1.52    0.78   -2.88    0.11
  23  115   24.81   22.11    7.87    0.67   -2.08   -0.03
   5  145   23.02   20.92   13.72    0.13   -2.47    0.00
   7  145   23.16   21.27    0.76   -0.01   -1.50    0.12
   3  145   23.07   21.17   14.48   -0.14   -1.12    0.07
  31  145   23.31   21.23    0.51    0.39   -1.79    0.04
  27  145   24.97   21.69   12.19    0.30   -2.79   -0.05
  17  145   23.16   20.89    0.76    0.00   -1.77   -0.07
  11  145   23.08   21.36    0.00    0.08   -2.47    0.14
  19  145   24.07   21.62    3.56    0.47   -0.87    0.06
  21  145   23.91   21.83    1.52    0.33   -2.02    0.07
  23  145   23.59   21.57    7.87    0.21   -1.21   -0.01
   5  215   22.96   20.90   13.72   -0.03   -1.38    0.01
   7  215   22.60   21.05    0.76   -0.01   -0.23    0.05
   3  215   22.91   21.01   14.48   -0.23   -1.11    0.06
  31  215   22.60   20.89    0.51    0.23   -1.63    0.05
  27  215   24.46   21.51   12.19    0.08   -1.00    0.01
  17  215   22.96   20.74    0.76   -0.01   -1.15   -0.06
  11  215   22.97   20.96    0.00   -0.25   -2.76    0.16
  19  215   23.65   21.36    3.56    0.33   -0.53    0.03
  21  215   23.38   21.52    1.52    0.21   -2.06    0.08
  23  215   23.03   21.17    7.87    0.58   -1.03   -0.02
   5  245   23.09   20.86   13.72    0.00   -1.53    0.00
   7  245   23.04   21.17    0.76    0.00   -0.08    0.00
   3  245   22.81   20.88   14.48   -0.63   -0.68    0.05
  31  245   22.01   20.61    0.51    0.25   -0.79    0.01
  27  245   23.58   21.34   12.19    0.08   -0.07    0.01
  17  245   22.84   20.67    0.76   -0.01   -0.75   -0.02
  11  245   22.73   20.79    0.00   -0.38   -2.54    0.12
  19  245   23.00   21.15    3.56    0.16    0.16    0.01
  21  245   23.39   21.41    1.52   -0.57   -0.75    0.03
  23  245   22.40   20.95    7.87    0.17    0.27    0.00
   5  315   22.42   20.60   13.72    0.24   -0.11   -0.01
   7  315   23.11   21.14    0.76    0.03    0.05    0.00
   3  315   23.11   20.92   14.48   -0.08    0.05    0.00
  31  315   21.80   20.48    0.51    0.43   -0.67    0.01
  27  315   23.16   21.18   12.19    0.02    0.17    0.00
  17  315   22.38   20.55    0.76    0.18   -0.01   -0.01
  11  315   22.49   20.66    0.00    0.23   -0.97    0.06
  19  315   22.00   20.74    3.56    0.47    0.01    0.02
  21  315   22.52   21.19    1.52    0.05    0.63    0.00
  23  315   22.41   20.79    7.87    0.39    0.35    0.00
   5  345   22.31   20.53   13.72    0.72   -0.11   -0.02
   7  345   22.82   20.90    0.76    0.44   -0.39    0.11
   3  345   23.00   21.02   14.48    0.41    0.27   -0.01
  31  345   21.12   20.12    0.51    1.15   -0.45    0.13
  27  345   22.48   20.98   12.19    0.03    0.08    0.00
  17  345   21.93   20.43    0.76    0.11   -0.09    0.00
  11  345   22.04   20.53    0.00    0.95   -0.11    0.04
  19  345   21.53   20.64    3.56    0.69    0.27   -0.01
  21  345   22.84   21.12    1.52    0.03    0.13    0.00
  23  345   22.67   20.78    7.87    0.87   -0.10   -0.01
   5  415   21.91   20.24   13.72    1.29   -0.49   -0.04
   7  415   22.64   20.68    0.76    1.13   -1.25    0.33
   3  415   22.06   20.54   14.48    1.39   -0.24   -0.02
  31  415   21.74   20.56    0.51    2.01   -0.67    0.27
  27  415   22.26   20.86   12.19    0.03    0.14    0.00
  17  415   21.81   20.37    0.76    0.63   -0.53   -0.01
  11  415   21.57   20.49    0.00    1.77   -0.19    0.01
  19  415   21.51   20.44    3.56    0.91   -0.06    0.02
  21  415   22.31   20.90    1.52    1.39    0.10    0.00
  23  415   21.12   20.10    7.87    1.76    0.01   -0.08
   5  445   21.55   19.90   13.72    0.75   -1.34   -0.02
   7  445   22.61   20.52    0.76    0.51   -1.50    0.21
   3  445   22.11   20.43   14.48    0.48   -0.71    0.02
  31  445   21.10   20.12    0.51    1.35   -0.71    0.17
  27  445   22.23   20.81   12.19    0.10   -0.11   -0.01
  17  445   21.17   20.18    0.76    0.25   -0.13    0.00
  11  445   21.33   20.24    0.00    1.31   -1.41    0.09
  19  445   21.63   20.34    3.56    0.72   -0.18    0.04
  21  445   21.33   20.53    1.52    1.17    0.19    0.02
  23  445   20.41   19.72    7.87    2.04    0.03   -0.05
   5  515   21.20   19.67   13.72    0.29   -1.77   -0.01
   7  515   21.64   20.13    0.76    0.05   -1.36    0.10
   3  515   21.79   20.26   14.48    0.00   -0.55    0.01
  31  515   20.84   19.96    0.51    0.81   -0.69    0.07
  27  515   22.48   20.65   12.19    0.34   -0.65    0.04
  17  515   21.03   19.91    0.76   -0.03   -0.31   -0.01
  11  515   20.88   19.82    0.00    0.83   -1.95    0.11
  19  515   20.98   20.02    3.56    0.63   -0.19    0.03
  21  515   21.18   20.25    1.52    1.21   -0.60    0.03
  23  515   20.19   19.59    7.87    1.28   -0.59   -0.04
   5  545   21.21   19.67   13.72   -0.04   -0.59    0.00
   7  545   21.54   20.11    0.76    0.00   -0.05    0.01
   3  545   21.76   20.21   14.48   -0.35   -0.35    0.01
  31  545   20.81   19.72    0.51    0.36   -1.11    0.03
  27  545   22.28   20.38   12.19    0.13   -0.17    0.03
  17  545   20.68   19.62    0.76    0.00   -0.20    0.00
  11  545   20.74   19.56    0.00    0.05   -1.95    0.09
  19  545   20.76   19.97    3.56    0.31    0.00    0.01
  21  545   21.16   20.19    1.52    0.31   -0.42    0.01
  23  545   20.59   19.63    7.87    0.83   -1.54   -0.03
   5  615   21.41   19.50   13.72    0.07   -0.96    0.00
   7  615   21.20   19.97    0.76    0.00   -0.01    0.01
   3  615   21.26   19.72   14.48   -0.26   -0.48    0.02
  31  615   20.62   19.37    0.51    0.39   -1.02    0.01
  27  615   21.84   20.09   12.19    0.05   -0.03    0.02
  17  615   21.28   19.64    0.76    0.13   -0.63   -0.01
  11  615   20.78   19.25    0.00   -0.25   -2.69    0.15
  19  615   20.06   19.48    3.56    0.15    0.19   -0.01
  21  615   21.10   20.08    1.52   -0.01   -0.75    0.03
  23  615   20.73   19.62    7.87    0.64   -1.59   -0.01
   5  645   20.92   19.33   13.72    0.37   -0.49   -0.01
   7  645   21.15   19.78    0.76   -0.01   -0.27    0.01
   3  645   21.46   19.69   14.48    0.00   -0.42    0.00
  31  645   20.31   18.96    0.51    0.37   -1.24    0.05
  27  645   21.04   19.73   12.19    0.18   -0.11    0.03
  17  645   20.91   19.59    0.76    0.42   -0.34   -0.04
  11  645   20.08   18.76    0.00    0.01   -2.31    0.12
  19  645   19.92   19.37    3.56    0.48    0.21    0.00
  21  645   21.24   19.77    1.52    0.00   -1.12    0.03
  23  645   20.60   19.37    7.87    0.85   -1.45   -0.03
   5  715   20.46   18.93   13.72    0.40   -1.50    0.01
   7  715   20.86   19.32    0.76   -0.05   -0.65    0.01
   3  715   20.40   18.94   14.48   -0.31   -0.48    0.02
  31  715   19.99   18.64    0.51    0.40   -1.21    0.04
  27  715   21.07   19.30   12.19    0.39   -0.78    0.07
  17  715   19.95   19.10    0.76    0.11    0.07    0.01
  11  715   19.83   18.46    0.00   -0.07   -2.24    0.14
  19  715   18.43   18.22    3.56   -0.43    0.61   -0.02
  21  715   21.09   19.47    1.52   -0.21   -1.40    0.03
  23  715   20.39   19.04    7.87    0.67   -1.49   -0.03
   5  745   20.29   18.64   13.72    0.58   -1.83   -0.01
   7  745   20.23   19.07    0.76   -0.01   -0.28    0.02
   3  745   20.14   18.70   14.48   -0.12   -0.95    0.03
  31  745   19.76   18.52    0.51    0.64   -1.61    0.07
  27  745   20.79   18.97   12.19    0.12   -0.49    0.04
  17  745   19.48   18.98    0.76    0.00   -0.08    0.00
  11  745   19.81   18.40    0.00   -0.05   -2.52    0.13
  19  745   18.63   18.42    3.56    0.19    0.16   -0.01
  21  745   20.26   18.87    1.52   -0.05   -2.45    0.07
  23  745   19.69   18.48    7.87    0.79   -1.96   -0.03
   5  815  -99.00  -99.00  -99.00  -99.00  -99.00  -99.00
   7  815   20.10   18.77    0.76    0.32   -1.25    0.18
   3  815   20.02   18.66   14.48    0.21   -0.89    0.03
  31  815   19.88   18.70    0.51    0.87   -1.48    0.09
  27  815   20.49   18.75   12.19    0.00    0.07    0.01
  17  815   19.03   18.61    0.76    0.00    0.05    0.01
  11  815   19.53   18.32    0.00    0.31   -2.38    0.10
  19  815   19.08   18.62    3.56    0.53    0.11    0.00
  21  815   19.31   18.28    1.52    0.41   -1.89    0.07
  23  815   19.10   18.08    7.87    0.99   -2.28   -0.05
   5  845   19.00   17.96   13.72    0.89   -2.06   -0.03
   7  845   19.57   18.44    0.76   -0.03   -1.41    0.09
   3  845   19.60   18.50   14.48    0.01   -0.69    0.03
  31  845   19.60   18.61    0.51    0.81   -1.42    0.10
  27  845   20.35   18.62   12.19    0.11   -0.03    0.05
  17  845   19.09   18.32    0.76    0.05   -0.32   -0.02
  11  845   19.19   18.19    0.00    0.48   -2.21    0.12
  19  845   18.52   18.07    3.56    0.39   -0.29    0.03
  21  845   19.32   18.25    1.52    0.26   -1.44    0.05
  23  845   18.88   17.98    7.87    0.78   -2.30   -0.03
   5  915   18.64   17.71   13.72    0.88   -2.11   -0.03
   7  915   18.90   18.06    0.76   -0.11   -1.60    0.07
   3  915   18.97   18.09   14.48    0.00   -0.85    0.01
  31  915   19.11   18.26    0.51    0.73   -2.08    0.10
  27  915   19.91   18.40   12.19    0.24   -0.46    0.04
  17  915   18.11   17.61    0.76    0.71   -1.06   -0.04
  11  915   19.03   18.03    0.00    0.59   -2.93    0.14
  19  915   17.85   17.64    3.56   -0.18   -0.33    0.01
  21  915   18.83   18.17    1.52    0.75   -0.69    0.00
  23  915   18.60   17.78    7.87    0.68   -1.85   -0.04
   5  945   18.62   17.58   13.72    0.74   -1.57   -0.03
   7  945   18.74   17.84    0.76   -0.10   -1.51    0.05
   3  945   18.77   17.92   14.48    0.32   -0.69    0.02
  31  945   18.67   17.86    0.51    0.75   -1.50    0.10
  27  945   19.72   18.23   12.19    0.06   -0.45   -0.03
  17  945   17.82   17.46    0.76    0.32   -0.63   -0.03
  11  945   18.56   17.73    0.00    0.26   -2.19    0.11
  19  945   18.28   17.91    3.56    0.05    0.32    0.00
  21  945   18.84   18.19    1.52    0.67   -0.49    0.01
  23  945   18.36   17.61    7.87    0.66   -1.45   -0.04
   5 1015   18.37   17.34   13.72    1.05   -1.77   -0.02
   7 1015   18.58   17.64    0.76   -0.01   -1.33    0.05
   3 1015   18.72   17.75   14.48    0.69   -1.15    0.04
  31 1015   18.31   17.65    0.51    1.25   -0.97    0.17
  27 1015   19.44   18.11   12.19    0.06   -0.15    0.01
  17 1015   17.87   17.44    0.76    0.35   -0.03    0.00
  11 1015   18.26   17.54    0.00    1.28   -1.05    0.07
  19 1015   17.61   17.24    3.56    1.22    0.32   -0.01
  21 1015   18.37   17.80    1.52    1.28   -0.33    0.02
  23 1015   17.66   17.09    7.87    1.25   -1.28   -0.07
   5 1045   17.61   17.00   13.72    1.83   -1.33   -0.03
   7 1045   18.63   17.65    0.76    0.83   -1.76    0.31
   3 1045   18.08   17.40   14.48    0.79   -1.04    0.03
  31 1045   17.99   17.44    0.51    1.60   -1.30    0.20
  27 1045   19.15   17.93   12.19    0.17   -1.51   -0.14
  17 1045   17.10   16.83    0.76    0.67   -0.39   -0.02
  11 1045   18.18   17.42    0.00    1.37   -0.75    0.05
  19 1045   17.57   17.16    3.56    1.02    0.22    0.00
  21 1045   17.80   17.53    1.52    2.03    0.22    0.01
  23 1045   17.26   16.85    7.87    1.97   -0.44   -0.08
   5 1115   16.94   16.68   13.72    1.75   -0.88   -0.07
   7 1115   18.33   17.52    0.76    1.31   -1.55    0.40
   3 1115   17.57   17.10   14.48    1.37   -1.01    0.04
  31 1115   17.70   17.24    0.51    2.15   -1.22    0.24
  27 1115   18.72   17.77   12.19    0.33   -0.18    0.06
  17 1115   16.72   16.53    0.76    0.47    0.08    0.01
  11 1115   17.40   17.01    0.00    1.62    0.23    0.00
  19 1115   17.29   16.94    3.56    1.07    0.28    0.01
  21 1115   17.69   17.32    1.52    2.31   -0.40    0.07
  23 1115   16.90   16.58    7.87    2.13    0.13   -0.11
   5 1145   16.63   16.42   13.72    1.43   -0.93   -0.04
   7 1145   18.05   17.27    0.76    1.09   -1.61    0.33
   3 1145   17.30   16.96   14.48    1.16   -0.81    0.01
  31 1145   17.41   17.09    0.51    2.17   -1.47    0.23
  27 1145   18.53   17.79   12.19    0.32    0.39    0.06
  17 1145   16.45   16.23    0.76    1.13   -0.76   -0.01
  11 1145   17.39   17.02    0.00    1.33   -0.35    0.04
  19 1145   17.06   16.76    3.56    0.89   -0.03    0.03
  21 1145   17.11   16.84    1.52    1.71   -0.93    0.06
  23 1145   16.89   16.69    7.87    2.36   -0.31   -0.08
   5 1215   16.69   16.48   13.72    1.57   -1.08   -0.05
   7 1215   17.99   17.27    0.76    1.49   -2.04    0.47
   3 1215   17.23   16.88   14.48    1.19   -0.85    0.01
  31 1215   17.68   17.32    0.51    2.11   -1.45    0.21
  27 1215   18.27   17.60   12.19    0.51   -0.25    0.09
  17 1215   16.87   16.57    0.76    1.41   -1.21   -0.05
  11 1215   17.55   17.03    0.00    1.54   -0.79    0.06
  19 1215   17.34   16.87    3.56    0.53   -1.07    0.08
  21 1215   17.20   16.98    1.52    1.43   -1.43    0.05
  23 1215   16.99   16.81    7.87    2.32   -0.58   -0.09
   5 1245   17.28   16.87   13.72    1.05   -1.11   -0.03
   7 1245   17.97   17.33    0.76    0.65   -2.37    0.30
   3 1245   17.80   17.38   14.48    0.93   -0.84    0.05
  31 1245   18.21   17.64    0.51    2.26   -1.64    0.27
  27 1245   18.35   17.63   12.19    0.76   -0.51    0.15
  17 1245   17.64   17.11    0.76    1.41   -1.63   -0.09
  11 1245   17.75   17.24    0.00    1.34   -0.93    0.07
  19 1245   18.18   17.51    3.56    1.45   -2.18    0.15
  21 1245   18.11   17.69    1.52    1.75   -2.20    0.08
  23 1245   18.04   17.63    7.87    2.15   -1.76   -0.09
   5 1315   18.35   17.51   13.72    1.37   -2.06    0.01
   7 1315   18.70   17.73    0.76    0.91   -3.15    0.47
   3 1315   18.89   18.03   14.48    1.71   -1.91    0.09
  31 1315   18.97   18.10    0.51    2.43   -2.17    0.34
  27 1315   19.19   18.09   12.19    0.99   -1.71    0.18
  17 1315   18.45   17.54    0.76    2.10   -2.03   -0.09
  11 1315   18.72   17.86    0.00    2.05   -2.12    0.14
  19 1315   19.13   18.07    3.56    1.91   -2.89    0.21
  21 1315   19.02   18.21    1.52    2.17   -2.71    0.10
  23 1315   19.29   18.40    7.87    2.18   -2.94   -0.12
   5 1345   18.92   17.78   13.72    1.87   -2.69   -0.06
   7 1345   19.34   18.00    0.76    0.97   -3.61    0.54
   3 1345   19.49   18.31   14.48    1.79   -2.51    0.14
  31 1345   19.55   18.37    0.51    1.97   -2.51    0.25
  27 1345   20.05   18.22   12.19    1.17   -3.25    0.11
  17 1345   19.32   17.97    0.76    2.13   -2.85   -0.13
  11 1345   19.50   18.26    0.00    1.68   -3.69    0.21
  19 1345   19.84   18.28    3.56    1.96   -3.91    0.29
  21 1345   19.83   18.50    1.52    2.31   -4.57    0.14
  23 1345   20.14   18.73    7.87    1.68   -3.86   -0.05
   5 1415   19.72   18.08   13.72    1.25   -2.86   -0.03
   7 1415   19.85   18.18    0.76    1.38   -3.71    0.65
   3 1415   20.21   18.49   14.48    1.18   -3.17    0.21
  31 1415   20.39   18.77    0.51    1.79   -2.30    0.28
  27 1415   20.55   18.04   12.19    1.31   -4.08    0.09
  17 1415   19.82   17.92    0.76    2.03   -3.56   -0.15
  11 1415   19.80   18.23    0.00    1.09   -3.72    0.19
  19 1415   20.24   18.26    3.56    1.75   -3.76    0.28
  21 1415   20.62   18.64    1.52    2.19   -4.50    0.20
  23 1415   20.85   18.76    7.87    1.57   -3.88   -0.04
   5 1445   21.04   18.48   13.72    2.20   -3.69   -0.01
   7 1445   21.02   18.55    0.76    0.95   -4.92    0.67
   3 1445   21.56   18.85   14.48    1.08   -4.05    0.29
  31 1445   21.49   19.00    0.51    2.23   -3.56    0.29
  27 1445   21.30   18.43   12.19    1.11   -4.59    0.06
  17 1445   20.98   18.16    0.76    2.06   -3.95   -0.14
  11 1445   20.56   18.27    0.00    1.92   -4.31    0.20
  19 1445   20.64   18.21    3.56    1.37   -3.95    0.30
  21 1445   20.44   18.35    1.52    1.95   -3.90    0.16
  23 1445   20.86   18.19    7.87    1.05   -4.32   -0.07
   5 1515   21.72   18.35   13.72    1.04   -4.55    0.01
   7 1515   21.41   18.28    0.76    0.41   -5.14    0.57
   3 1515   22.05   18.70   14.48    0.65   -4.43    0.29
  31 1515   21.85   18.63    0.51    2.00   -4.41    0.30
  27 1515   21.27   18.24   12.19    0.84   -4.54   -0.02
  17 1515   21.52   18.01    0.76    1.17   -4.09   -0.12
  11 1515   20.99   18.16    0.00    1.02   -4.38    0.23
  19 1515   21.08   18.18    3.56    1.55   -3.59    0.25
  21 1515   20.96   18.49    1.52    1.38   -3.52    0.13
  23 1515   21.20   18.15    7.87    1.29   -4.14   -0.03
   5 1545   22.36   17.79   13.72   -0.25   -4.19    0.08
   7 1545   22.19   18.00    0.76    0.07   -4.35    0.51
   3 1545   22.46   18.08   14.48   -0.63   -4.18    0.30
  31 1545   22.54   18.31    0.51    1.15   -3.64    0.17
  27 1545   22.00   18.12   12.19    0.87   -3.60    0.04
  17 1545   22.17   17.75    0.76    0.21   -3.47   -0.07
  11 1545   21.55   17.59    0.00    1.07   -4.04    0.19
  19 1545   21.99   18.15    3.56    0.91   -3.11    0.18
  21 1545   21.88   18.45    1.52    1.00   -3.55    0.15
  23 1545   21.50   18.24    7.87    0.57   -3.08   -0.01
   5 1615   23.03   17.83   13.72   -0.07   -4.85    0.09
   7 1615   22.84   17.66    0.76   -0.18   -5.27    0.58
   3 1615   23.14   18.10   14.48   -0.39   -4.55    0.31
  31 1615   23.51   18.26    0.51    0.59   -4.44    0.14
  27 1615   23.00   18.00   12.19    0.41   -4.33   -0.05
  17 1615   22.97   17.42    0.76    0.10   -4.18   -0.13
  11 1615   22.49   17.85    0.00    0.41   -4.16    0.17
  19 1615   23.36   18.09    3.56    0.51   -4.07    0.22
  21 1615   23.25   18.01    1.52    0.59   -4.79    0.17
  23 1615   23.06   18.34    7.87    0.22   -4.04   -0.01
   5 1645   23.41   17.99   13.72   -0.78   -4.37    0.11
   7 1645   23.31   18.12    0.76    0.09   -5.36    0.60
   3 1645   23.59   18.17   14.48   -0.88   -5.10    0.35
  31 1645   23.92   18.40    0.51    0.58   -4.74    0.11
  27 1645   23.43   17.89   12.19   -0.73   -5.33   -0.39
  17 1645   23.65   18.04    0.76   -0.67   -4.52   -0.07
  11 1645   23.46   18.14    0.00    0.39   -5.33    0.26
  19 1645   23.88   18.25    3.56   -0.32   -4.44    0.29
  21 1645   24.98   18.62    1.52    0.15   -5.31    0.23
  23 1645   24.56   18.44    7.87    0.39   -5.05   -0.04
   5 1715   25.12   18.38   13.72   -0.90   -5.47    0.11
   7 1715   24.94   18.46    0.76   -0.87   -5.62    0.53
   3 1715   25.22   18.70   14.48   -0.92   -4.91    0.36
  31 1715   25.44   18.95    0.51   -0.48   -5.26    0.03
  27 1715   24.73   18.79   12.19   -0.82   -4.16   -0.31
  17 1715   24.83   18.20    0.76   -0.35   -4.49   -0.09
  11 1715   24.24   18.43    0.00   -0.42   -4.68    0.25
  19 1715   24.54   18.59    3.56   -0.41   -3.90    0.19
  21 1715   24.99   18.47    1.52   -0.71   -5.42    0.20
  23 1715   24.58   18.55    7.87    0.58   -4.49    0.01
   5 1745   25.92   18.54   13.72   -0.33   -5.42    0.12
   7 1745   25.90   18.69    0.76   -0.62   -5.98    0.67
   3 1745   25.98   18.72   14.48   -1.55   -5.34    0.41
  31 1745   26.66   19.30    0.51   -2.04   -4.35   -0.09
  27 1745   25.81   18.80   12.19   -0.34   -4.75   -0.27
  17 1745   25.85   18.38    0.76   -2.05   -4.76   -0.06
  11 1745   25.25   18.66    0.00   -1.34   -5.11    0.21
  19 1745   26.13   18.86    3.56   -0.35   -4.62    0.27
  21 1745   25.99   18.86    1.52   -1.21   -5.55    0.23
  23 1745   25.72   18.78    7.87   -0.65   -4.95    0.08
   5 1815   26.47   18.54   13.72   -1.98   -5.19    0.18
   7 1815   26.74   18.80    0.76   -1.62   -6.05    0.51
   3 1815   26.72   18.85   14.48   -2.39   -5.20    0.49
  31 1815   26.93   19.22    0.51   -1.92   -4.74   -0.15
  27 1815   26.50   18.94   12.19   -0.78   -5.02   -0.35
  17 1815   26.50   18.54    0.76   -1.50   -4.75   -0.10
  11 1815   25.84   18.46    0.00   -1.11   -5.97    0.21
  19 1815   27.02   18.99    3.56   -0.35   -4.91    0.35
  21 1815   26.99   18.93    1.52   -1.23   -5.61    0.25
  23 1815   26.76   18.87    7.87   -1.81   -5.20    0.13
   5 1845   26.98   18.74   13.72   -1.55   -4.88    0.15
   7 1845   27.05   18.88    0.76   -1.77   -5.21    0.33
   3 1845   27.18   18.83   14.48   -2.95   -4.81    0.45
  31 1845   27.57   19.28    0.51   -1.51   -4.41   -0.09
  27 1845   27.30   19.04   12.19   -0.19   -5.06   -0.23
  17 1845   27.07   18.63    0.76   -1.72   -4.12   -0.04
  11 1845   26.58   18.82    0.00   -2.19   -4.58    0.23
  19 1845   27.64   19.14    3.56   -2.23   -3.35    0.17
  21 1845   27.43   18.88    1.52   -0.75   -5.11    0.21
  23 1845   27.21   18.81    7.87   -1.31   -4.42    0.08
   5 1915   27.36   18.68   13.72   -2.47   -4.13    0.16
   7 1915   27.65   18.71    0.76   -2.65   -4.47    0.09
   3 1915   27.66   18.84   14.48   -3.16   -3.75    0.37
  31 1915   27.98   19.03    0.51   -1.61   -4.39   -0.09
  27 1915   27.97   18.86   12.19   -1.35   -3.89   -0.41
  17 1915   27.31   18.59    0.76   -1.02   -4.07   -0.09
  11 1915   26.97   18.80    0.00   -0.72   -4.68    0.25
  19 1915   28.22   18.81    3.56   -2.74   -3.39    0.19
  21 1915   27.85   18.84    1.52   -2.13   -3.35    0.11
  23 1915   27.68   18.72    7.87   -1.49   -3.99    0.09
   5 1945   27.30   18.01   13.72   -2.50   -4.53    0.13
   7 1945   28.07   18.67    0.76   -2.03   -4.18    0.20
   3 1945   27.71   18.71   14.48   -3.10   -3.29    0.35
  31 1945   28.28   19.17    0.51   -1.21   -3.52   -0.04
  27 1945   28.61   19.17   12.19   -1.27   -3.13   -0.36
  17 1945   27.88   18.46    0.76   -2.15   -3.58    0.01
  11 1945   27.47   18.93    0.00   -1.46   -3.79    0.21
  19 1945   28.75   18.72    3.56   -2.54   -3.15    0.20
  21 1945   28.58   18.67    1.52   -1.44   -4.11    0.18
  23 1945   28.11   18.18    7.87   -2.25   -3.63    0.17
   5 2015   27.22   18.34   13.72   -1.91   -3.56    0.12
   7 2015   27.77   18.71    0.76   -1.14   -4.12    0.32
   3 2015   27.62   18.91   14.48   -2.64   -3.32    0.31
  31 2015   28.19   19.39    0.51   -1.23   -3.67   -0.05
  27 2015   28.15   18.97   12.19   -1.25   -2.91   -0.35
  17 2015   27.45   17.97    0.76   -2.05   -3.07   -0.03
  11 2015   26.93   18.16    0.00   -2.23   -3.65    0.15
  19 2015   28.38   18.74    3.56   -1.33   -3.53    0.20
  21 2015   28.79   18.50    1.52   -1.49   -3.86    0.21
  23 2015   28.18   18.32    7.87   -2.28   -3.21    0.21
   5 2045   27.55   18.54   13.72   -2.53   -3.65    0.13
   7 2045   28.37   19.10    0.76   -2.13   -3.92    0.13
   3 2045   28.07   19.06   14.48   -2.34   -3.68    0.33
  31 2045   28.59   19.27    0.51   -2.09   -2.89   -0.15
  27 2045   28.52   18.83   12.19   -0.51   -3.45   -0.22
  17 2045   28.05   18.65    0.76   -2.27   -2.79   -0.01
  11 2045   27.59   18.45    0.00   -2.24   -3.46    0.15
  19 2045   28.81   19.21    3.56   -1.98   -2.14    0.15
  21 2045   28.59   18.42    1.52   -0.81   -4.44    0.12
  23 2045   28.51   18.33    7.87   -2.87   -3.43    0.24
   5 2115   27.69   18.08   13.72   -2.77   -3.27    0.17
   7 2115   28.49   18.58    0.76   -2.13   -3.39    0.06
   3 2115   28.05   18.43   14.48   -2.75   -3.17    0.28
  31 2115   28.42   18.92    0.51   -1.69   -2.99   -0.15
  27 2115   29.28   19.05   12.19   -1.11   -2.57   -0.29
  17 2115   28.15   18.29    0.76   -3.02   -2.51    0.06
  11 2115   27.50   18.28    0.00   -1.85   -3.34    0.13
  19 2115   28.72   18.78    3.56   -2.59   -2.18    0.09
  21 2115   28.46   18.30    1.52   -1.86   -3.99    0.15
  23 2115   28.32   18.16    7.87   -1.56   -3.61    0.16
   5 2145   27.93   18.16   13.72   -3.21   -2.84    0.25
   7 2145   28.50   18.23    0.76   -2.89   -3.71   -0.09
   3 2145   28.09   18.16   14.48   -3.63   -2.69    0.26
  31 2145   28.87   18.92    0.51   -1.68   -3.06   -0.11
  27 2145   29.35   19.23   12.19   -1.16   -1.94   -0.31
  17 2145   28.09   17.88    0.76   -2.94   -2.46    0.07
  11 2145   27.76   18.17    0.00   -1.85   -3.14    0.09
  19 2145   29.10   18.88    3.56   -1.68   -2.65    0.18
  21 2145   28.90   18.30    1.52   -1.29   -3.57    0.14
  23 2145   28.36   18.24    7.87   -1.21   -4.38    0.02
   5 2215   27.51   18.03   13.72   -2.54   -3.17    0.16
   7 2215   28.30   18.51    0.76   -1.86   -3.53    0.09
   3 2215   27.81   18.41   14.48   -2.67   -3.05    0.27
  31 2215   28.49   18.89    0.51   -2.13   -2.54   -0.15
  27 2215   29.09   18.99   12.19   -1.27   -1.59   -0.29
  17 2215   28.09   17.91    0.76   -2.81   -2.91    0.05
  11 2215   27.76   18.24    0.00   -1.81   -3.00    0.10
  19 2215   28.84   18.62    3.56   -1.71   -2.84    0.17
  21 2215   29.03   18.38    1.52   -1.59   -3.34    0.18
  23 2215   28.30   18.26    7.87   -1.73   -2.98    0.15
   5 2245   27.17   17.83   13.72   -2.61   -2.97    0.13
   7 2245   28.15   18.41    0.76   -2.08   -3.52    0.06
   3 2245   27.68   18.44   14.48   -2.32   -2.92    0.29
  31 2245   28.13   18.89    0.51   -1.52   -3.05   -0.09
  27 2245   28.41   18.87   12.19   -1.21   -1.76   -0.31
  17 2245   27.74   17.88    0.76   -2.49   -2.90   -0.05
  11 2245   27.25   17.93    0.00   -2.17   -3.55    0.11
  19 2245   28.21   18.28    3.56   -2.45   -2.44    0.15
  21 2245   28.43   18.19    1.52   -1.66   -3.62    0.17
  23 2245   28.14   18.14    7.87   -2.57   -2.88    0.21
   5 2315   26.15   17.34   13.72   -2.25   -3.41    0.15
   7 2315   27.12   18.08    0.76   -1.80   -3.19    0.10
   3 2315   26.77   17.97   14.48   -2.78   -2.68    0.26
  31 2315   27.32   18.58    0.51   -1.79   -2.37   -0.13
  27 2315   28.07   18.82   12.19   -1.21   -1.99   -0.31
  17 2315   26.71   17.68    0.76   -1.95   -2.40    0.02
  11 2315   26.69   17.96    0.00   -1.94   -2.81    0.09
  19 2315   27.82   18.32    3.56   -2.06   -2.67    0.12
  21 2315   28.24   18.15    1.52   -1.78   -4.06    0.15
  23 2315   27.87   17.84    7.87   -2.58   -3.50    0.17
   5 2345   25.32   17.60   13.72   -1.82   -2.06    0.11
   7 2345   26.32   18.10    0.76   -1.55   -2.27    0.02
   3 2345   25.87   17.92   14.48   -1.87   -1.77    0.19
  31 2345   26.25   18.54    0.51   -1.07   -1.42   -0.07
  27 2345   26.88   18.25   12.19   -1.00   -0.67   -0.19
  17 2345   26.15   17.79    0.76   -1.57   -1.91   -0.01
  11 2345   26.00   18.15    0.00   -1.33   -2.15    0.09
  19 2345   27.38   18.46    3.56   -1.69   -2.23    0.13
  21 2345   27.12   17.86    1.52   -1.68   -3.18    0.09
  23 2345   26.73   17.58    0.00   -2.63   -2.33    0.19
