   5   15   24.83   17.77   13.72   -1.83   -2.32    0.13
   7   15   25.88   18.21    0.76   -1.47   -2.25    0.05
   3   15   25.26   18.13   14.48   -1.79   -1.83    0.21
  31   15  -99.00  -99.00  -99.00  -99.00  -99.00  -99.00
  27   15   26.43   18.19   12.19   -1.07   -1.70   -0.25
  17   15   25.71   17.64    0.76   -1.79   -1.84    0.01
  11   15   25.77   17.67    0.00   -1.73   -2.40    0.10
  19   15   26.71   18.49    3.56   -1.36   -1.91    0.12
  21   15   26.79   17.96    1.52   -1.77   -1.91    0.09
  23   15   26.42   17.79    0.00   -2.71   -1.83    0.16
   5   45   23.45   17.59   13.72   -1.76   -1.88    0.13
   7   45   24.74   18.09    0.76   -1.53   -2.09    0.03
   3   45   24.02   18.15   14.48   -1.70   -1.37    0.15
  31   45  -99.00  -99.00  -99.00  -99.00  -99.00  -99.00
  27   45   25.24   18.60   12.19   -0.83   -1.05   -0.17
  17   45   24.43   17.66    0.76   -1.73   -1.99   -0.01
  11   45   24.16   17.73    0.00   -1.03   -1.97    0.05
  19   45   25.25   17.89    3.56   -1.33   -1.54    0.09
  21   45   25.17   17.81    1.52   -1.45   -1.34    0.03
  23   45   24.94   17.83    0.00   -1.65   -1.66    0.11
   5  115   21.91   17.48   13.72   -1.45   -1.51    0.12
   7  115   24.10   17.89    0.76   -1.63   -1.89    0.01
   3  115   23.12   17.85   14.48   -2.07   -1.43    0.16
  31  115  -99.00  -99.00  -99.00  -99.00  -99.00  -99.00
  27  115   24.43   18.70   12.19   -0.40   -0.23   -0.07
  17  115   23.53   17.47    0.76   -1.79   -2.09    0.01
  11  115   23.13   18.02    0.00   -1.07   -1.31    0.04
  19  115   24.08   17.80    3.56   -1.21   -1.40    0.06
  21  115   23.68   17.55    1.52   -1.14   -1.56    0.05
  23  115   23.49   17.43    0.00   -1.77   -1.39    0.11
   5  145   20.83   17.22   13.72   -0.97   -1.40    0.06
   7  145   22.28   17.52    0.76   -0.93   -1.51    0.15
   3  145   22.09   17.55   14.48   -1.83   -1.51    0.18
  31  145   22.23   18.13    0.51   -0.41   -1.39    0.01
  27  145   23.37   18.38   12.19   -0.67   -0.59   -0.14
  17  145   22.57   17.24    0.76   -1.69   -2.54   -0.02
  11  145   22.22   17.90    0.00   -0.73   -1.46    0.05
  19  145   22.99   17.77    3.56   -0.24   -0.53    0.05
  21  145   22.56   17.18    1.52   -0.94   -1.67    0.03
  23  145   22.69   16.95    0.00   -1.98   -1.41    0.12
   5  215   20.25   17.00   13.72   -0.95   -1.09    0.05
   7  215   22.04   17.56    0.76   -1.25   -1.64    0.13
   3  215   21.71   17.55   14.48   -2.20   -1.37    0.16
  31  215   22.04   18.26    0.51   -0.78   -0.78   -0.05
  27  215   22.78   18.32   12.19   -0.60   -0.77   -0.14
  17  215   21.68   17.24    0.76   -1.55   -2.37   -0.01
  11  215   21.47   17.80    0.00   -1.06   -1.87    0.05
  19  215   21.99   17.74    3.56    0.21   -0.43    0.04
  21  215   21.52   16.91    1.52   -0.99   -2.07    0.03
  23  215   21.24   16.74    0.00   -0.86   -2.19    0.05
   5  245   20.14   16.99   13.72   -2.45   -1.67    0.20
   7  245   22.53   17.72    0.76   -1.95   -2.09   -0.10
   3  245   21.84   17.62   14.48   -2.91   -1.52    0.18
  31  245   21.51   18.19    0.51   -0.88   -0.96   -0.05
  27  245   22.49   18.19   12.19   -0.45   -0.30   -0.07
  17  245   22.04   17.32    0.76   -2.61   -2.27    0.03
  11  245   20.90   17.67    0.00   -1.50   -1.59    0.04
  19  245   21.06   17.60    3.56   -0.13   -0.63    0.05
  21  245   20.63   16.75    1.52   -1.47   -1.37    0.03
  23  245   20.84   16.80    0.00   -1.27   -2.52    0.05
   5  315   20.45   17.10   13.72   -3.04   -1.66    0.19
   7  315   22.22   17.74    0.76   -1.72   -1.93   -0.05
   3  315   21.79   17.71   14.48   -3.13   -1.37    0.17
  31  315   21.19   18.04    0.51   -0.66   -0.90   -0.02
  27  315   22.09   18.08   12.19   -0.40   -0.23   -0.07
  17  315   21.95   17.39    0.00   -2.98   -1.96    0.03
  11  315   20.66   17.59    0.00   -1.47   -1.31    0.03
  19  315   20.95   17.60    3.56   -0.01   -0.46    0.02
  21  315   20.39   16.92    1.52   -1.19   -1.49    0.03
  23  315   20.91   17.36    0.00   -1.43   -2.09    0.07
   5  345   19.88   16.98   13.72   -3.17   -1.64    0.19
   7  345   21.35   17.60    0.76   -1.41   -1.35   -0.10
   3  345   21.48   17.62   14.48   -3.07   -1.22    0.18
  31  345   20.97   17.92    0.51   -0.70   -0.99   -0.04
  27  345   21.11   17.91   12.19   -0.09   -0.05   -0.01
  17  345   20.93   17.22    0.00   -2.59   -1.13    0.04
  11  345   20.48   17.51    0.00   -1.59   -1.23    0.03
  19  345   20.90   17.59    3.56   -0.41   -0.68    0.07
  21  345   20.22   17.22    1.52   -1.34   -1.25    0.04
  23  345   21.21   17.63    0.00   -1.79   -1.58    0.13
   5  415   19.30   16.69   13.72   -2.92   -1.17    0.15
   7  415   21.05   17.40    0.76   -1.65   -1.23   -0.09
   3  415   21.18   17.45    0.00   -2.99   -0.55    0.13
  31  415   20.87   17.73    0.51   -0.59   -0.90   -0.03
  27  415   20.33   17.79   12.19    0.01    0.01    0.01
  17  415   19.91   16.90    0.00   -2.11   -0.79    0.06
  11  415   20.04   17.26    0.00   -1.63   -1.45    0.03
  19  415   20.35   17.39    3.56    0.19   -0.25    0.05
  21  415   20.03   17.31    1.52   -1.72   -1.44    0.06
  23  415   20.78   17.48    0.00   -1.97   -1.75    0.12
   5  445   18.58   16.36   13.72   -2.33   -0.94    0.15
   7  445   21.30   17.43    0.76   -2.10   -1.40   -0.13
   3  445   21.23   17.46    0.00   -3.13   -0.46    0.12
  31  445   19.65   17.21    0.51   -0.47   -0.79   -0.01
  27  445   19.96   17.62   12.19    0.00    0.00    0.01
  17  445   19.74   16.78    0.00   -2.37   -0.93    0.04
  11  445   19.43   16.99    0.00   -1.48   -1.48    0.00
  19  445   19.78   17.17    3.56    0.77   -0.10    0.02
  21  445   19.50   17.09    1.52   -1.62   -1.47    0.05
  23  445   19.93   17.21    0.00   -1.64   -1.65    0.11
   5  515   18.19   16.20   13.72   -2.00   -1.10    0.13
   7  515   21.01   17.35    0.76   -1.77   -1.59   -0.09
   3  515   20.90   17.37    0.00   -3.21   -0.70    0.13
  31  515   18.57   16.78    0.51   -0.37   -0.61   -0.01
  27  515   19.48   17.56   12.19    0.00    0.11    0.00
  17  515   19.37   16.66    0.00   -1.99   -0.86    0.03
  11  515   19.37   16.96    0.00   -1.68   -1.33    0.01
  19  515   20.05   17.22    3.56   -0.01   -0.17    0.03
  21  515   19.16   16.98    1.52   -1.75   -0.99    0.02
  23  515   19.81   17.13    0.00   -1.67   -1.51    0.11
   5  545   17.79   16.02   13.72   -0.68   -0.65    0.04
   7  545   20.10   17.08    0.76   -0.93   -1.06    0.01
   3  545   20.09   17.12    0.00   -2.45   -1.02    0.12
  31  545   19.63   17.22    0.51   -0.85   -1.21   -0.04
  27  545   19.44   17.47   12.19   -0.01    0.06    0.00
  17  545   19.22   16.48    0.00   -0.87   -0.59   -0.01
  11  545   19.55   16.91    0.00   -1.43   -1.34    0.01
  19  545   19.64   17.06    3.56    0.11   -0.20    0.02
  21  545   18.92   16.79    1.52   -1.41   -1.19    0.01
  23  545   19.09   16.75    0.00   -1.27   -1.53    0.06
   5  615   17.93   16.05   13.72   -0.55   -0.06    0.07
   7  615   19.69   16.98    0.76   -0.07   -0.16    0.00
   3  615   19.75   17.03    0.00   -2.29   -0.20    0.08
  31  615   17.41   16.18    0.51   -0.27   -0.31   -0.01
  27  615   18.60   16.98   12.19   -0.03    0.16    0.00
  17  615   18.55   16.34    0.00   -0.01    0.36    0.02
  11  615   19.52   16.89    0.00   -1.60   -1.03    0.00
  19  615   19.05   16.86    3.56   -0.03    0.08    0.00
  21  615   19.11   16.79    1.52   -1.89   -0.77    0.00
  23  615   18.89   16.63    0.00   -0.05   -0.81   -0.02
   5  645   18.69   16.36   13.72   -0.89    0.25    0.03
   7  645   19.02   16.72    0.76   -0.84    0.93   -0.27
   3  645   19.60   17.00    0.00   -3.01    1.00    0.05
  31  645   16.81   15.81    0.51    0.05    0.19    0.01
  27  645   17.88   16.64   12.19    0.00    0.14    0.00
  17  645   17.02   15.77    0.00   -0.71    0.09    0.00
  11  645   19.61   16.87    0.00   -1.94   -0.23    0.00
  19  645   17.22   16.09    3.56   -0.23    0.71   -0.03
  21  645   18.72   16.50    1.52   -2.44   -0.69    0.00
  23  645   19.21   16.78    0.00   -0.17   -0.04    0.01
   5  715   18.14   16.10   13.72   -0.63   -0.31    0.01
   7  715   19.09   16.75    0.76   -0.77   -0.01   -0.15
   3  715   19.78   17.08    0.00   -2.51    0.17    0.09
  31  715   16.49   15.59    0.51    0.01    0.02    0.00
  27  715   17.31   16.33   12.19   -0.07   -0.01   -0.01
  17  715   17.26   15.93    0.00   -0.52   -0.08    0.01
  11  715   19.46   16.79    0.00   -1.61   -0.66    0.01
  19  715   17.05   15.95    3.56   -0.49    0.73   -0.04
  21  715   18.52   16.38    1.52   -2.39    0.25    0.00
  23  715   18.53   16.51    0.00   -0.38    0.47    0.01
   5  745   17.98   16.10   13.72   -1.92    0.13    0.07
   7  745   18.45   16.54    0.76   -0.53    0.53   -0.16
   3  745   19.72   17.12    0.00   -3.13    0.77    0.08
  31  745   16.73   15.73    0.51   -0.17    0.30    0.00
  27  745   17.17   16.12   12.19   -0.34    0.63    0.00
  17  745   16.06   15.26    0.00   -1.03    0.37    0.05
  11  745   18.28   16.37    0.00   -2.50    0.62   -0.01
  19  745   16.89   15.83    3.56   -0.39    1.15   -0.05
  21  745   18.21   16.52    1.52   -2.59    0.80    0.00
  23  745   17.68   16.15    0.00   -0.75    0.22    0.03
   5  815   17.65   16.03   13.72   -2.09    0.86    0.09
   7  815   17.53   16.10    0.76   -0.53    1.07   -0.30
   3  815   19.00   16.79    0.00   -3.27    1.77    0.03
  31  815   16.27   15.54    0.51   -0.13    0.29    0.00
  27  815   16.11   15.54   12.19   -0.03    0.01    0.01
  17  815   15.37   14.80    0.00   -1.41    0.21    0.04
  11  815   18.18   16.49    0.00   -2.93    0.49   -0.03
  19  815   16.83   15.71    3.56   -0.41    1.07   -0.03
  21  815   18.22   16.70    1.52   -2.64    1.05    0.01
  23  815   17.28   15.98    0.00   -0.84    0.32    0.03
   5  845   17.55   15.95   13.72   -2.51    0.87    0.11
   7  845   17.42   16.06    0.76    0.03    0.82   -0.11
   3  845   18.69   16.69    0.00   -3.13    1.34    0.05
  31  845   15.80   15.28    0.51   -0.07    0.00    0.00
  27  845   16.36   15.67   12.19    0.07   -0.05    0.01
  17  845   15.19   14.62    0.00   -1.20   -0.07    0.05
  11  845   17.83   16.30    0.00   -2.65    0.63   -0.02
  19  845   16.56   15.60    3.56   -0.22    0.75   -0.01
  21  845   17.69   16.42    1.52   -2.35    1.14    0.01
  23  845   17.11   15.95    0.00   -0.71    0.25    0.03
   5  915   17.55   16.06   13.72   -2.21    1.25    0.09
   7  915  -99.00  -99.00  -99.00  -99.00  -99.00  -99.00
   3  915   18.39   16.65    0.00   -2.54    1.60    0.03
  31  915   15.42   14.99    0.00    0.15    0.18    0.00
  27  915   16.16   15.56   12.19    0.00    0.01    0.00
  17  915   15.62   14.93    0.00   -0.80    0.07    0.01
  11  915   17.07   15.93    0.00   -1.93    1.22   -0.01
  19  915   16.41   15.57    3.56   -0.01    0.03    0.03
  21  915   17.64   16.40    1.52   -2.39    1.06    0.00
  23  915   17.26   16.08    0.00   -0.46    0.13    0.00
   5  945   17.32   16.04   13.72   -2.21    1.26    0.10
   7  945   17.44   16.23    0.76   -0.31    0.95   -0.16
   3  945   18.16   16.67    0.00   -2.80    1.77    0.03
  31  945   15.50   15.16    0.00    0.00    0.01    0.00
  27  945   16.02   15.52   12.19    0.00    0.04    0.00
  17  945   15.37   14.77    0.00   -0.86    0.23    0.07
  11  945   17.24   16.16    0.00   -2.36    1.09   -0.02
  19  945   16.07   15.42    3.56   -0.09    0.22    0.00
  21  945   17.74   16.51    1.52   -2.40    1.13    0.00
  23  945   17.42   16.30    0.00   -0.46    0.33    0.01
   5 1015   17.02   15.96   13.72   -1.79    1.64    0.15
   7 1015   16.86   15.98    0.76    0.09    1.03   -0.09
   3 1015   18.15   16.73    0.00   -2.11    2.03   -0.03
  31 1015   15.24   14.93    0.00    0.02    0.73    0.00
  27 1015   15.97   15.48   12.19    0.08    0.31    0.01
  17 1015   14.82   14.39    0.00   -0.79    0.17    0.01
  11 1015   16.86   15.92    0.00   -1.67    1.54   -0.02
  19 1015   15.75   15.25    3.56   -0.12    0.35    0.01
  21 1015   17.65   16.43    1.52   -2.94    0.87    0.01
  23 1015   17.32   16.28    0.00   -0.54    0.65    0.04
   5 1045   17.37   16.21   13.72   -2.25    1.52    0.17
   7 1045   16.72   15.93    0.76    0.36    0.85   -0.01
   3 1045   17.96   16.69    0.00   -2.17    1.79   -0.01
  31 1045   16.11   15.56    0.00   -0.03    0.61    0.00
  27 1045   15.91   15.36   12.19    0.16   -0.02    0.01
  17 1045   15.18   14.72    0.00   -0.95    0.26    0.04
  11 1045   16.61   15.71    0.00   -1.95    1.33   -0.01
  19 1045   15.49   15.10    3.56   -0.06    0.47   -0.01
  21 1045   17.66   16.50    1.52   -2.61    1.11    0.03
  23 1045   17.21   16.31    0.00   -0.73    0.56    0.03
   5 1115   17.85   16.50   13.72   -2.91    1.78    0.22
   7 1115   16.84   16.04    0.76    0.33    0.70   -0.01
   3 1115   17.94   16.71    0.00   -2.13    1.65   -0.01
  31 1115   16.76   16.10    0.00   -0.43    0.34    0.00
  27 1115   16.18   15.58   12.19    0.05    0.03    0.01
  17 1115   15.01   14.63    0.00   -0.83    0.31    0.03
  11 1115   16.80   15.87    0.00   -2.13    1.41   -0.04
  19 1115   15.63   15.19    3.56   -0.08    0.77   -0.01
  21 1115   17.56   16.40    1.52   -2.99    1.01    0.03
  23 1115   17.10   16.28    0.00   -0.65    0.37    0.03
   5 1145   17.20   16.08   13.72   -3.03    1.25    0.17
   7 1145   17.15   16.25    0.76    0.17    0.41   -0.01
   3 1145   17.37   16.35    0.00   -2.33    1.38    0.03
  31 1145   15.40   15.03    0.00   -0.53    0.17   -0.01
  27 1145   16.15   15.55   12.19    0.00   -0.03    0.00
  17 1145   15.13   14.72    0.00   -1.17    0.22    0.06
  11 1145   17.11   16.11    0.00   -2.29    1.09   -0.03
  19 1145   15.35   14.86    3.56   -0.47    1.21   -0.04
  21 1145   17.95   16.69    1.52   -2.75    1.35    0.04
  23 1145   16.79   16.05    0.00   -0.81    0.25    0.03
   5 1215   17.20   16.15   13.72   -2.09    0.27    0.11
   7 1215   17.48   16.50    0.76    0.15    0.30   -0.02
   3 1215   18.14   16.79    0.00   -2.36    1.33    0.03
  31 1215   15.59   15.26    0.00    0.03    0.15    0.00
  27 1215   15.49   15.10   12.19    0.07    0.05   -0.01
  17 1215   16.42   15.74    0.00   -1.09   -0.27    0.06
  11 1215   18.20   16.94    0.00   -2.11    0.77   -0.04
  19 1215   15.97   15.39    3.56   -0.27    0.59   -0.01
  21 1215   18.53   17.17    1.52   -2.29    1.17    0.05
  23 1215   17.22   16.36    0.00   -1.01    0.05    0.05
   5 1245   19.45   17.50   13.72   -2.99    1.63    0.20
   7 1245   18.40   17.35    0.76    0.20    0.67   -0.01
   3 1245   19.95   17.90    0.00   -2.25    1.42    0.01
  31 1245   17.58   16.89    0.00   -0.09    0.37    0.00
  27 1245   16.57   15.93   12.19    0.05    0.13    0.01
  17 1245   17.10   16.30    0.00   -0.63    0.41    0.03
  11 1245   19.59   18.02    0.00   -1.75    1.28   -0.03
  19 1245   17.42   16.64    3.56   -0.65    0.85   -0.02
  21 1245   19.40   17.78    1.52   -2.07    1.47    0.03
  23 1245   18.63   17.49    0.00   -0.79    0.50    0.06
   5 1315   20.86   18.36   13.72   -2.06    1.61    0.19
   7 1315   20.29   18.57    0.76   -0.11    1.03   -0.08
   3 1315   21.58   18.77    0.00   -2.26    1.53    0.00
  31 1315   20.22   18.72    0.00   -0.52    0.76   -0.01
  27 1315   17.59   16.54   12.19    0.42    0.04    0.07
  17 1315   18.95   17.31    0.00   -1.44    0.76    0.07
  11 1315   20.98   18.69    0.00   -1.79    1.59   -0.04
  19 1315   19.56   17.97    3.56   -0.73    0.67   -0.01
  21 1315   21.24   18.64    1.52   -2.71    1.27    0.03
  23 1315   20.29   18.46    0.00   -1.55    0.65    0.10
   5 1345   22.11   18.92   13.72   -2.36    1.99    0.21
   7 1345   21.98   19.36    0.76   -0.64    1.88   -0.27
   3 1345   22.91   19.49    0.00   -2.31    1.44    0.01
  31 1345   21.80   19.63    0.00   -1.24    1.42   -0.11
  27 1345   20.27   18.47   12.19   -0.15    0.35    0.02
  17 1345   21.27   18.57    0.00   -1.85    1.57    0.19
  11 1345   22.20   19.17    0.00   -2.53    2.06   -0.01
  19 1345   22.09   19.26    3.56   -1.83    1.39   -0.03
  21 1345   22.61   19.14    1.52   -2.93    2.01    0.05
  23 1345   21.92   19.06    0.00   -2.14    1.27    0.17
   5 1415   23.40   19.41   13.72   -2.90    1.55    0.21
   7 1415   23.46   19.62    0.76   -0.99    1.75   -0.39
   3 1415   24.04   19.90    0.00   -2.96    1.01    0.05
  31 1415   23.30   20.17    0.00   -1.85    0.65   -0.17
  27 1415   23.00   19.96   12.19   -0.27    0.14    0.05
  17 1415   23.40   19.30    0.00   -2.49    1.79    0.18
  11 1415   23.48   19.34    0.00   -3.17    1.81   -0.01
  19 1415   23.97   19.77    3.56   -2.58    1.33   -0.07
  21 1415   24.02   19.54    1.52   -3.01    1.95    0.04
  23 1415   23.11   19.36    0.00   -2.96    0.93    0.20
   5 1445   24.05   19.19   13.72   -3.52    1.76    0.22
   7 1445   24.44   19.60    0.76   -0.91    1.60   -0.39
   3 1445   24.78   19.72    0.00   -2.67    1.79   -0.03
  31 1445   24.77   20.31    0.00   -1.91    1.10   -0.13
  27 1445   24.58   19.78   12.19   -1.66    1.31   -0.25
  17 1445   24.09   19.15    0.00   -2.90    1.92    0.21
  11 1445   23.86   19.14    0.00   -2.93    2.19   -0.05
  19 1445   24.87   19.80    3.56   -2.86    1.27   -0.05
  21 1445   24.81   19.53    1.52   -3.62    1.42    0.08
  23 1445   23.62   19.31    0.00   -3.05    1.41    0.22
   5 1515   24.55   19.12   13.72   -3.24    1.73    0.21
   7 1515   25.15   19.68    0.76   -0.70    1.28   -0.25
   3 1515   25.29   19.69    0.00   -2.83    1.34    0.04
  31 1515   25.30   19.92    0.00   -2.59    1.59   -0.23
  27 1515   25.42   19.70   12.19   -1.58    1.81   -0.19
  17 1515   24.97   19.16    0.00   -2.71    2.09    0.17
  11 1515   24.80   19.30    0.00   -2.61    2.00   -0.03
  19 1515   25.38   19.67    3.56   -2.33    1.45   -0.01
  21 1515   25.13   19.47    1.52   -3.01    1.39    0.01
  23 1515   24.46   19.47    0.00   -2.85    1.18    0.22
   5 1545   25.64   19.11   13.72   -2.51    1.85    0.23
   7 1545   25.86   19.56    0.76   -0.79    2.01   -0.35
   3 1545   26.29   19.77    0.00   -2.28    1.49    0.04
  31 1545   26.22   20.06    0.00   -2.69    0.91   -0.23
  27 1545   26.12   19.82   12.19   -1.16    1.13   -0.07
  17 1545   25.55   19.06    0.00   -2.31    1.99    0.16
  11 1545   25.07   19.16    0.00   -2.23    1.21    0.00
  19 1545   26.07   19.78    3.56   -2.31    1.09   -0.05
  21 1545   26.03   19.51    1.52   -3.02    1.32    0.04
  23 1545   25.29   19.66    0.00   -2.43    1.36    0.20
   5 1615   26.01   19.25   13.72   -2.52    1.31    0.21
   7 1615   26.46   19.85    0.76   -0.93    0.41   -0.20
   3 1615   26.58   19.81    0.00   -2.32    0.93    0.05
  31 1615  -99.00  -99.00  -99.00  -99.00  -99.00  -99.00
  27 1615   26.89   20.11   12.19   -1.39    1.68   -0.15
  17 1615   26.13   19.30    0.00   -1.93    1.17    0.12
  11 1615   25.93   19.64    0.00   -2.41    0.49   -0.01
  19 1615   27.50   19.99    3.56   -2.73    1.13   -0.01
  21 1615   27.31   19.61    1.52   -3.66    0.62    0.13
  23 1615   26.54   19.55    0.00   -2.01    1.93    0.16
   5 1645   26.69   19.56   13.72   -2.72    1.30    0.19
   7 1645   27.13   20.07    0.76   -0.85    0.28   -0.21
   3 1645   27.35   20.13    0.00   -2.65    1.13    0.05
  31 1645   27.57   20.43    0.00   -2.21    0.81   -0.16
  27 1645   27.61   20.25   12.19   -0.91    1.57    0.04
  17 1645   26.98   19.44    0.00   -2.17    1.71    0.15
  11 1645   27.01   19.81    0.00   -3.37    0.61    0.01
  19 1645   28.26   19.97    3.56   -2.41    1.83   -0.01
  21 1645   27.45   19.59    1.52   -2.37    2.15   -0.01
  23 1645   27.15   19.73    0.00   -2.36    1.55    0.21
   5 1715   27.25   19.60   13.72   -2.11    1.41    0.14
   7 1715   28.17   20.26    0.76   -1.12    0.91   -0.33
   3 1715   27.92   20.11    0.00   -1.42    1.35    0.01
  31 1715   28.21   20.45    0.00   -2.57    0.94   -0.23
  27 1715   28.38   20.39   12.19   -1.09    1.63   -0.03
  17 1715   27.64   19.40    0.00   -2.29    2.55    0.19
  11 1715   27.46   19.63    0.00   -2.33    1.30   -0.04
  19 1715   28.37   20.02    3.56   -2.38    1.95   -0.11
  21 1715   24.98   21.88   97.54   -9.50  -10.81    0.86
  23 1715   27.60   19.69    0.00   -2.89    1.55    0.22
   5 1745   27.90   19.75   13.72   -2.13    1.85    0.15
   7 1745   28.74   20.19    0.76   -1.09    0.83   -0.33
   3 1745   28.49   20.26    0.00   -2.41    1.17    0.00
  31 1745  -99.00  -99.00  -99.00  -99.00  -99.00  -99.00
  27 1745   29.05   20.39   12.19   -1.54    1.98   -0.15
  17 1745   28.49   19.40    0.00   -2.35    3.05    0.25
  11 1745   28.14   19.70    0.00   -2.35    1.59   -0.03
  19 1745   29.13   20.02    3.56   -2.85    1.79   -0.05
  21 1745   16.59   16.44    0.00  -14.21   -2.11    0.43
  23 1745   28.13   19.79    0.00   -2.67    1.23    0.21
   5 1815   28.53   19.79   13.72   -2.19    1.53    0.19
   7 1815   29.30   20.35    0.76   -0.77    0.74   -0.27
   3 1815   29.07   20.31    0.00   -1.99    0.94    0.07
  31 1815  -99.00  -99.00  -99.00  -99.00  -99.00  -99.00
  27 1815   29.98   20.56   12.19   -1.35    1.73   -0.09
  17 1815   28.87   19.42    0.00   -2.97    2.58    0.28
  11 1815   28.61   19.71    0.00   -2.54    1.29    0.01
  19 1815   29.67   20.16    3.56   -2.38    1.52   -0.02
  21 1815   29.46   19.93    0.00   -2.82    1.53    0.03
  23 1815   28.67   19.69    0.00   -3.09    1.15    0.19
   5 1845   28.91   19.63   13.72   -3.45    0.86    0.19
   7 1845   29.86   20.36    0.76   -0.82    1.35   -0.30
   3 1845   29.61   20.25    0.00   -2.81    0.97    0.11
  31 1845   29.81   20.46    0.00   -2.25    1.43   -0.17
  27 1845   30.43   20.37   12.19   -1.93    0.61   -0.33
  17 1845   29.26   19.56    0.00   -2.43    1.75    0.19
  11 1845   29.32   19.96    0.00   -2.39    1.80   -0.01
  19 1845   30.32   20.30    3.56   -3.37    0.68   -0.03
  21 1845   30.01   19.78    0.00   -2.93    2.39    0.09
  23 1845   15.95    8.76    0.00    4.22   25.93    9.53
   5 1915   29.25   19.81   13.72   -3.11    0.73    0.19
   7 1915   30.15   20.52    0.76   -1.49   -0.69   -0.19
   3 1915   30.06   20.48    0.00   -2.96    1.25    0.11
  31 1915   30.29   20.75    0.00   -2.81    0.44   -0.25
  27 1915   30.95   20.69   12.19   -2.06    0.63   -0.34
  17 1915   29.61   19.55    0.00   -3.17    1.52    0.17
  11 1915   29.70   19.95    0.00   -2.83    1.37   -0.04
  19 1915   30.92   20.27    3.56   -2.87    2.45   -0.05
  21 1915   30.45   19.47    0.00   -4.32    1.56    0.07
  23 1915   31.12   15.48    0.00  -16.60   -6.35    4.09
   5 1945   29.78   20.04   13.72   -3.53    1.90    0.25
   7 1945   30.64   20.57    0.00   -1.01    1.17   -0.33
   3 1945   30.38   20.53    0.00   -3.17    1.90    0.03
  31 1945   30.60   20.95    0.00   -3.09    1.00   -0.23
  27 1945   31.46   20.58   12.19   -2.13    1.74   -0.29
  17 1945   30.20   19.64    0.00   -3.45    2.76    0.28
  11 1945   30.21   20.09    0.00   -2.98    3.03   -0.06
  19 1945   31.04   20.01    3.56   -4.22    2.70   -0.10
  21 1945   30.73   19.54    0.00   -4.43    2.52    0.05
  23 1945   29.98   20.11    0.00   -3.33    2.50    0.32
   5 2015   29.87   20.01   13.72   -3.84    1.31    0.25
   7 2015   31.11   20.84    0.00   -0.56    1.18   -0.21
   3 2015   30.38   20.48    0.00   -3.67    1.25    0.06
  31 2015   30.86   20.88    0.00   -2.39    2.24   -0.19
  27 2015   31.69   20.40   12.19   -2.74    2.13   -0.38
  17 2015   30.12   19.64    0.00   -4.37    1.55    0.23
  11 2015   30.34   20.15    0.00   -3.81    2.18   -0.07
  19 2015   31.29   20.02    3.56   -3.75    2.61   -0.07
  21 2015   30.82   19.81    0.00   -4.92    1.77    0.10
  23 2015   30.42   20.05    0.00   -4.19    1.32    0.35
   5 2045   29.96   19.87   13.72   -4.33    1.35    0.22
   7 2045   31.11   20.79    0.00   -0.73    1.34   -0.22
   3 2045   30.57   20.43    0.00   -3.77    1.38    0.06
  31 2045   30.91   20.71    0.00   -2.75    1.85   -0.24
  27 2045   32.21   20.68   12.19   -1.51    1.67   -0.07
  17 2045   30.46   19.74    0.00   -3.72    2.09    0.24
  11 2045   30.39   19.92    0.00   -3.81    1.55   -0.03
  19 2045   31.39   20.32    3.56   -3.74    1.38    0.01
  21 2045   31.02   19.74    0.00   -4.31    3.15    0.09
  23 2045   30.62   20.05    0.00   -3.43    2.80    0.31
   5 2115   30.17   19.89   13.72   -3.87    1.95    0.24
   7 2115   30.97   20.67    0.00   -1.03    0.23   -0.29
   3 2115   30.57   20.33    0.00   -3.63    1.19    0.06
  31 2115   30.64   20.57    0.00   -3.26    2.38   -0.28
  27 2115   31.70   20.50   12.19   -2.65    2.11   -0.34
  17 2115   30.23   19.47    0.00   -4.71    2.86    0.25
  11 2115   30.61   19.92    0.00   -3.99    2.68   -0.05
  19 2115   31.21   20.01    3.56   -3.77    2.97   -0.06
  21 2115   30.92   19.74    0.00   -4.55    2.69    0.07
  23 2115   30.41   19.85    0.00   -4.39    2.51    0.41
   5 2145   30.08   20.02   13.72   -4.43    0.71    0.29
   7 2145   30.83   20.45    0.00   -0.99    2.16   -0.46
   3 2145   30.53   20.43    0.00   -4.35    1.35    0.06
  31 2145  -99.00  -99.00  -99.00  -99.00  -99.00  -99.00
  27 2145   31.92   20.66   12.19   -2.29    2.49   -0.24
  17 2145   30.26   19.46    0.00   -3.89    3.25    0.31
  11 2145   30.15   19.63    0.00   -4.03    3.20   -0.07
  19 2145   31.02   20.15    3.56   -3.21    2.25   -0.06
  21 2145   30.75   19.76    0.00   -4.63    2.89    0.05
  23 2145   30.15   19.55    0.00   -4.41    2.59    0.39
   5 2215   29.64   19.42   13.72   -4.37    1.64    0.29
   7 2215   31.12   20.34    0.00   -0.87    1.88   -0.32
   3 2215   30.09   19.76    0.00   -3.67    1.95    0.01
  31 2215  -99.00  -99.00  -99.00  -99.00  -99.00  -99.00
  27 2215   31.79   20.60   12.19   -2.31    2.77   -0.20
  17 2215   29.96   19.22    0.00   -5.60    1.77    0.33
  11 2215   30.20   19.34    0.00   -4.26    2.27   -0.05
  19 2215   30.93   20.18    3.56   -3.70    2.45   -0.05
  21 2215   30.36   19.67    0.00   -5.33    2.58    0.04
  23 2215   30.00   19.19    0.00   -4.31    2.05    0.38
   5 2245   29.44   18.88   13.72   -3.81    3.62    0.26
   7 2245   30.69   19.85    0.00   -0.75    1.27   -0.39
   3 2245   30.00   19.46    0.00   -2.81    2.84   -0.05
  31 2245  -99.00  -99.00  -99.00  -99.00  -99.00  -99.00
  27 2245   31.47   20.31   12.19   -2.01    1.63   -0.21
  17 2245   29.66   19.00    0.00   -5.09    2.35    0.33
  11 2245   29.87   18.95    0.00   -4.21    2.49   -0.05
  19 2245   30.32   19.95    3.56   -3.34    2.53   -0.07
  21 2245   30.23   19.83    0.00   -4.07    3.19    0.06
  23 2245   29.69   18.98    0.00   -4.41    1.80    0.39
   5 2315   29.06   18.78   13.72   -3.68    3.17    0.30
   7 2315   30.20   19.74    0.00   -0.75    1.49   -0.33
   3 2315   29.52   19.19    0.00   -2.93    2.84   -0.06
  31 2315  -99.00  -99.00  -99.00  -99.00  -99.00  -99.00
  27 2315   30.96   20.13   12.19   -2.18    2.46   -0.17
  17 2315   29.31   18.60    0.00   -5.29    2.39    0.31
  11 2315   29.41   18.92    0.00   -4.26    2.50   -0.03
  19 2315   29.86   20.00    3.56   -3.40    1.99   -0.06
  21 2315   29.80   19.74    0.00   -4.60    1.65    0.07
  23 2315   29.16   18.93    0.00   -4.07    2.21    0.36
   5 2345   28.43   18.72   13.72   -3.62    2.72    0.27
   7 2345   29.47   19.56    0.00   -0.64    1.97   -0.30
   3 2345   28.96   19.18    0.00   -2.99    2.39    0.00
  31 2345   29.36   19.64    0.00   -2.45    2.89   -0.15
  27 2345   30.35   20.03   12.19   -2.21    2.62   -0.23
  17 2345   28.81   18.51    0.00   -4.90    2.46    0.31
  11 2345   28.87   18.91    0.00   -3.37    2.86   -0.03
  19 2345   29.27   19.71    3.56   -4.43    1.93   -0.08
  21 2345   29.27   19.53    0.00   -5.27    1.98    0.05
  23 2345   28.60   18.95    0.00   -3.65    2.64    0.33
