   5   15   27.64   18.57   13.72   -2.99    3.51    0.23
   7   15   28.56   19.45    0.00   -0.53    1.92   -0.25
   3   15   28.24   19.09    0.00   -2.04    2.90   -0.09
  31   15   28.57   19.55    0.00   -2.20    2.57   -0.18
  27   15   29.63   19.76   12.19   -2.22    2.61   -0.20
  17   15   28.07   18.52    0.00   -3.68    3.07    0.32
  11   15   28.09   18.84    0.00   -3.27    3.23   -0.05
  19   15   28.42   19.38    3.56   -3.56    2.14   -0.05
  21   15   28.68   19.19    0.00   -4.43    2.63    0.04
  23   15   27.88   18.76    0.00   -2.83    3.00    0.27
   5   45   26.07   18.37   13.72   -2.23    2.45    0.18
   7   45   26.82   19.08    0.00    0.03    1.09   -0.05
   3   45   27.03   18.81    0.00   -1.57    2.39   -0.09
  31   45   27.29   19.33    0.00   -1.69    1.94   -0.11
  27   45   28.47   19.14   12.19   -2.15    2.06   -0.23
  17   45   26.81   18.42    0.00   -2.69    2.48    0.25
  11   45   26.70   18.56    0.00   -2.37    2.69   -0.04
  19   45   27.42   18.99    3.56   -2.90    2.45   -0.07
  21   45   27.67   18.68    0.00   -3.70    3.10    0.05
  23   45   26.84   18.56    0.00   -2.47    2.62    0.26
   5  115   23.87   17.70   13.72   -1.87    2.44    0.15
   7  115   24.33   18.21    0.00    0.35    0.93    0.03
   3  115   25.48   18.34    0.00   -1.52    2.81   -0.15
  31  115   24.98   18.80    0.00   -0.74    1.62   -0.02
  27  115   26.37   18.71   12.19   -1.22    1.82   -0.08
  17  115   24.90   17.82    0.00   -2.13    1.76    0.15
  11  115   24.25   18.05    0.00   -1.77    2.05   -0.04
  19  115   26.06   18.48    3.56   -1.99    2.51   -0.07
  21  115   25.98   18.22    0.00   -2.91    3.05    0.01
  23  115   25.16   18.15    0.00   -1.93    2.48    0.23
   5  145   22.46   17.22   13.72   -1.99    2.97    0.17
   7  145   22.51   17.68    0.00    0.38    1.03    0.00
   3  145   24.30   17.95    0.00   -1.45    3.41   -0.15
  31  145   23.02   18.03    0.00   -0.42    1.86    0.01
  27  145   24.51   18.35   12.19   -1.18    2.17   -0.05
  17  145   23.46   17.37    0.00   -2.12    1.48    0.13
  11  145   22.20   17.44    0.00   -1.44    2.21   -0.03
  19  145   24.76   18.06    3.56   -1.62    2.06   -0.03
  21  145   24.32   17.88    0.00   -2.48    2.74    0.03
  23  145   23.52   17.65    0.00   -1.52    2.52    0.19
   5  215   21.77   16.94   13.72   -2.03    2.93    0.16
   7  215   21.61   17.37    0.00    0.21    0.88    0.00
   3  215   23.77   17.79    0.00   -1.49    3.45   -0.14
  31  215   22.29   17.67    0.00   -0.61    1.67   -0.01
  27  215   23.40   17.82   12.19   -1.31    2.09   -0.07
  17  215   22.46   17.12    0.00   -2.01    1.31    0.12
  11  215   21.43   17.17    0.00   -1.47    2.42   -0.04
  19  215   23.32   17.73    3.56   -0.87    1.38   -0.03
  21  215   22.51   17.48    0.00   -2.08    2.56    0.00
  23  215   22.14   17.35    0.00   -0.98    1.01    0.09
   5  245   21.63   16.92   13.72   -2.15    3.15    0.17
   7  245   20.68   17.08    0.00    0.48    1.21    0.00
   3  245   23.63   17.78    0.00   -1.61    3.71   -0.15
  31  245   21.55   17.54    0.00   -0.63    1.73   -0.02
  27  245   22.26   17.45   12.19   -1.58    2.59   -0.14
  17  245   21.15   16.82    0.00   -1.45    0.81    0.09
  11  245   20.90   16.98    0.00   -1.55    2.47   -0.04
  19  245   22.58   17.63    3.56   -1.01    1.64   -0.05
  21  245   21.56   17.21    0.00   -2.02    2.05    0.00
  23  245   21.46   17.17    0.00   -0.78    0.85    0.07
   5  315   21.63   16.91   13.72   -2.30    3.11    0.17
   7  315   20.26   16.97    0.00    0.58    1.18    0.02
   3  315   23.42   17.69    0.00   -1.80    3.55   -0.15
  31  315   21.49   17.50    0.00   -0.75    1.89   -0.03
  27  315   21.99   17.36   12.19   -1.25    1.98   -0.10
  17  315   20.45   16.66    0.00   -1.01    0.66    0.05
  11  315   20.55   16.87    0.00   -1.56    2.43   -0.04
  19  315   21.61   17.38    3.56   -0.89    1.23   -0.05
  21  315   21.07   17.08    0.00   -2.10    2.44    0.00
  23  315   20.77   16.93    0.00   -0.53    0.68    0.05
   5  345   21.27   16.88   13.72   -1.71    3.17    0.18
   7  345   19.70   16.81    0.00    0.31    1.17   -0.01
   3  345   22.67   17.64    0.00   -1.53    3.37   -0.11
  31  345   20.83   17.29    0.00   -0.79    1.81   -0.03
  27  345   21.89   17.35   12.19   -1.35    2.40   -0.04
  17  345   20.17   16.57    0.00   -0.98    0.73    0.04
  11  345   20.23   16.80    0.00   -1.32    2.40   -0.03
  19  345   20.34   16.99    3.56   -1.17    1.08   -0.03
  21  345   20.57   17.04    0.00   -1.80    2.29    0.00
  23  345   20.58   16.91    0.00   -0.05    0.81    0.02
   5  415   20.66   16.85   13.72   -1.36    3.50    0.14
   7  415   19.68   16.87    0.00    0.22    1.49   -0.05
   3  415   21.98   17.74    0.00   -1.13    3.51   -0.11
  31  415   20.02   17.06    0.00   -0.34    1.15   -0.01
  27  415   21.31   17.24   12.19   -0.91    1.97    0.01
  17  415   20.07   16.58    0.00   -1.11    0.43    0.04
  11  415   20.11   16.89    0.00   -1.45    2.35   -0.01
  19  415   19.38   16.77    3.56   -0.65    0.75    0.00
  21  415   19.81   16.96    0.00   -1.77    2.50    0.00
  23  415   19.93   16.80    0.00    0.00    0.81    0.03
   5  445   19.69   16.77   13.72   -1.07    2.94    0.12
   7  445   20.08   17.10    0.00    0.05    1.76   -0.09
   3  445   21.93   18.00    0.00   -0.95    3.49   -0.11
  31  445   19.19   16.90    0.00    0.01    0.85    0.00
  27  445   20.46   17.15   12.19   -0.55    1.51    0.03
  17  445   19.55   16.52    0.00   -1.26    0.02    0.04
  11  445   19.64   16.94    0.00   -1.02    2.10    0.00
  19  445   19.12   16.86    3.56   -0.27    0.73    0.00
  21  445   19.68   17.05    0.00   -1.63    2.53    0.00
  23  445   19.75   16.97    0.00    0.27    1.17    0.01
   5  515   19.76   17.01   13.72   -1.08    2.65    0.09
   7  515   20.55   17.41    0.00   -0.03    1.72   -0.13
   3  515   21.88   18.19    0.00   -0.85    3.27   -0.09
  31  515   19.43   17.27    0.00    0.00    0.43    0.00
  27  515   19.52   16.98   12.19   -0.21    0.45    0.01
  17  515   19.47   16.64    0.00   -1.09    0.01    0.03
  11  515   19.69   17.10    0.00   -1.06    2.07    0.00
  19  515   18.98   16.98    3.56   -0.04    0.93   -0.02
  21  515   19.66   17.16    0.00   -1.39    2.25    0.00
  23  515   19.72   17.13    0.00    0.33    1.30    0.01
   5  545   19.43   17.03   13.72   -1.32    2.71    0.13
   7  545   20.75   17.64    0.00   -0.23    1.97   -0.16
   3  545   21.58   18.09    0.00   -0.70    3.15   -0.09
  31  545   20.23   17.74    0.00   -0.43    0.43   -0.02
  27  545   18.75   16.75   12.19    0.01    0.00    0.01
  17  545   19.20   16.64    0.00   -1.47    0.01    0.05
  11  545   19.72   17.23    0.00   -1.12    1.77    0.00
  19  545   18.79   16.97    3.56   -0.04    0.27   -0.01
  21  545   19.60   17.24    0.00   -1.11    1.84    0.00
  23  545   19.75   17.20    0.00   -0.07    0.31    0.00
   5  615   19.13   16.98   13.72   -1.55    2.35    0.13
   7  615   20.12   17.50    0.00   -0.86    1.85   -0.26
   3  615   21.08   17.98    0.00   -1.29    2.94   -0.08
  31  615   18.55   16.94    0.00   -0.25    0.29   -0.01
  27  615   18.50   16.77   12.19   -0.03    0.11    0.01
  17  615   18.92   16.67    0.00   -1.51    0.12    0.04
  11  615   19.41   17.15    0.00   -1.39    1.71    0.00
  19  615   18.33   16.78    3.56   -0.22    0.77   -0.04
  21  615   20.02   17.59    0.00   -1.75    1.51    0.00
  23  615   20.00   17.39    0.00   -0.14    0.49    0.02
   5  645   19.14   17.07   13.72   -0.83    2.02    0.08
   7  645   19.95   17.57    0.00   -0.39    1.52   -0.15
   3  645   21.06   18.15    0.00   -1.09    2.87   -0.11
  31  645   17.53   16.40    0.00   -0.22    0.12    0.00
  27  645   17.66   16.35   12.19    0.28   -0.02    0.03
  17  645   18.69   16.70    0.00   -1.39   -0.03    0.03
  11  645   19.56   17.24    0.00   -1.24    1.59    0.01
  19  645   17.58   16.49    3.56   -0.39    0.95   -0.02
  21  645   19.65   17.47    0.00   -1.89    1.67    0.00
  23  645   19.93   17.48    0.00   -0.21    0.63    0.02
   5  715   19.11   17.14   13.72   -0.72    1.55    0.05
   7  715   20.67   17.93    0.00   -0.42    1.43   -0.17
   3  715   21.62   18.38    0.00   -1.54    2.55   -0.06
  31  715   17.70   16.57    0.00    0.00    0.00    0.00
  27  715   18.24   16.62   12.19    0.04   -0.02   -0.01
  17  715   19.16   16.94    0.00   -1.35   -0.12    0.01
  11  715   19.89   17.52    0.00   -1.59    1.51    0.00
  19  715   17.87   16.61    3.56   -0.06    0.01    0.00
  21  715   19.96   17.73    0.00   -2.18    1.42    0.01
  23  715   19.98   17.54    0.00   -0.34    0.19    0.01
   5  745   18.93   17.11   13.72   -1.33    2.07    0.11
   7  745   20.02   17.69    0.00   -0.09    1.38   -0.13
   3  745   21.60   18.31    0.00   -1.65    2.73   -0.11
  31  745   18.02   16.85    0.00   -0.75    0.38   -0.01
  27  745   18.57   16.87   12.19    0.00    0.22    0.00
  17  745   18.20   16.58    0.00   -1.07    0.22    0.03
  11  745   19.44   17.41    0.00   -1.58    1.84    0.00
  19  745   17.28   16.33    3.56   -0.21    0.63   -0.02
  21  745   19.99   17.78    0.00   -2.25    1.51    0.00
  23  745   20.00   17.67    0.00   -0.13    0.25    0.00
   5  815   18.52   16.86   13.72   -2.43    1.03    0.16
   7  815   19.53   17.52    0.00   -0.41    0.86   -0.17
   3  815   19.07   17.26    0.00   -1.59    1.41   -0.07
  31  815   17.75   16.64    0.00   -1.00    0.15   -0.01
  27  815   17.99   16.60   12.19    0.00    0.00    0.00
  17  815   17.59   16.34    0.00   -0.74    0.03    0.00
  11  815   18.78   17.07    0.00   -1.71    1.03    0.00
  19  815   17.69   16.60    3.56   -0.15    0.63   -0.02
  21  815   20.12   17.75    0.00   -2.40    1.65    0.00
  23  815   19.98   17.72    0.00   -0.25    0.27    0.00
   5  845   18.08   16.43   13.72   -2.34    0.23    0.11
   7  845   19.21   17.23    0.00   -0.40    0.67   -0.17
   3  845   18.11   16.70    0.00   -1.87    1.09    0.02
  31  845   17.10   16.24    0.00   -0.60    0.01    0.00
  27  845   16.68   15.89   12.19    0.18    0.01    0.03
  17  845   17.74   16.42    0.00   -0.91    0.01    0.00
  11  845   18.36   16.89    0.00   -2.14   -0.75    0.00
  19  845   17.80   16.66    3.56    0.00    0.00    0.01
  21  845   20.20   17.64    0.00   -2.28    1.43    0.00
  23  845   19.79   17.55    0.00   -0.51   -0.07    0.00
   5  915   18.45   16.55   13.72   -0.37    0.05    0.01
   7  915   19.97   17.47    0.00   -0.49    0.35   -0.13
   3  915   18.23   16.69    0.00   -1.45    0.84    0.01
  31  915  -99.00  -99.00  -99.00  -99.00  -99.00  -99.00
  27  915  -99.00  -99.00  -99.00  -99.00  -99.00  -99.00
  17  915   18.16   16.58    0.00   -0.36   -0.19    0.01
  11  915   19.17   17.21    0.00   -1.64   -0.43    0.00
  19  915   16.93   16.14    3.56   -0.01    0.00    0.00
  21  915   19.60   17.34    0.00   -2.02    0.74    0.00
  23  915   19.87   17.46    0.00   -0.36   -0.05    0.01
   5  945   18.46   16.45   13.72   -1.04   -0.19    0.02
   7  945   19.84   17.40    0.00   -0.98    0.05   -0.29
   3  945   18.14   16.54    0.00   -0.89    0.47    0.01
  31  945   16.70   15.71    0.00   -0.63    0.09    0.00
  27  945   17.47   16.38   12.19   -0.03    0.19    0.00
  17  945   16.93   15.92    0.00   -0.26    0.28    0.01
  11  945   18.89   17.05    0.00   -2.06   -0.67    0.00
  19  945   16.78   16.07    3.56    0.03    0.40   -0.01
  21  945   18.38   16.84    0.00   -1.45    0.37    0.03
  23  945   19.15   17.13    0.00   -0.66   -0.04    0.04
   5 1015   18.08   16.21   13.72   -0.34   -0.37    0.00
   7 1015   19.28   17.00    0.00   -1.15   -0.13   -0.29
   3 1015   18.06   16.36    0.00   -0.83    0.27    0.03
  31 1015   16.76   15.72    0.00   -0.37    0.00    0.00
  27 1015   16.38   15.72   12.19   -0.02   -0.01    0.00
  17 1015   16.49   15.73    0.00   -0.55   -0.20    0.00
  11 1015   18.71   16.93    0.00   -2.27   -0.79    0.00
  19 1015   15.86   15.44    3.56    0.10    0.00   -0.01
  21 1015   18.36   16.82    0.00   -1.49    0.74    0.02
  23 1015   18.91   17.04    0.00   -0.41    0.15    0.00
   5 1045   18.08   16.05   13.72   -1.44    0.14    0.05
   7 1045   19.00   16.79    0.00   -0.61   -0.11   -0.15
   3 1045   18.22   16.45    0.00   -1.50    0.59    0.01
  31 1045   15.95   15.22    0.00   -0.21    0.17    0.00
  27 1045   16.53   15.87   12.19   -0.04    0.14    0.01
  17 1045   16.26   15.59    0.00   -0.37    0.10    0.00
  11 1045   18.77   16.89    0.00   -2.64   -0.72    0.00
  19 1045   16.13   15.63    3.56   -0.16    0.34   -0.01
  21 1045   18.21   16.74    0.00   -1.80    0.17    0.07
  23 1045   18.23   16.61    0.00   -0.87    0.21    0.04
   5 1115   18.26   16.18   13.72   -1.63   -0.06    0.06
   7 1115   18.05   16.38    0.00   -0.39    1.01   -0.21
   3 1115   18.50   16.64    0.00   -2.03    1.42    0.03
  31 1115   15.92   15.28    0.00   -0.05    0.22    0.00
  27 1115   15.57   15.11   12.19    0.02   -0.10    0.00
  17 1115   15.46   15.07    0.00   -0.45    0.35    0.02
  11 1115   18.70   16.73    0.00   -2.56    0.05    0.01
  19 1115   16.10   15.62    3.56   -0.04    0.59   -0.02
  21 1115   18.34   16.69    0.00   -1.63    0.82    0.01
  23 1115   18.23   16.59    0.00   -0.69    0.62    0.06
   5 1145   17.63   15.95   13.72   -7.20   -0.21    0.01
   7 1145   18.07   16.46    0.00   -0.69    0.99   -0.27
   3 1145   17.66   16.25    0.00   -0.02   -0.17    0.01
  31 1145   16.09   15.48    0.00   -0.14    0.33    0.00
  27 1145   15.84   15.36   12.19   -0.03    0.29    0.01
  17 1145   15.52   15.08    0.00   -0.52    0.30    0.02
  11 1145   18.61   16.64    0.00   -2.59    0.15    0.01
  19 1145   16.14   15.61    3.56   -0.05    0.29    0.00
  21 1145   18.08   16.54    0.00   -1.38    0.90    0.01
  23 1145   18.04   16.41    0.00   -0.96    0.79    0.08
   5 1215   18.09   16.41   13.72   -0.35   -0.15    0.02
   7 1215   18.53   16.72    0.00   -0.23    0.17   -0.06
   3 1215   18.51   16.75    0.00   -0.05   -0.09   -0.01
  31 1215   16.88   16.05    0.00    0.03    0.17    0.00
  27 1215   15.84   15.38   12.19   -0.02   -0.03    0.01
  17 1215   16.28   15.61    0.00   -0.58   -0.02    0.02
  11 1215   19.37   17.04    0.00   -1.90    0.00    0.00
  19 1215   15.84   15.34    3.56   -0.12    0.07   -1.04
  21 1215   18.52   16.86    0.00   -1.53    1.12    0.00
  23 1215   18.28   16.70    0.00   -0.75    0.70    0.07
   5 1245   18.59   16.98   13.72   -0.75   -0.68    0.03
   7 1245   19.00   17.11    0.00   -0.23   -0.69   -0.01
   3 1245   19.55   17.61    0.00   -0.19   -0.25    0.01
  31 1245   19.26   17.72    0.00   -0.31   -0.15   -0.01
  27 1245   17.02   16.17   12.19   -0.05    0.01   -0.01
  17 1245   18.01   16.79    0.00   -0.07    0.00    0.01
  11 1245   20.30   17.82    0.00   -1.61   -0.24    0.00
  19 1245   17.61   16.65    3.56   -0.08    0.04    0.01
  21 1245   20.55   17.98    0.00   -1.16    0.75    0.01
  23 1245   19.70   17.59    0.00   -0.55    0.23    0.02
   5 1315   20.50   18.05   13.72   -1.02   -0.25    0.05
   7 1315   20.63   18.20    0.00   -0.13    0.01   -0.05
   3 1315   21.64   18.57    0.00   -1.23    0.09    0.01
  31 1315   20.90   18.75    0.00   -0.66    0.07   -0.03
  27 1315   18.40   16.92   12.19    0.00    0.04    0.00
  17 1315   20.06   18.03    0.00   -0.17    0.09    0.06
  11 1315   21.66   18.62    0.00   -1.25    0.03    0.03
  19 1315   19.34   17.76    3.56    0.03   -0.20    0.04
  21 1315   22.53   18.84    0.00   -1.25    1.16    0.01
  23 1315   21.55   18.49    0.00   -0.65    0.21    0.01
   5 1345   22.60   18.93   13.72   -0.73    0.66    0.05
   7 1345   22.61   19.27    0.00   -0.53    1.17   -0.21
   3 1345   23.39   19.45    0.00   -0.72    0.81    0.01
  31 1345   22.25   19.11    0.00   -0.99    0.45   -0.10
  27 1345   20.10   18.15   12.19    0.07   -0.22    0.00
  17 1345   21.98   18.65    0.00   -0.96    0.53    0.08
  11 1345   23.17   19.27    0.00   -0.90    1.31   -0.03
  19 1345   21.70   18.84    3.56   -0.35    0.11    0.06
  21 1345   24.01   19.56    0.00   -0.30    1.94   -0.01
  23 1345   23.50   19.44    0.00   -0.34    1.29    0.07
   5 1415   24.04   19.58   13.72   -0.05    1.15    0.07
   7 1415   24.05   19.91    0.00   -0.12    1.47   -0.12
   3 1415   24.95   20.19    0.00   -0.15    1.22   -0.03
  31 1415   23.84   20.10    0.00   -0.75    0.29   -0.06
  27 1415   22.31   19.44   12.19    0.45   -0.52    0.13
  17 1415   23.53   19.16    0.00   -0.64    1.35    0.07
  11 1415   24.88   19.96    0.00   -0.16    1.38   -0.01
  19 1415   24.59   20.31    3.56   -0.55    0.38    0.01
  21 1415   26.09   20.31    0.00   -0.19    1.82   -0.01
  23 1415   25.23   20.06    0.00   -0.78    1.64    0.05
   5 1445   25.36   20.04   13.72    0.09    1.27    0.03
   7 1445   25.34   20.34    0.00    0.45    1.63   -0.09
   3 1445   26.25   20.67    0.00    0.75    1.17   -0.01
  31 1445   25.91   21.05    0.00   -0.51    0.43   -0.04
  27 1445   24.10   20.26   12.19    0.81   -0.55    0.23
  17 1445   25.51   20.14    0.00   -0.33    0.78    0.12
  11 1445   26.34   20.33    0.00    0.63    1.18    0.01
  19 1445   26.82   20.97    3.56   -0.51    0.47    0.03
  21 1445   27.22   20.51    0.00    0.59    0.84    0.03
  23 1445   26.80   20.50    0.00    0.37    1.33    0.03
   5 1515   26.36   20.17   13.72    0.11    1.01    0.02
   7 1515   26.71   20.55    0.00    0.27    0.94   -0.05
   3 1515   27.13   20.74    0.00    0.35    0.77   -0.01
  31 1515   27.21   20.84    0.00    0.26    1.09    0.05
  27 1515   26.13   20.82   12.19    0.89   -0.19    0.26
  17 1515   27.08   20.38    0.00   -0.35    0.70    0.14
  11 1515   27.22   20.39    0.00    0.31    0.64    0.02
  19 1515   28.01   20.44    3.56    0.67    0.63    0.08
  21 1515   28.45   20.17    0.00    0.56    0.52    0.13
  23 1515   27.81   20.13    0.00    0.54    1.34    0.03
   5 1545   27.47   20.13   13.72    0.25    0.87    0.04
   7 1545   27.61   20.33    0.00    0.29    0.95   -0.01
   3 1545   27.84   20.45    0.00    0.66    0.89   -0.11
  31 1545   28.25   20.50    0.00   -0.23    1.10   -0.04
  27 1545   27.86   20.73   12.19    0.59    0.17    0.19
  17 1545   28.24   20.35    0.00    0.24    0.49    0.11
  11 1545   28.24   20.03    0.00    0.41    0.71    0.10
  19 1545   28.70   20.78    3.56    1.20    0.66    0.01
  21 1545   29.15   20.49    0.00    0.86    1.59    0.04
  23 1545   28.61   20.17    0.00    0.58    0.43    0.04
   5 1615   28.09   20.20   13.72    0.61    0.41   -0.02
   7 1615   28.65   20.71    0.00   -0.14    1.09   -0.08
   3 1615   28.64   20.56    0.00    0.41    0.96   -0.05
  31 1615   28.77   20.45    0.00    1.11    0.99    0.08
  27 1615   28.91   20.75   12.19   -0.17    0.37   -0.03
  17 1615   29.00   20.48    0.00    1.20    0.38    0.03
  11 1615   29.15   20.31    0.00    0.63    0.82    0.05
  19 1615   29.59   21.21    3.56    0.73    0.75    0.01
  21 1615   29.72   20.86    0.00    0.99    0.66   -0.01
  23 1615   29.54   20.35    0.00    1.30    0.12   -0.07
   5 1645   28.89   20.62   13.72    0.31    1.07    0.01
   7 1645   29.53   21.22    0.00    0.19    0.68    0.03
   3 1645   29.53   21.28    0.00    0.09    0.59    0.07
  31 1645   29.79   21.14    0.00    0.49    1.33    0.07
  27 1645   29.45   20.60   12.19    0.65    0.87    0.22
  17 1645   29.78   20.98    0.00    1.08    0.38    0.05
  11 1645   29.54   20.72    0.00    0.97    0.13    0.03
  19 1645   30.62   21.69    3.56    0.80    1.60   -0.01
  21 1645   30.63   21.45    0.00    1.83    1.23    0.06
  23 1645   30.37   20.92    0.00    1.05    0.69   -0.03
   5 1715   29.41   20.96   13.72    0.24    0.57   -0.09
   7 1715   30.08   21.67    0.00    0.55    0.71    0.05
   3 1715   30.21   21.80    0.00    1.11   -0.05    0.09
  31 1715   30.29   21.66    0.00    0.72    0.52    0.11
  27 1715   30.04   20.82   12.19    0.89    0.35    0.25
  17 1715   30.30   21.44    0.00    0.75    0.01    0.06
  11 1715   30.34   21.46    0.00    0.13    0.52    0.07
  19 1715   31.25   22.01    3.56    0.76    1.25   -0.02
  21 1715   31.07   21.72    0.00  -99.00  -99.00  -99.00
  23 1715   31.21   21.61    0.00    1.20   -0.25    0.02
   5 1745   30.07   21.60   13.72    0.89    0.52   -0.01
   7 1745   30.49   21.94    0.00    0.67    1.00    0.04
   3 1745   30.80   22.27    0.00    1.39    0.71    0.03
  31 1745   31.09   22.26    0.00    0.41    0.63    0.12
  27 1745   30.78   21.54   12.19    1.13   -0.25    0.34
  17 1745   30.84   21.42    0.00    0.80    1.16    0.01
  11 1745   30.68   21.77    0.00    1.03   -0.71    0.11
  19 1745   31.62   22.18    3.56    1.21    0.22    0.05
  21 1745   31.57   21.90    0.00    1.01   -0.24    0.07
  23 1745   31.17   21.72    0.00    1.33    0.84   -0.05
   5 1815   30.85   21.96   13.72    0.07    1.75    0.05
   7 1815   30.95   21.96    0.00    0.39    0.13   -0.02
   3 1815   31.24   22.37    0.00    1.01    1.54   -0.04
  31 1815  -99.00  -99.00  -99.00  -99.00  -99.00  -99.00
  27 1815   31.42   22.00   12.19    0.24    0.57    0.12
  17 1815   31.62   21.82    0.00    1.63    0.24   -0.01
  11 1815   31.44   21.88    0.00    1.32    0.62   -0.01
  19 1815   32.48   22.48    3.56    0.71    1.31    0.01
  21 1815   32.17   22.01    0.00    0.97    0.70    0.03
  23 1815   31.63   21.97    0.00    0.57    0.48    0.03
   5 1845   31.15   22.03   13.72    0.62    0.39    0.02
   7 1845   31.67   22.37    0.00    0.09    0.27   -0.01
   3 1845   31.93   22.58    0.00   -0.03    1.48   -0.05
  31 1845   32.08   22.68    0.00   -0.95    1.01   -0.06
  27 1845   31.81   22.37   12.19    1.60   -0.45    0.43
  17 1845   32.05   21.80    0.00    0.99    1.03    0.07
  11 1845   31.58   22.06    0.00    0.58   -0.07    0.07
  19 1845   32.99   22.58    3.56   -0.77    0.21    0.03
  21 1845   33.15   22.17    0.00    0.03    1.43    0.08
  23 1845   32.48   22.09    0.00    1.35    1.01   -0.05
   5 1915   31.43   22.01   13.72    1.13    1.55    0.03
   7 1915   32.06   22.40    0.00    0.54    1.07    0.06
   3 1915   32.46   22.71    0.00    0.89    1.63   -0.07
  31 1915   32.40   22.69    0.00    1.59    0.87    0.21
  27 1915   32.69   22.61   12.19    0.80    0.45    0.36
  17 1915   32.20   21.63    0.00    0.57    1.33    0.11
  11 1915   32.45   21.82    0.00    0.83    1.37   -0.05
  19 1915   33.37   22.57    3.56    1.23    1.86   -0.01
  21 1915   33.25   22.02    0.00    0.67    1.69    0.00
  23 1915   32.76   22.03    0.00    1.23    1.13   -0.07
   5 1945   32.25   21.94   13.72    0.21    1.34    0.07
   7 1945   32.69   22.12    0.00   -0.02    1.63   -0.15
   3 1945   32.55   22.23    0.00    0.65    0.89   -0.07
  31 1945   33.21   22.45    0.00    0.79    1.08    0.13
  27 1945   32.60   22.50   12.19    0.83   -0.10    0.33
  17 1945   32.42   21.53    0.00   -0.45    1.23    0.13
  11 1945   33.16   21.97    0.00    0.51    0.86    0.04
  19 1945   33.48   22.54    3.56   -1.50    0.73    0.01
  21 1945   33.39   21.80    0.00    0.95    0.45    0.09
  23 1945   33.31   22.03    0.00    0.01    1.63    0.05
   5 2015   32.66   21.94   13.72   -0.26    2.17    0.10
   7 2015   33.23   22.35    0.00    0.53    1.65   -0.05
   3 2015   33.13   22.61    0.00    0.87    1.31    0.00
  31 2015   33.57   22.61    0.00    0.14    0.86    0.08
  27 2015   33.71   22.60   12.19    0.10    1.11    0.23
  17 2015   33.37   21.89    0.00   -0.10    1.67    0.07
  11 2015   33.42   21.89    0.00    0.69    1.43    0.05
  19 2015   33.97   22.46    3.56   -0.87    0.79   -0.01
  21 2015   34.01   22.04    0.00   -0.18    2.15    0.01
  23 2015   33.55   22.03    0.00   -1.06    1.04    0.15
   5 2045   32.75   21.98   13.72    0.80    2.11   -0.01
   7 2045   33.39   22.47    0.00    0.98    1.27    0.06
   3 2045   33.55   22.71    0.00    0.75    1.75   -0.03
  31 2045   33.77   22.63    0.00   -0.45    1.38   -0.03
  27 2045   34.27   22.51   12.19    0.21    1.21    0.23
  17 2045   33.38   21.91    0.00   -0.35    1.53    0.18
  11 2045   33.59   21.79    0.00    0.09    1.38    0.00
  19 2045   34.59   22.71    3.56   -0.14    1.53   -0.02
  21 2045   33.94   22.10    0.00    1.31    1.09   -0.01
  23 2045   33.96   21.96    0.00    0.69    2.13    0.06
   5 2115   32.96   21.99   13.72   -0.73    1.93    0.05
   7 2115   33.88   22.60    0.00   -0.14    1.37   -0.17
   3 2115   33.51   22.55    0.00    0.57    1.18   -0.01
  31 2115   34.15   22.74    0.00    0.83    0.79    0.17
  27 2115   34.41   22.51   12.19   -0.61    1.51    0.04
  17 2115   33.88   21.96    0.00   -0.08    2.25    0.13
  11 2115   34.03   22.16    0.00    0.03    2.11    0.02
  19 2115   34.72   22.76    3.56   -0.52    1.20    0.01
  21 2115   34.57   22.40    0.00   -1.20    1.52    0.03
  23 2115   33.54   22.13    0.00   -0.87    1.29    0.14
   5 2145   33.19   22.09   13.72   -0.02    2.05    0.07
   7 2145   33.98   22.64    0.00    0.47    1.31   -0.01
   3 2145   33.74   22.60    0.00    0.67    1.73   -0.05
  31 2145   34.24   22.82    0.00    0.89    1.07    0.14
  27 2145   34.94   22.60   12.19   -0.83    2.33    0.00
  17 2145   33.53   21.89    0.00   -0.65    1.32    0.10
  11 2145   34.26   22.11    0.00    0.95    2.45   -0.03
  19 2145   34.69   22.75    3.56   -0.37    1.68   -0.05
  21 2145   34.62   22.43    0.00   -1.53    2.59    0.01
  23 2145   33.45   22.13    0.00   -1.18    1.71    0.13
   5 2215   33.22   22.05   13.72    0.69    1.15    0.02
   7 2215   34.08   22.62    0.00    0.63    1.64    0.00
   3 2215   33.81   22.58    0.00   -0.03    1.52   -0.07
  31 2215   34.38   22.99    0.00   -0.82    1.29   -0.01
  27 2215   34.60   22.62   12.19   -0.62    1.59    0.02
  17 2215   33.70   21.91    0.00   -0.40    1.69    0.07
  11 2215   33.85   21.98    0.00   -0.41    1.71   -0.07
  19 2215   34.67   22.84    3.56   -1.39    2.12   -0.07
  21 2215   34.48   22.37    0.00   -0.17    3.05   -0.01
  23 2215   33.66   22.17    0.00   -0.11    2.58    0.07
   5 2245   33.10   22.05   13.72   -0.29    2.63    0.06
   7 2245   33.90   22.79    0.00    0.19    2.39   -0.13
   3 2245   33.67   22.60    0.00   -0.64    1.75   -0.03
  31 2245   34.01   22.92    0.00   -1.48    1.63   -0.12
  27 2245   34.70   22.70   12.19   -0.22    2.29    0.17
  17 2245   33.70   22.06    0.00   -1.02    2.78    0.18
  11 2245   33.92   22.18    0.00   -0.69    2.07   -0.01
  19 2245   34.36   22.84    3.56   -0.93    2.18   -0.04
  21 2245   34.34   22.37    0.00   -0.85    2.71    0.05
  23 2245   33.35   22.11    0.00   -1.03    2.73    0.14
   5 2315   32.67   22.04   13.72   -0.74    2.99    0.11
   7 2315   33.75   22.87    0.00    0.19    2.09   -0.11
   3 2315   33.46   22.67    0.00    0.33    2.21   -0.07
  31 2315   33.80   22.99    0.00   -0.60    2.04   -0.02
  27 2315   34.58   22.80   12.19   -0.83    2.59    0.08
  17 2315   33.30   22.07    0.00   -0.81    3.10    0.18
  11 2315   33.54   22.12    0.00   -0.34    2.91   -0.04
  19 2315   33.83   22.73    3.56   -1.57    3.08   -0.11
  21 2315   33.92   22.35    0.00   -0.05    3.49    0.03
  23 2315   33.17   22.05    0.00   -1.60    2.77    0.16
   5 2345   32.08   21.98   13.72   -1.12    2.78    0.10
   7 2345   33.12   22.97    0.00    0.20    2.66   -0.13
   3 2345   32.94   22.53    0.00   -0.57    2.77   -0.11
  31 2345   33.24   23.00    0.00   -0.36    2.47    0.01
  27 2345   34.11   22.66   12.19   -0.75    2.72    0.10
  17 2345   32.72   21.94    0.00   -0.75    3.00    0.18
  11 2345   33.01   22.06    0.00    0.09    2.94   -0.03
  19 2345   33.19   22.56    3.56   -1.53    3.31   -0.13
  21 2345   33.38   22.16    0.00   -0.70    3.62   -0.01
  23 2345   32.76   22.11    0.00   -1.17    2.96    0.16
