   5   15   30.90   21.92   13.72    0.01    3.09    0.09
   7   15   32.12   22.52    0.00    0.26    2.99   -0.20
   3   15   32.06   22.42    0.00    0.25    2.71   -0.09
  31   15   32.18   22.81    0.00   -0.71    2.41   -0.04
  27   15   33.24   22.61   12.19   -0.75    2.95    0.11
  17   15   31.87   21.77    0.00   -0.83    2.97    0.19
  11   15   32.02   21.92    0.00   -0.31    3.84   -0.06
  19   15   32.34   22.32    3.56   -1.23    3.15   -0.09
  21   15   32.61   22.10    0.00   -1.93    4.28    0.01
  23   15   31.84   22.07    0.00   -0.40    2.91    0.13
   5   45   28.92   21.46   13.72   -0.95    2.93    0.12
   7   45   29.56   21.87    0.00    0.13    2.13   -0.11
   3   45   29.97   21.79    0.00   -0.67    2.99   -0.10
  31   45   30.12   22.12    0.00   -0.29    2.57    0.02
  27   45   31.47   22.35   12.19   -0.72    3.03    0.14
  17   45   30.32   21.37    0.00   -1.21    2.68    0.18
  11   45   30.05   21.49    0.00   -1.12    3.26   -0.05
  19   45   31.08   22.14    3.56   -1.17    3.26   -0.10
  21   45   31.29   21.96    0.00   -1.86    4.18    0.01
  23   45   29.96   21.73    0.00   -0.43    2.69    0.11
   5  115   27.85   20.81   13.72   -1.13    3.67    0.13
   7  115   27.72   21.29    0.00    0.32    2.12   -0.08
   3  115   28.70   21.40    0.00   -0.97    3.46   -0.11
  31  115   29.00   21.68    0.00   -0.13    3.08    0.03
  27  115   29.85   21.79   12.19   -0.97    3.43    0.13
  17  115   28.86   21.17    0.00   -1.15    2.71    0.17
  11  115   28.43   21.27    0.00   -0.95    3.54   -0.05
  19  115   30.00   22.06    3.56   -1.43    3.89   -0.13
  21  115   29.61   21.86    0.00   -1.83    4.28    0.01
  23  115   27.79   21.28    0.00   -0.28    2.74    0.08
   5  145   27.23   20.89   13.72   -1.38    4.28    0.17
   7  145   27.32   21.35    0.00    0.27    2.40   -0.09
   3  145   27.83   21.46    0.00   -0.95    3.55   -0.11
  31  145   28.41   21.81    0.00   -0.31    3.53    0.01
  27  145   28.82   21.66   12.19   -1.11    4.21    0.15
  17  145   28.29   21.24    0.00   -1.61    3.18    0.21
  11  145   27.72   21.33    0.00   -1.31    3.65   -0.03
  19  145   28.99   21.92    3.56   -1.55    3.89   -0.11
  21  145   28.55   21.64    0.00   -2.23    4.49    0.01
  23  145   26.76   21.18    0.00   -0.58    2.91    0.12
   5  215   26.88   20.93   13.72   -1.83    4.58    0.20
   7  215   26.54   21.26    0.00    0.37    2.05   -0.05
   3  215   27.57   21.46    0.00   -1.19    3.83   -0.11
  31  215   27.91   21.75    0.00   -0.81    3.43   -0.01
  27  215   27.77   21.54   12.19   -1.43    3.17    0.01
  17  215   27.71   21.13    0.00   -1.65    3.09    0.19
  11  215   26.71   21.11    0.00   -1.49    3.31   -0.03
  19  215   28.36   21.80    3.56   -1.71    4.18   -0.11
  21  215   27.86   21.51    0.00   -2.40    3.97    0.03
  23  215   26.10   21.04    0.00   -1.18    2.76    0.14
   5  245   26.32   20.86   13.72   -2.30    4.90    0.22
   7  245   25.99   21.21    0.00    0.37    1.95   -0.03
   3  245   27.08   21.42    0.00   -1.77    4.10   -0.14
  31  245   26.87   21.58    0.00   -1.07    3.01   -0.05
  27  245   27.08   21.50   12.19   -1.38    3.66    0.07
  17  245   27.27   21.19    0.00   -2.13    3.45    0.24
  11  245   25.97   21.02    0.00   -1.85    3.23   -0.04
  19  245   27.72   21.81    3.56   -1.76    3.71   -0.12
  21  245   27.16   21.63    0.00   -2.89    3.99    0.02
  23  245   25.89   21.18    0.00   -1.39    3.05    0.16
   5  315   25.86   20.99   13.72   -2.31    5.14    0.22
   7  315   25.61   21.34    0.00    0.34    2.01   -0.04
   3  315   26.67   21.59    0.00   -1.81    4.28   -0.16
  31  315   26.61   21.80    0.00   -1.27    3.18   -0.07
  27  315   26.85   21.69   12.19   -1.49    3.97    0.07
  17  315   26.77   21.36    0.00   -2.25    3.63    0.25
  11  315   25.53   21.18    0.00   -1.82    3.31   -0.06
  19  315   27.17   21.94    3.56   -1.93    3.45   -0.12
  21  315   26.64   21.76    0.00   -2.97    4.00    0.02
  23  315   25.66   21.44    0.00   -1.63    3.08    0.19
   5  345   25.64   21.19   13.72   -2.47    5.50    0.25
   7  345   25.41   21.54    0.00    0.40    2.24   -0.06
   3  345   26.43   21.78    0.00   -1.86    4.39   -0.13
  31  345   26.25   21.93    0.00   -1.22    3.29   -0.05
  27  345   26.72   21.87   12.19   -1.64    4.39    0.11
  17  345   26.32   21.44    0.00   -2.45    3.38    0.27
  11  345   25.47   21.43    0.00   -1.88    3.61   -0.04
  19  345   26.86   22.04    3.56   -1.83    3.73   -0.09
  21  345   26.32   21.86    0.00   -3.13    3.71    0.04
  23  345   25.53   21.55    0.00   -1.65    3.26    0.17
   5  415   25.49   21.27   13.72   -2.05    5.55    0.21
   7  415   25.51   21.66    0.00    0.42    2.95   -0.15
   3  415   26.21   21.80    0.00   -1.58    4.74   -0.13
  31  415   26.19   21.99    0.00   -1.32    3.51   -0.06
  27  415   26.47   21.88   12.19   -1.47    4.53    0.15
  17  415   26.00   21.42    0.00   -2.43    3.54    0.27
  11  415   25.23   21.44    0.00   -1.72    3.89   -0.05
  19  415   26.53   22.01    3.56   -1.85    3.73   -0.09
  21  415   25.95   21.84    0.00   -2.98    4.01    0.03
  23  415   25.03   21.46    0.00   -1.40    3.03    0.17
   5  445   25.33   21.23   13.72   -2.41    5.81    0.25
   7  445   25.42   21.64    0.00    0.40    3.14   -0.13
   3  445   25.99   21.76    0.00   -1.87    4.79   -0.16
  31  445   25.89   21.94    0.00   -1.51    3.49   -0.07
  27  445   26.47   21.89   12.19   -1.71    5.11    0.17
  17  445   25.83   21.42    0.00   -2.67    4.03    0.29
  11  445   25.22   21.46    0.00   -2.05    4.40   -0.07
  19  445   26.25   21.94    3.56   -2.15    3.92   -0.13
  21  445   25.65   21.80    0.00   -3.35    4.15    0.05
  23  445   24.74   21.39    0.00   -1.73    3.16    0.20
   5  515   25.14   21.31   13.72   -2.47    6.36    0.25
   7  515   25.28   21.70    0.00    0.31    3.44   -0.17
   3  515   25.64   21.79    0.00   -1.93    4.93   -0.16
  31  515   25.65   21.97    0.00   -1.61    3.71   -0.09
  27  515   26.03   21.85   12.19   -1.63    4.60    0.13
  17  515   25.61   21.55    0.00   -2.68    4.31    0.33
  11  515   24.93   21.51    0.00   -1.97    4.57   -0.08
  19  515   26.04   22.13    3.56   -2.20    4.05   -0.11
  21  515   25.57   21.97    0.00   -3.63    4.71    0.03
  23  515   24.66   21.56    0.00   -1.62    3.57    0.21
   5  545   25.00   21.49   13.72   -2.87    6.15    0.29
   7  545   25.25   21.90    0.00    0.31    3.55   -0.17
   3  545   25.48   21.95    0.00   -2.08    4.73   -0.19
  31  545   25.46   22.15    0.00   -1.94    3.65   -0.13
  27  545   25.69   22.00   12.19   -1.62    4.78    0.14
  17  545   25.51   21.68    0.00   -2.69    4.36    0.28
  11  545   24.99   21.75    0.00   -2.24    4.75   -0.05
  19  545   25.97   22.23    3.56   -2.40    4.50   -0.15
  21  545   25.53   22.09    0.00   -3.78    4.81    0.03
  23  545   24.70   21.76    0.00   -2.05    3.45    0.25
   5  615   24.65   21.43   13.72   -2.71    5.55    0.27
   7  615   25.18   21.94    0.00    0.21    3.35   -0.17
   3  615   25.26   21.91    0.00   -2.18    4.54   -0.17
  31  615   25.22   22.09    0.00   -2.01    3.79   -0.12
  27  615   25.80   22.03   12.19   -1.71    5.03    0.21
  17  615   25.39   21.63    0.00   -2.93    4.26    0.33
  11  615   24.74   21.68    0.00   -2.21    4.14   -0.05
  19  615   25.84   22.17    3.56   -2.40    4.48   -0.14
  21  615   25.35   22.03    0.00   -3.63    4.94    0.04
  23  615   24.73   21.73    0.00   -2.07    3.48    0.25
   5  645   24.39   21.35   13.72   -2.61    5.91    0.25
   7  645   24.84   21.88    0.00    0.29    3.58   -0.17
   3  645   25.01   21.88    0.00   -1.90    4.75   -0.17
  31  645   25.05   22.07    0.00   -1.91    3.81   -0.13
  27  645   25.63   22.10   12.19   -1.69    4.79    0.13
  17  645   24.91   21.55    0.00   -2.69    3.61    0.30
  11  645   24.51   21.66    0.00   -2.13    4.45   -0.07
  19  645   25.36   22.06    3.56   -1.98    4.12   -0.15
  21  645   24.92   22.01    0.00   -3.53    4.84    0.03
  23  645   24.38   21.76    0.00   -1.83    3.51    0.20
   5  715   24.26   21.49   13.72   -1.95    6.43    0.25
   7  715   24.63   21.97    0.00    0.30    3.92   -0.23
   3  715   24.80   21.99    0.00   -1.19    5.38   -0.16
  31  715   24.98   22.22    0.00   -1.41    4.23   -0.05
  27  715   25.33   22.15   12.19   -1.59    4.70    0.16
  17  715   24.53   21.55    0.00   -2.40    3.21    0.25
  11  715   24.28   21.76    0.00   -1.93    4.67   -0.06
  19  715   25.08   22.12    3.56   -1.95    4.50   -0.11
  21  715   24.66   22.07    0.00   -3.23    4.67    0.01
  23  715   24.23   21.85    0.00   -1.92    3.63    0.24
   5  745   24.07   21.57   13.72   -1.95    6.20    0.25
   7  745   24.27   21.98    0.00    0.27    3.49   -0.16
   3  745   24.65   22.06    0.00   -1.39    5.29   -0.18
  31  745   24.83   22.29    0.00   -1.65    4.29   -0.07
  27  745   24.96   22.17   12.19   -1.86    4.75    0.12
  17  745   24.58   21.73    0.00   -2.49    3.79    0.29
  11  745   24.00   21.78    0.00   -1.92    4.22   -0.05
  19  745   25.04   22.25    3.56   -2.12    5.06   -0.16
  21  745   24.50   22.11    0.00   -3.03    4.59    0.05
  23  745   23.92   21.87    0.00   -2.19    3.27    0.25
   5  815   23.78   21.56   13.72   -2.24    6.01    0.26
   7  815   24.15   22.04    0.00    0.17    3.43   -0.17
   3  815   24.35   22.07    0.00   -1.45    4.85   -0.13
  31  815   24.32   22.20    0.00   -1.69    3.65   -0.09
  27  815   24.62   22.16   12.19   -1.75    4.43    0.07
  17  815   24.29   21.74    0.00   -2.43    3.35    0.27
  11  815   23.81   21.82    0.00   -1.95    4.05   -0.06
  19  815   24.63   22.19    3.56   -2.14    4.45   -0.13
  21  815   24.26   22.12    0.00   -3.30    4.60    0.04
  23  815   23.68   21.88    0.00   -2.21    2.99    0.25
   5  845   23.64   21.59   13.72   -2.01    5.96    0.24
   7  845   24.03   22.07    0.00    0.33    3.67   -0.19
   3  845   24.20   22.09    0.00   -1.38    5.15   -0.17
  31  845   24.25   22.28    0.00   -1.37    3.69   -0.07
  27  845   24.48   22.21   12.19   -1.25    4.04    0.18
  17  845   24.16   21.76    0.00   -2.47    3.30    0.25
  11  845   23.63   21.82    0.00   -1.77    3.99   -0.04
  19  845   24.42   22.18    3.56   -2.00    4.08   -0.11
  21  845   24.18   22.15    0.00   -2.90    4.58    0.04
  23  845   23.46   21.87    0.00   -1.80    2.77    0.18
   5  915   23.58   21.62   13.72   -1.94    5.90    0.24
   7  915   23.86   22.05    0.00    0.32    3.59   -0.17
   3  915   24.12   22.11    0.00   -1.44    5.14   -0.18
  31  915   24.17   22.30    0.00   -1.43    3.42   -0.09
  27  915   24.28   22.19   12.19   -1.21    3.35    0.07
  17  915   23.98   21.74    0.00   -2.34    3.10    0.24
  11  915   23.53   21.84    0.00   -1.64    4.07   -0.06
  19  915   24.27   22.17    3.56   -1.99    4.43   -0.13
  21  915   24.08   22.16    0.00   -2.82    4.83    0.05
  23  915   23.25   21.85    0.00   -1.85    2.45    0.19
   5  945   23.51   21.66   13.72   -1.79    5.61    0.21
   7  945   23.80   22.10    0.00    0.41    3.66   -0.23
   3  945   24.05   22.15    0.00   -1.38    4.89   -0.13
  31  945   24.20   22.36    0.00   -1.35    3.54   -0.08
  27  945  -99.00  -99.00  -99.00  -99.00  -99.00  -99.00
  17  945   23.95   21.79    0.00   -2.57    2.95    0.24
  11  945   23.53   21.90    0.00   -1.49    4.02   -0.05
  19  945   24.35   22.27    3.56   -2.01    4.21   -0.14
  21  945   24.03   22.20    0.00   -2.90    4.53    0.02
  23  945   23.29   21.91    0.00   -1.74    2.67    0.21
   5 1015   23.57   21.72   13.72   -1.54    5.41    0.22
   7 1015   23.88   22.17    0.00    0.42    3.76   -0.23
   3 1015   24.13   22.21    0.00   -1.15    4.82   -0.15
  31 1015   24.24   22.41    0.00   -1.29    3.35   -0.07
  27 1015  -99.00  -99.00  -99.00  -99.00  -99.00  -99.00
  17 1015   23.96   21.84    0.00   -2.30    2.91    0.23
  11 1015   23.66   21.98    0.00   -1.46    4.17   -0.07
  19 1015   24.46   22.34    3.56   -1.87    3.99   -0.09
  21 1015   24.08   22.23    0.00   -2.64    4.75    0.05
  23 1015   23.15   21.89    0.00   -1.45    2.55    0.16
   5 1045   23.89   21.88   13.72   -0.57    6.45    0.20
   7 1045   24.20   22.34    0.00    0.54    4.33   -0.22
   3 1045   24.38   22.36    0.00   -0.23    5.19   -0.17
  31 1045   24.55   22.56    0.00   -0.83    4.27    0.00
  27 1045  -99.00  -99.00  -99.00  -99.00  -99.00  -99.00
  17 1045   24.28   22.03    0.00   -1.47    3.83    0.25
  11 1045   23.95   22.12    0.00   -1.05    5.04   -0.07
  19 1045   25.01   22.60    3.56   -1.07    5.65   -0.17
  21 1045   24.26   22.36    0.00   -1.93    5.75    0.03
  23 1045   23.54   22.09    0.00   -1.13    3.77    0.18
   5 1115   24.27   22.04   13.72    1.95    6.75    0.10
   7 1115   24.81   22.57    0.00    1.65    6.38   -0.16
   3 1115   24.77   22.53    0.00    1.97    5.67   -0.18
  31 1115   24.91   22.74    0.00    1.48    5.35    0.17
  27 1115   24.89   22.56   12.19    0.32    4.48    0.43
  17 1115   24.58   22.17    0.00    0.85    4.60    0.25
  11 1115   24.48   22.35    0.00    1.06    5.69   -0.07
  19 1115   24.87   22.62    3.56    0.91    5.77   -0.17
  21 1115  -99.00  -99.00  -99.00  -99.00  -99.00  -99.00
  23 1115   24.10   22.35    0.00    0.59    5.03    0.17
   5 1145   24.10   22.14   13.72    2.23    5.51    0.09
   7 1145   24.59   22.65    0.00    1.68    5.28   -0.09
   3 1145   24.61   22.64    0.00    2.27    4.61   -0.15
  31 1145   24.86   22.88    0.00    1.76    3.87    0.20
  27 1145   25.05   22.78   12.19    0.78    2.67    0.39
  17 1145   24.31   22.25    0.00    1.29    3.57    0.19
  11 1145   24.33   22.58    0.00    1.54    5.08   -0.07
  19 1145   24.62   22.78    3.56    1.67    4.87   -0.11
  21 1145  -99.00  -99.00  -99.00  -99.00  -99.00  -99.00
  23 1145   23.89   22.54    0.00    1.47    4.74    0.07
   5 1215   23.74   22.00   13.72    2.00    5.20    0.07
   7 1215   24.25   22.52    0.00    1.77    5.39   -0.05
   3 1215   24.22   22.57    0.00    2.00    4.43   -0.14
  31 1215   24.43   22.81    0.00    2.04    4.19    0.27
  27 1215   24.66   22.90   12.19    1.17    4.61    0.59
  17 1215   24.01   21.93    0.00    1.15    3.55    0.17
  11 1215   23.93   22.47    0.00    2.22    4.67   -0.03
  19 1215   24.18   22.41    3.56    1.48    4.66   -0.12
  21 1215   23.57   22.36    2.03    2.29    4.94    0.01
  23 1215   23.60   22.30    0.00    3.16    4.27    0.01
   5 1245   23.00   21.55   16.51    3.39    6.98    0.07
   7 1245   23.39   21.96    2.29    2.25    6.89   -0.09
   3 1245   23.39   21.97    8.64    3.72    6.24   -0.20
  31 1245   23.86   22.24    0.00    2.76    4.99    0.33
  27 1245   24.45   22.29   12.19    1.95    5.47    0.81
  17 1245   22.99   21.64    1.02    0.31    4.46    0.23
  11 1245   23.01   21.61    4.57    2.55    5.94   -0.03
  19 1245   23.08   21.94    6.35   -0.03    4.09   -0.09
  21 1245   22.63   21.66    5.33    2.47    4.68    0.02
  23 1245   22.67   21.74    0.51    1.97    3.89    0.03
   5 1315   21.56   20.79   27.43    3.47    6.40    0.06
   7 1315   22.31   21.35    9.65    2.82    6.03    0.03
   3 1315   21.58   21.20   21.84    4.33    5.20   -0.19
  31 1315   22.25   21.43    0.00    2.69    3.61    0.27
  27 1315   22.52   21.71   21.34    2.46    4.83    0.86
  17 1315   22.04   21.17    7.87    1.30    3.94    0.21
  11 1315   21.95   21.04   10.67    2.94    4.41   -0.02
  19 1315   22.68   21.50    9.40    1.18    4.07   -0.09
  21 1315   22.34   21.38    7.62    1.75    4.55   -0.01
  23 1315   22.16   21.26    1.52    2.09    4.40    0.05
   5 1345   21.43   20.95   28.70    1.41    3.18    0.04
   7 1345   22.08   21.45   11.68    1.44    3.64   -0.01
   3 1345   21.77   21.40   23.11    1.99    2.77   -0.10
  31 1345   22.16   21.46    0.00    1.88    1.75    0.15
  27 1345   22.30   21.49   22.61    1.48    1.42    0.41
  17 1345   21.81   21.10   10.67    1.01    2.57    0.11
  11 1345   21.84   21.19   12.19    2.05    3.03    0.00
  19 1345   22.25   21.49   11.18    1.10    3.10   -0.03
  21 1345   22.23   21.48    8.89   -0.02    4.30    0.03
  23 1345   21.99   21.33    2.54    1.92    4.31    0.09
   5 1415   21.30   20.97   29.46    0.05    1.53    0.05
   7 1415   21.99   21.51   12.45    0.22    1.45   -0.04
   3 1415   21.78   21.43   23.88    0.24    1.33   -0.01
  31 1415   22.13   21.62    3.81   -0.28    0.85   -0.01
  27 1415   22.11   21.58   23.62    0.13    0.79    0.07
  17 1415   21.81   21.21   11.43   -0.33    0.48    0.03
  11 1415   21.87   21.33   13.21   -0.05    1.16    0.00
  19 1415   22.18   21.64   11.68   -0.27    0.19   -0.01
  21 1415   22.21   21.56    9.65   -0.43    1.40    0.01
  23 1415   21.92   21.40    3.81   -0.35    1.63    0.09
   5 1445   21.81   21.25   29.46   -0.04    0.85    0.01
   7 1445   22.51   21.92   12.45    6.87    0.71   -0.04
   3 1445   22.35   21.85   24.13    0.22    0.62   -0.01
  31 1445   22.54   21.98    5.08    0.42    0.29    0.01
  27 1445   22.25   21.87   23.62    0.27   -0.15    0.05
  17 1445   22.18   21.49   11.43   -0.65    0.49    0.05
  11 1445   22.20   21.63   13.21    0.35    0.49   -0.01
  19 1445   22.47   21.89   11.94   -0.33    0.37    0.01
  21 1445   22.34   21.80    9.91    0.19    1.41    0.00
  23 1445   22.14   21.71    4.06    0.94    0.67   -0.02
   5 1515   22.10   21.49   29.72   -0.12    1.33    0.01
   7 1515   22.71   21.97   12.70   -3.87    1.28   -0.18
   3 1515   22.69   21.99   24.13   -0.01    1.38   -0.03
  31 1515   22.96   22.25    5.33    0.33    0.31    0.01
  27 1515   22.53   21.96   23.88   -0.11    0.12   -0.03
  17 1515   22.35   21.54   11.43   -1.14    0.26    0.05
  11 1515   22.44   21.70   13.46    0.32    0.54    0.01
  19 1515   22.64   22.06   11.94   -0.29    0.04    0.02
  21 1515   22.69   21.97    9.91    0.01    0.65    0.00
  23 1515   22.50   21.93    4.06    0.81    0.23   -0.03
   5 1545   22.57   21.94   29.72   -0.97    2.29    0.09
   7 1545   23.04   22.35   12.70   -0.91    2.55   -0.34
   3 1545   23.15   22.42   24.13   -0.90    2.41   -0.07
  31 1545   23.35   22.73    5.33   -0.86    1.51   -0.03
  27 1545   23.06   22.49   23.88   -0.74    1.71   -0.03
  17 1545   22.69   21.95   11.43   -1.43    1.70    0.13
  11 1545   22.81   22.04   13.46   -0.84    1.89   -0.05
  19 1545   23.08   22.41   11.94   -1.10    1.75   -0.05
  21 1545  -99.00  -99.00  -99.00  -99.00  -99.00  -99.00
  23 1545   23.15   22.39    4.06   -0.31    1.46    0.07
   5 1615   23.51   22.49   29.72   -0.41    2.81    0.09
   7 1615   23.91   23.01   12.70   -0.02    2.73   -0.17
   3 1615   24.09   23.07   24.13   -0.31    2.89   -0.11
  31 1615  -99.00  -99.00  -99.00  -99.00  -99.00  -99.00
  27 1615   23.89   23.07   23.88   -0.83    2.70    0.02
  17 1615   23.40   22.53   11.68   -0.87    1.73    0.11
  11 1615   23.61   22.83   13.46   -0.83    2.21   -0.02
  19 1615   23.89   23.06   11.94   -0.83    2.37   -0.07
  21 1615   24.02   22.98    9.91   -1.03    2.71   -0.01
  23 1615   23.43   22.69    4.06   -0.79    1.37    0.11
   5 1645   23.70   22.64   29.72    0.04    1.79    0.05
   7 1645   24.06   22.98   12.70    0.33    1.79   -0.06
   3 1645   24.28   23.06   24.13    0.55    2.05   -0.07
  31 1645  -99.00  -99.00  -99.00  -99.00  -99.00  -99.00
  27 1645   24.35   23.27   23.88    0.41    1.41    0.22
  17 1645   23.81   22.71   11.68    0.15    1.00    0.05
  11 1645   23.86   22.86   13.46    0.43    1.26   -0.03
  19 1645   24.76   23.33   11.94    0.01    1.69   -0.02
  21 1645   24.94   23.19    9.91   -0.61    2.75    0.00
  23 1645   24.17   23.03    4.06   -0.36    2.45    0.10
   5 1715   23.92   22.62   29.72    0.27    1.49    0.03
   7 1715   24.25   23.06   12.70    0.68    1.44    0.03
   3 1715   24.41   23.01   24.13    0.37    1.64   -0.05
  31 1715   24.66   23.29    0.00    0.51    1.25    0.04
  27 1715   24.45   23.22   23.88    0.14    1.55    0.14
  17 1715   24.13   22.83   11.68    0.46    0.43    0.03
  11 1715   24.31   23.08   13.46    0.25    1.47   -0.01
  19 1715   25.11   23.18   11.94    0.43    1.17   -0.02
  21 1715   25.14   23.02    9.91   -0.29    2.31    0.05
  23 1715   24.81   22.80    4.06   -0.25    2.12    0.08
   5 1745   23.72   22.59   29.72    1.62    0.68   -0.04
   7 1745   24.24   23.13   12.70    0.97    0.33    0.13
   3 1745   24.22   23.14   24.13    1.43    0.41   -0.01
  31 1745   24.53   23.19    0.25    1.47    0.50    0.14
  27 1745   24.68   23.50   23.88    0.43    0.15    0.13
  17 1745   23.99   22.94   11.68    1.77   -0.51   -0.03
  11 1745   24.12   23.14   13.46    1.55   -0.23    0.03
  19 1745   24.71   23.34   11.94    1.83   -0.11    0.05
  21 1745   24.62   22.79    9.91    0.78    2.05    0.01
  23 1745   24.50   22.59    4.06    0.61    1.85    0.04
   5 1815   23.63   22.85   29.72    0.94   -0.19    0.01
   7 1815   24.18   23.18    0.25    1.02    0.05    0.15
   3 1815   24.29   23.30   24.38    0.75   -0.05    0.01
  31 1815   24.57   23.36    0.25    0.85    0.10    0.10
  27 1815   24.71   23.39   23.88    0.68    0.05    0.19
  17 1815   24.07   23.01   11.68    1.35   -0.29   -0.03
  11 1815   24.22   23.12   13.46    0.75   -0.52    0.01
  19 1815   24.95   23.56   11.94    1.09   -0.02    0.01
  21 1815   25.02   22.65    9.91    0.51    1.71    0.04
  23 1815   24.59   22.75    4.06    0.98    2.10    0.04
   5 1845   23.81   22.70   29.72    0.31    1.08    0.01
   7 1845   24.37   23.25    0.25    0.43    0.67    0.04
   3 1845   24.33   23.25   24.38    0.65    0.73   -0.02
  31 1845   24.71   23.48    0.25    0.65    0.73    0.07
  27 1845   24.79   23.22   23.88    0.54    0.13    0.18
  17 1845   24.29   22.80   11.68    0.51    0.19   -0.02
  11 1845   24.42   23.07   13.46    0.71    0.43    0.03
  19 1845   25.11   23.60   11.94   -0.21   -0.17    0.02
  21 1845   25.74   22.28    9.91    0.19    0.37    0.02
  23 1845   24.93   22.29    4.06    0.88    1.21   -0.01
   5 1915   24.73   23.09   29.72   -0.07    1.17    0.04
   7 1915   25.15   23.67    0.25   -0.07    1.57   -0.17
   3 1915   25.37   23.78   24.38    0.11    1.33    0.01
  31 1915   25.46   23.83    0.25   -0.15    1.51    0.02
  27 1915   25.35   23.67   23.88    0.02    1.59    3.99
  17 1915   25.05   23.32   11.68   -0.67    1.38    0.07
  11 1915   24.96   23.27   13.46   -0.80    2.52   -0.05
  19 1915   26.28   23.68   11.94   -1.33    1.18   -0.05
  21 1915   26.95   22.72    9.91   -0.86    1.95    0.03
  23 1915   25.84   22.16    4.06    0.30    1.89    0.05
   5 1945   25.76   22.91   29.72   -0.85    1.51    0.10
   7 1945   26.13   23.38    0.25   -0.58    1.49   -0.27
   3 1945   26.40   23.39   24.38   -0.67    1.39   -0.03
  31 1945   26.84   23.39    0.51   -1.11    1.31   -0.08
  27 1945   26.59   22.96   23.88   -0.14    0.88    0.03
  17 1945   26.52   22.98   11.68   -1.50    1.07    0.12
  11 1945   26.39   22.55   13.46   -0.85    2.36   -0.05
  19 1945   27.50   23.24   11.94   -1.28    2.19   -0.07
  21 1945   27.41   22.89    9.91   -0.65    3.16   -0.02
  23 1945   26.73   22.85    4.06   -0.14    2.16    0.11
   5 2015   25.47   22.34   29.72   -0.47    1.23    0.06
   7 2015   26.18   22.97    0.25   -0.01    1.85   -0.17
   3 2015   26.02   22.70   24.38   -0.25    1.57   -0.05
  31 2015   26.29   22.89    0.51   -0.76    1.33   -0.05
  27 2015   26.38   22.94   23.88   -0.33    1.08    0.06
  17 2015   26.81   22.48   11.68   -0.97    1.83    0.13
  11 2015   26.41   22.72   13.46   -0.73    1.81   -0.02
  19 2015   27.96   23.29   11.94   -1.20    1.84   -0.03
  21 2015   28.32   22.80    9.91   -0.45    2.83    0.05
  23 2015   27.65   22.70    4.06   -0.93    2.43    0.14
   5 2045   26.37   22.77   29.72   -1.03   -0.61    0.07
   7 2045   27.22   23.16    0.25   -0.33   -0.03   -0.06
   3 2045   26.98   23.33   24.38   -1.12   -0.17    0.05
  31 2045   27.12   23.44    0.51   -1.51   -0.63   -0.11
  27 2045   27.11   23.56   23.88   -0.83   -0.58   -0.17
  17 2045   27.65   22.68   11.68   -1.24    1.07    0.07
  11 2045   27.68   22.91   13.46   -1.31    1.15   -0.01
  19 2045   28.56   23.14   11.94   -2.05    1.43   -0.05
  21 2045   29.21   22.80    9.91   -2.19    2.27    0.05
  23 2045   28.46   22.70    4.06   -1.75    1.87    0.19
   5 2115   26.34   22.86   29.72   -2.00   -2.23    0.13
   7 2115   27.55   23.76    0.25   -1.23   -2.10    0.06
   3 2115   26.98   23.55   24.38   -2.06   -2.03    0.21
  31 2115   27.16   23.50    0.51   -1.53   -1.75   -0.13
  27 2115   27.27   23.69   23.88   -0.92   -1.26   -0.24
  17 2115   28.12   22.49   11.68   -2.00    0.25    0.07
  11 2115   27.83   22.83   13.46   -1.44   -0.23    0.04
  19 2115   28.92   23.28   11.94   -1.89    0.60   -0.04
  21 2115   29.21   22.79    9.91   -2.27    1.67    0.00
  23 2115   28.25   22.56    4.06   -2.53    1.01    0.23
   5 2145   26.17   23.48   29.72   -2.39   -3.09    0.19
   7 2145   27.16   23.57    0.25   -2.20   -3.39    0.04
   3 2145   26.70   23.48   24.38   -2.90   -2.58    0.26
  31 2145   27.18   23.67    0.00   -2.04   -2.36   -0.14
  27 2145   27.10   23.59   23.88   -1.29   -2.21   -0.33
  17 2145   27.63   23.46   11.68   -2.90   -2.66    0.05
  11 2145   27.48   23.59   13.46   -2.15   -3.43    0.13
  19 2145   29.62   23.41   11.94   -2.71   -0.11    0.01
  21 2145   29.62   23.12    9.91   -2.16    1.33    0.06
  23 2145   28.97   23.00    4.06   -3.18   -0.27    0.25
   5 2215   26.44   23.50   29.72   -3.47   -3.50    0.22
   7 2215   27.49   23.77    0.25   -2.60   -3.75    0.02
   3 2215   26.98   23.67   24.38   -3.92   -2.92    0.33
  31 2215   27.69   23.98    0.00   -2.91   -2.48   -0.21
  27 2215   27.85   24.01   23.88   -1.67   -1.87   -0.36
  17 2215   27.37   23.25   11.68   -4.62   -2.40    0.11
  11 2215   27.29   23.60   13.46   -2.79   -3.21    0.12
  19 2215   29.41   23.67   11.94   -1.93   -0.18    0.05
  21 2215   29.38   23.36    9.91   -3.35   -0.14    0.06
  23 2215   29.09   23.24    4.06   -3.50   -1.09    0.23
   5 2245   25.13   23.01   29.72   -3.59   -4.11    0.20
   7 2245   25.96   23.62    0.25   -2.90   -4.45    0.08
   3 2245   25.75   23.64   24.38   -3.33   -3.41    0.37
  31 2245   26.34   23.89    0.00   -2.69   -3.04   -0.18
  27 2245   26.66   23.84   23.88   -1.66   -2.51   -0.41
  17 2245   26.14   23.14   11.68   -3.76   -3.49    0.05
  11 2245   26.30   23.25   13.46   -3.02   -3.73    0.16
  19 2245   26.86   23.59   11.94   -2.63   -2.61    0.17
  21 2245   28.59   23.29    9.91   -3.61   -1.43    0.08
  23 2245   28.37   23.39    4.06   -3.69   -1.22    0.27
   5 2315   24.32   22.54   29.72   -2.58   -4.08    0.16
   7 2315   24.86   23.14    0.25   -1.87   -4.22    0.22
   3 2315   24.84   23.09   24.38   -2.97   -3.65    0.32
  31 2315   25.27   23.44    0.00   -2.08   -3.08   -0.12
  27 2315   25.70   23.50   23.88   -1.49   -2.35   -0.36
  17 2315   24.88   22.88   11.68   -2.65   -4.09   -0.02
  11 2315   24.73   23.14   13.46   -2.57   -3.95    0.16
  19 2315   25.55   23.45   11.94   -2.06   -3.10    0.20
  21 2315   27.56   23.47    9.91   -3.33   -2.43    0.13
  23 2315   27.27   23.50    4.06   -3.20   -3.19    0.20
   5 2345   24.01   22.35   29.72   -3.19   -4.41    0.19
   7 2345   24.64   22.93    0.25   -2.93   -4.75    0.09
   3 2345   24.59   22.82   24.38   -3.31   -3.59    0.35
  31 2345   25.05   23.05    0.00   -2.32   -3.23   -0.17
  27 2345   25.20   23.21   23.88   -1.55   -2.35   -0.37
  17 2345   24.56   22.69   11.68   -3.99   -3.87    0.05
  11 2345   24.57   23.14   13.46   -2.81   -3.96    0.17
  19 2345   25.13   23.44   11.94   -2.26   -2.55    0.17
  21 2345   25.97   23.42    9.91   -3.29   -3.93    0.17
  23 2345   26.10   23.18    4.06   -3.17   -3.56    0.21
