   5   15   22.82   21.42   41.15    0.49   -6.95    0.09
   7   15   23.54   22.01    2.03   -0.36   -5.34    0.56
   3   15   23.58   21.96   33.78   -0.07   -5.11    0.37
  31   15   24.36   22.36    0.00   -0.27   -4.43    0.06
  27   15   24.93   22.49   23.88   -1.87   -3.11   -0.43
  17   15   23.31   21.80   13.21    1.56   -5.06   -0.11
  11   15   23.89   22.46   18.29    0.38   -3.15    0.20
  19   15   24.46   22.44   11.94    1.48   -4.11    0.23
  21   15   25.28   22.93    9.91   -0.41   -4.77    0.19
  23   15   25.52   22.84    4.06   -2.65   -3.29    0.18
   5   45   21.31   20.71   42.93   -6.47   -5.85    0.44
   7   45   22.10   21.21    2.54   -4.78   -6.21   -0.02
   3   45   21.88   21.21   39.62   -5.92   -5.40    0.59
  31   45   22.47   21.68   10.92   -3.77   -5.16   -0.25
  27   45   23.25   21.99   51.31   -0.90   -3.77   -0.23
  17   45   22.13   21.03   13.72   -6.24   -4.56    0.07
  11   45   23.13   21.82   18.54   -3.95   -5.69    0.25
  19   45   23.87   22.04   18.54   -4.27   -3.10    0.17
  21   45   25.00   22.53   10.16   -3.45   -4.63    0.22
  23   45   24.09   22.22    4.32   -1.86   -3.78    0.15
   5  115   21.44   20.81   54.86   -5.45   -4.51    0.32
   7  115   22.14   21.39   20.07   -3.99   -4.99   -0.09
   3  115   22.02   21.21   46.48   -5.13   -3.89    0.40
  31  115   22.19   21.47    0.00   -4.49   -3.42   -0.32
  27  115   21.72   21.21   55.12   -3.56   -1.58   -0.70
  17  115   21.89   21.20   33.53   -6.33   -3.23    0.17
  11  115   22.14   21.52   20.57   -5.09   -5.21    0.23
  19  115   22.55   21.94   44.45   -3.48   -1.93    0.12
  21  115   22.53   21.70   21.84   -4.47   -0.92    0.16
  23  115   22.40   21.88    5.08   -5.74   -3.63    0.45
   5  145   20.51   20.11   92.71    1.39    0.01    0.02
   7  145   20.98   20.62   60.20    1.91    0.80    0.24
   3  145   21.14   20.67   82.04    2.59    0.60    0.01
  31  145   21.37   20.92    5.84    4.25    0.91    0.49
  27  145  -99.00  -99.00   69.60    4.14   -1.22    1.02
  17  145   20.47   20.16   68.58    2.28   -0.83   -0.09
  11  145   20.88   20.57   58.17    5.22   -2.01    0.21
  19  145   20.62   20.30   70.36    3.92   -5.57    0.38
  21  145  -99.00  -99.00  -99.00  -99.00  -99.00  -99.00
  23  145   20.89   20.59   53.59    5.41   -2.31   -0.13
   5  215   20.16   20.03   94.49   -1.12    0.00    0.15
   7  215   20.69   20.56   61.72   -2.09   -6.57    0.43
   3  215   20.85   20.58   83.57   -2.58   -5.67    0.47
  31  215   21.23   20.96   25.15   -0.58   -5.02    0.00
  27  215  -99.00  -99.00   75.69   -1.61   -4.62   -0.53
  17  215   20.39   20.08   70.61   -0.45   -4.05   -0.12
  11  215   21.05   20.67   60.71   -1.05   -6.79    0.32
  19  215   21.02   20.53   71.63    1.62   -3.98    0.29
  21  215  -99.00  -99.00  -99.00  -99.00  -99.00  -99.00
  23  215   21.32   21.20   65.02   -0.03   -7.76    0.04
   5  245   20.21   20.11   97.03    1.57    0.00    0.01
   7  245   20.72   20.59   64.01    1.15   -2.75    0.48
   3  245   20.83   20.66   85.85    1.23   -1.84    0.13
  31  245   21.64   21.51   40.13    1.49   -2.34    0.20
  27  245  -99.00  -99.00   77.98    0.23   -1.91    0.11
  17  245   20.37   20.15   72.90    0.93   -1.61   -0.05
  11  245   20.96   20.75   62.99    1.77   -2.89    0.18
  19  245   20.90   20.54   73.66    0.68   -1.62    0.11
  21  245  -99.00  -99.00  -99.00  -99.00  -99.00  -99.00
  23  245   21.56   21.46   67.06    0.95   -3.85   -0.05
   5  315   20.11   20.03   98.81    0.30    0.00    0.01
   7  315   20.67   20.54   65.79    0.12   -2.12    0.23
   3  315   20.68   20.53   87.63    0.51   -1.38    0.07
  31  315   21.22   21.24   45.47    1.29   -1.69    0.17
  27  315  -99.00  -99.00   80.01    0.57   -1.92    0.10
  17  315   20.40   20.18   74.17    0.37   -1.88   -0.06
  11  315   20.88   20.66   65.02    0.37   -2.43    0.11
  19  315   20.69   20.51   75.18    0.26   -1.50    0.09
  21  315   21.01   20.76   52.07    1.01   -2.09    0.10
  23  315   21.50   21.40   69.60    1.24   -2.41   -0.07
   5  345   20.34   20.19  100.33   -2.33    0.00    0.17
   7  345   20.83   20.69   67.06   -1.99   -2.61   -0.05
   3  345   20.88   20.71   88.90   -2.59   -1.69    0.21
  31  345   21.28   21.34   46.48   -1.33   -1.69   -0.07
  27  345  -99.00  -99.00   81.53   -0.85   -1.89   -0.19
  17  345   20.71   20.44   75.44   -2.70   -1.89    0.06
  11  345   21.07   20.87   66.29   -1.92   -2.30    0.08
  19  345   20.78   20.64   76.20   -1.80   -0.57    0.05
  21  345   21.29   21.53   53.34   -2.09   -1.13    0.07
  23  345   21.48   21.39   70.87   -2.07   -1.79    0.12
   5  415   20.34   19.96  101.35   -4.69    0.00    0.27
   7  415   21.04   20.71   68.33   -2.61   -1.94   -0.23
   3  415   20.95   20.55   90.17   -4.69   -1.11    0.22
  31  415   21.10   21.04   47.50   -3.25   -0.95   -0.21
  27  415  -99.00  -99.00   83.06   -0.89   -0.05   -0.11
  17  415   20.92   20.67   76.45   -4.37   -0.03    0.17
  11  415   21.27   21.11   67.82   -3.85   -1.27    0.03
  19  415   21.45   21.20   77.47   -3.57    0.25    0.01
  21  415   21.38   21.16   54.86   -3.50   -0.55    0.09
  23  415   20.92   20.82   72.39   -3.47   -0.17    0.22
   5  445   20.22   20.02  102.62   -3.11    0.00    0.17
   7  445   20.98   20.73   69.34   -1.50   -0.81   -0.24
   3  445   20.94   20.66   91.19   -3.71    0.53    0.09
  31  445   21.07   21.04   48.26   -2.57    0.43   -0.16
  27  445  -99.00  -99.00   84.07   -0.52    0.39   -0.06
  17  445   20.96   20.71   77.47   -4.11    0.15    0.17
  11  445   20.88   20.68   68.83   -3.23   -0.09    0.02
  19  445   21.39   20.95   78.49   -2.91   -0.09    0.01
  21  445   21.01   20.79   55.88   -3.08   -0.84    0.09
  23  445   20.70   20.59   73.66   -2.91   -0.18    0.18
   5  515   20.30   20.13  102.62   -3.43    0.00    0.19
   7  515   20.93   20.62   69.60   -1.16   -0.74   -0.25
   3  515   20.91   20.62   91.44   -4.17    0.06    0.18
  31  515   21.01   21.01   48.77   -2.85    0.56   -0.19
  27  515  -99.00  -99.00   84.33   -1.21    0.62   -0.17
  17  515   20.74   20.38   77.72   -3.66    0.61    0.17
  11  515   20.73   20.45   68.83   -4.13    0.20   -0.01
  19  515   21.17   20.80   78.74   -2.52    1.06    0.00
  21  515  -99.00  -99.00  -99.00  -99.00  -99.00  -99.00
  23  515   20.65   20.56   73.91   -2.93    0.39    0.20
   5  545   20.18   20.03  102.87   -2.50    0.00    0.15
   7  545   20.88   20.59   69.60   -0.98   -0.91   -0.08
   3  545   20.86   20.58   91.44   -3.12   -0.96    0.16
  31  545   21.05   21.07   49.28   -1.69   -0.41   -0.08
  27  545  -99.00  -99.00   84.33   -0.35   -0.11   -0.05
  17  545   20.72   20.36   77.72   -2.44    0.06    0.09
  11  545   20.73   20.49   69.09   -3.68   -0.09   -0.02
  19  545   21.12   20.75   78.74   -1.75    0.79   -0.01
  21  545   21.00   20.78   56.39   -4.02    1.67    0.05
  23  545   20.67   20.60   74.17   -2.81    0.83    0.21
   5  615   20.26   20.14  102.87   -0.73    0.00    0.05
   7  615   21.02   20.79   69.60   -0.05    0.68   -0.07
   3  615   20.96   20.72   91.44   -1.14    0.53    0.03
  31  615   21.11   21.20   49.53   -1.17    0.71   -0.07
  27  615  -99.00  -99.00   84.58   -0.02    0.22  -13.63
  17  615   20.80   20.52   77.72   -1.50    1.14    0.11
  11  615   20.85   20.67   69.09   -2.05    1.13   -0.03
  19  615   21.14   20.82   78.74   -0.79    0.44   -0.02
  21  615   20.99   20.79   56.39   -2.83    2.06    0.05
  23  615   20.73   20.66   74.42   -1.49    1.21    0.13
   5  645   20.41   20.25  102.87   -1.97    0.00    0.12
   7  645   20.99   20.80   69.60    0.03    0.57   -0.05
   3  645   21.00   20.77   91.44   -1.49    1.17   -0.03
  31  645   21.14   21.27   50.04   -1.11    0.77   -0.07
  27  645  -99.00  -99.00   84.58   -0.07    0.22    0.00
  17  645   20.74   20.53   77.72   -1.89    0.96    0.10
  11  645   20.78   20.62   69.09   -1.41    0.94   -0.02
  19  645   21.07   20.79   78.74   -0.73    0.60   -0.01
  21  645   20.92   20.71   56.64   -1.84    1.63    0.05
  23  645   20.80   20.72   74.42   -0.89    0.99    0.09
   5  715   20.33   20.20  102.87   -0.47    0.00    0.06
   7  715   20.90   20.76   69.60    0.10    0.80   -0.03
   3  715   21.05   20.81   91.44   -1.05    1.73   -0.06
  31  715   21.15   21.29   50.29   -0.91    1.15   -0.03
  27  715  -99.00  -99.00   84.58   -0.53    1.11   -0.03
  17  715   20.48   20.35   77.72   -0.74    1.04    0.09
  11  715   20.64   20.51   69.09   -1.09    1.28   -0.02
  19  715   20.97   20.69   78.74   -0.44    1.01   -0.01
  21  715   20.78   20.42   56.64   -0.77    1.75    0.01
  23  715   20.66   20.52   74.42   -0.70    1.33    0.09
   5  745   20.29   20.17  102.87    0.31    0.00    0.00
   7  745   20.77   20.62   69.85    0.05    0.04   -0.01
   3  745   20.92   20.68   91.44    0.09    0.01   -0.01
  31  745   21.06   21.16   50.29    0.25   -0.27    0.00
  27  745  -99.00  -99.00   84.58    0.11   -0.45    0.00
  17  745   20.58   20.41   77.72    0.22   -0.53   -0.03
  11  745   20.81   20.49   69.09   -0.10    0.46    0.00
  19  745   20.96   20.59   78.74    0.25    0.13    0.01
  21  745   20.72   20.27   56.64   -0.01    1.18   -0.01
  23  745   20.60   20.41   74.42   -0.04    0.66    0.03
   5  815   20.40   20.15  102.87    0.00    0.00    0.00
   7  815   20.74   20.58   69.85    0.01    0.00    0.01
   3  815   20.85   20.66   91.44   -0.07    0.01    0.00
  31  815   21.27   21.07   50.29   -0.15    0.47    0.01
  27  815  -99.00  -99.00   84.58   -0.01   -0.26   -0.01
  17  815   20.77   20.50   77.72    0.00   -0.02    0.00
  11  815   20.89   20.52   69.09   -0.01    0.14    0.00
  19  815   20.93   20.72   78.74    0.03   -0.12    0.00
  21  815   20.75   20.38   56.64    0.36    0.28    0.00
  23  815   20.56   20.30   74.42    0.57    0.27   -0.02
   5  845   20.28   20.12  102.87    0.00    0.00    0.00
   7  845   20.70   20.57   69.85   -0.07    0.09   -0.01
   3  845   20.93   20.61   91.44    0.00    0.26    0.00
  31  845   20.98   20.97   50.29    0.09    0.14    0.00
  27  845  -99.00  -99.00   84.58   -0.20    0.95   -0.01
  17  845   20.87   20.52   77.72    0.00    0.07    0.00
  11  845   20.76   20.37   69.09    0.11    0.61   -0.01
  19  845   20.94   20.80   78.74    0.01    0.06    0.03
  21  845   20.84   20.46   56.64    0.26   -0.08    0.00
  23  845   20.69   20.31   74.42    0.65    0.40   -0.01
   5  915   20.30   20.11  102.87    0.00    0.00    0.00
   7  915   20.79   20.60   69.85    0.00    0.27    0.00
   3  915   20.91   20.56   91.44    0.04    0.41    0.00
  31  915   20.87   20.86   50.29    0.21    0.07    0.00
  27  915  -99.00  -99.00   84.58    0.00    0.64    0.03
  17  915   20.89   20.59   77.72    0.23    0.06    0.00
  11  915   20.86   20.45   69.09    0.41    0.51   -0.01
  19  915   21.11   20.75   78.74    0.51    0.15    0.01
  21  915   20.93   20.50   56.64    0.63    0.75    0.01
  23  915   20.84   20.41   74.42    0.87    1.13   -0.01
   5  945   20.25   20.11  102.87    0.44    0.00    0.02
   7  945   21.00   20.62   69.85    0.68    2.82   -0.09
   3  945   20.97   20.55   91.44    0.83    1.76   -0.05
  31  945   21.01   20.90   50.29    0.61    1.59    0.07
  27  945  -99.00  -99.00   84.58   -0.07    1.91    0.09
  17  945   20.85   20.52   77.72    0.29    1.31    0.06
  11  945   20.86   20.45   69.09    1.01    1.51    0.01
  19  945   21.16   20.69   78.74    0.68    0.76   -0.02
  21  945   20.89   20.53   56.64    1.30    0.64    0.00
  23  945   20.86   20.49   74.42    1.21    1.04   -0.03
   5 1015   20.31   20.01  102.87    0.55    0.00    0.03
   7 1015   20.90   20.58   69.85    0.49    2.83   -0.11
   3 1015   20.92   20.50   91.44    0.93    2.20   -0.07
  31 1015   21.00   20.86   50.29    0.77    1.37    0.07
  27 1015  -99.00  -99.00   84.58    0.60    1.73    0.26
  17 1015   20.76   20.53   77.72   -0.21    1.69    0.08
  11 1015   20.73   20.44   69.09    0.55    2.61   -0.03
  19 1015   21.11   20.69   78.74   -0.13    1.55   -0.05
  21 1015   20.88   20.48   56.64    0.67    1.69    0.00
  23 1015   20.86   20.51   74.42    0.72    1.31    0.01
   5 1045   20.26   20.00  102.87    0.18    0.00    0.07
   7 1045   20.89   20.59   69.85    0.24    2.46   -0.13
   3 1045   20.90   20.50   91.44    0.53    2.42   -0.07
  31 1045   21.00   20.91   50.29    0.44    2.04    0.03
  27 1045  -99.00  -99.00   84.58    0.60    2.12    0.26
  17 1045   20.72   20.29   77.72    0.15    2.63    0.13
  11 1045   20.63   20.32   69.09    0.89    3.41   -0.05
  19 1045   20.98   20.59   78.74   -0.20    2.03   -0.04
  21 1045   20.79   20.50   56.64    0.21    1.75    0.01
  23 1045   20.72   20.47   74.42    0.32    1.79    0.05
   5 1115   20.18   19.94  102.87    0.38    0.00    0.02
   7 1115   20.75   20.51   69.85    0.26    1.63   -0.07
   3 1115   20.77   20.43   91.44    0.62    1.66   -0.05
  31 1115   20.93   20.88   50.29    0.45    0.97    0.05
  27 1115  -99.00  -99.00   84.58    0.71    1.27    0.27
  17 1115   20.65   20.29   77.72    0.01    0.98    0.04
  11 1115   20.55   20.32   69.09    0.70    1.60   -0.02
  19 1115   20.92   20.58   78.74   -0.05    0.62   -0.01
  21 1115   20.76   20.51   56.90   -0.23    1.09    0.01
  23 1115   20.70   20.46   74.42    0.22    1.65    0.04
   5 1145   20.20   19.96  102.87    0.06    0.00    0.00
   7 1145   20.74   20.52   69.85    0.07    0.47   -0.01
   3 1145   20.74   20.46   91.44    0.01    0.26    0.00
  31 1145   20.92   20.90   50.29    0.49    0.13    0.00
  27 1145  -99.00  -99.00   84.58    0.11   -0.01    0.01
  17 1145   20.72   20.35   77.72    0.00    0.18    0.01
  11 1145   20.60   20.39   69.09    0.25    0.41    0.01
  19 1145   20.88   20.65   78.74   -0.08    0.28   -0.01
  21 1145   20.78   20.60   56.90    0.05    0.96    0.01
  23 1145   20.70   20.52   74.93    0.13    1.00    0.03
   5 1215   20.36   20.12  102.87    0.00    0.00    0.00
   7 1215   20.82   20.64   69.85    0.00   -0.37    0.01
   3 1215   20.81   20.60   91.44    0.00   -0.18    0.00
  31 1215   21.06   21.02   50.29    0.16   -0.22    0.00
  27 1215  -99.00  -99.00   84.58   -0.13   -0.12   -0.04
  17 1215   20.84   20.42   77.72    0.00   -0.47   -0.01
  11 1215   20.73   20.47   69.09    0.00   -0.13    0.01
  19 1215   20.89   20.73   78.74   -0.14   -0.83    0.04
  21 1215   20.91   20.71   57.15    0.03    0.15   -0.01
  23 1215   20.79   20.62   74.93   -0.05    0.10    0.01
   5 1245   20.52   20.32  102.87    0.07    0.00    0.01
   7 1245   20.98   20.70   69.85    0.01    0.08   -0.01
   3 1245   21.04   20.68   91.44    0.11    0.27    0.00
  31 1245   21.31   21.20   50.29    0.19    0.25    0.00
  27 1245  -99.00  -99.00  -99.00  -99.00  -99.00  -99.00
  17 1245   20.96   20.49   77.72    0.01   -0.10    0.01
  11 1245   20.90   20.59   69.09    0.17    0.21    0.01
  19 1245   21.03   20.73   78.74   -0.01   -0.13    0.02
  21 1245   21.11   20.85   57.40    0.07    0.64    0.00
  23 1245   20.98   20.77   75.18    0.01    0.55    0.02
   5 1315   20.70   20.44  102.87   -0.01    0.00    0.05
   7 1315   21.25   20.88   69.85    0.07    1.23   -0.04
   3 1315   21.29   20.87    0.00    0.19    1.55   -0.07
  31 1315   21.45   21.35   50.29   -0.07    1.32    0.01
  27 1315  -99.00  -99.00  -99.00  -99.00  -99.00  -99.00
  17 1315   21.04   20.59   77.72   -0.18    0.91    0.07
  11 1315   21.01   20.67   69.09    0.20    0.56   -0.01
  19 1315   21.17   20.84   78.74   -0.06   -0.02    0.01
  21 1315   21.28   20.95   57.40    0.33    1.04    0.00
  23 1315   21.15   20.88   75.18    0.07    1.21    0.03
   5 1345   20.80   20.46  102.87   -0.03    0.00    0.06
   7 1345   21.35   21.00   69.85  -99.00    1.05  -99.00
   3 1345   21.43   20.95    0.00   -0.07    1.26   -0.05
  31 1345   21.63   21.42   50.29    0.13    1.21    0.01
  27 1345  -99.00  -99.00   84.58   -0.24    0.83    0.03
  17 1345   21.16   20.74   77.72   -0.44    0.67    0.09
  11 1345   21.18   20.85   69.09   -0.25    1.57   -0.04
  19 1345   21.32   21.00   78.74   -0.72    0.32    0.00
  21 1345   21.50   21.13   57.40    0.23    1.29    0.02
  23 1345   21.34   21.04   75.18   -0.08    1.48    0.05
   5 1415   21.15   20.73  102.87   -0.16    0.00    0.05
   7 1415   21.62   21.21    0.00    0.07    1.55   -0.09
   3 1415   21.75   21.22    0.00    0.10    1.72   -0.09
  31 1415   21.80   21.60   50.29    0.12    1.57    0.02
  27 1415  -99.00  -99.00   84.58    0.21    1.84    0.21
  17 1415   21.43   20.95   77.72   -0.45    0.96    0.09
  11 1415   21.48   21.12   69.09    0.26    2.05   -0.01
  19 1415   21.81   21.34   78.99   -0.36    1.21   -0.05
  21 1415   21.77   21.36   57.40    0.82    1.09    0.01
  23 1415   21.53   21.19   75.18   -0.08    1.00    0.03
   5 1445   21.44   20.93  102.87    0.12    0.00    0.01
   7 1445   22.01   21.48    0.00    0.39    1.59   -0.02
   3 1445   22.15   21.48    0.00    0.77    1.63   -0.07
  31 1445   22.40   21.92   50.29    0.39    1.75    0.04
  27 1445  -99.00  -99.00   84.58    0.54    1.99    0.29
  17 1445   21.82   21.22   77.72   -0.03    1.09    0.08
  11 1445   21.92   21.38   69.09    0.81    2.47   -0.02
  19 1445   22.38   21.63   78.99    0.31    1.75   -0.06
  21 1445   22.59   21.88   57.40    0.15    1.97    0.06
  23 1445   22.22   21.72   75.18    0.13    1.95    0.05
   5 1515   22.10   21.22  102.87   -0.02    0.00    0.05
   7 1515   22.62   21.66    0.00    0.64    1.61   -0.01
   3 1515   22.86   21.75    0.00    0.72    1.35   -0.03
  31 1515   22.82   21.93   50.29    0.54    1.39    0.07
  27 1515  -99.00  -99.00   84.58    0.68    1.59    0.31
  17 1515   22.55   21.46   77.72    0.22    1.27    0.06
  11 1515   22.64   21.73   69.09    0.65    1.79   -0.03
  19 1515   22.91   21.87   78.99    0.60    1.26   -0.02
  21 1515   22.97   21.92   57.40    0.44    2.49   -0.01
  23 1515   22.71   21.95   75.18   -0.01    2.18    0.09
   5 1545   22.29   21.15  102.87    0.95    0.00   -0.03
   7 1545   22.99   21.72    0.00    0.75    0.48    0.11
   3 1545   23.07   21.79    0.00    0.98    0.31   -0.01
  31 1545   23.11   21.90   50.29    1.11    0.59    0.10
  27 1545  -99.00  -99.00   84.58    1.47    0.46    0.23
  17 1545   22.66   21.46   77.72    1.03    0.04   -0.01
  11 1545   23.12   21.78   69.09    1.05    0.57    0.02
  19 1545   23.34   22.01   78.99    1.25    0.37    0.01
  21 1545   23.13   21.98   57.40   -0.18    2.35    0.01
  23 1545   22.61   21.83   75.18   -0.08    1.99    0.07
   5 1615   22.50   21.31  102.87    1.06    0.00   -0.01
   7 1615   22.92   21.70    0.00    0.98   -0.47    0.21
   3 1615   23.09   21.82    0.00    0.97   -0.89    0.07
  31 1615   23.55   22.16   50.29    1.19   -0.71    0.18
  27 1615  -99.00  -99.00   84.58    0.30   -0.17    0.05
  17 1615   23.04   21.63   77.72    0.59   -0.87   -0.05
  11 1615   23.26   21.89   69.09    1.19   -0.11    0.09
  19 1615   23.54   22.05   78.99    0.82   -0.29    0.04
  21 1615   24.07   22.22   57.40    0.05    1.26    0.00
  23 1615   23.15   21.98   75.18    1.53    0.99   -0.07
   5 1645   23.40   21.81  102.87    0.79    0.00    0.02
   7 1645   23.61   22.07    0.00    0.36   -1.44    0.19
   3 1645   23.80   22.16    0.00    0.69   -0.98    0.05
  31 1645   23.77   22.27   50.29    1.27   -1.26    0.14
  27 1645  -99.00  -99.00   84.58    0.85   -1.06    0.20
  17 1645   23.85   21.99   77.72    0.96   -0.75    0.00
  11 1645   23.67   22.01   69.09    1.31   -0.65    0.07
  19 1645   23.86   22.14   78.99    0.52   -0.45    0.05
  21 1645   24.02   22.25   57.40    1.47   -0.77    0.05
  23 1645   24.16   22.28   75.18    0.90    1.05   -0.03
   5 1715   23.80   21.68  102.87    0.54    0.00    0.00
   7 1715   24.28   22.17    0.00    0.50   -0.03    0.03
   3 1715   24.52   22.13    0.00    0.53    0.30   -0.03
  31 1715   24.43   22.20   50.29    0.53   -0.34    0.05
  27 1715  -99.00  -99.00   84.58    0.59   -0.63    0.13
  17 1715   24.28   21.91   77.72    0.43   -0.34   -0.03
  11 1715   24.07   21.98   69.09    0.56    0.09    0.06
  19 1715   24.32   22.54   78.99   -0.05   -1.10    0.07
  21 1715   24.21   22.16   57.40    0.88   -0.57    0.04
  23 1715   24.67   22.47   75.18    1.38    0.40   -0.04
   5 1745   24.91   21.94  102.87   -0.09    0.00    0.04
   7 1745   25.35   22.50    0.00   -0.23    0.61   -0.07
   3 1745   25.55   22.47    0.00   -0.56    0.28    0.07
  31 1745   25.45   22.64   50.29   -0.91   -0.03   -0.05
  27 1745  -99.00  -99.00   84.58    0.50   -0.11    0.12
  17 1745   25.15   22.17   77.72    0.04    0.59    0.07
  11 1745   24.66   22.09   69.09    0.21   -0.11   -0.01
  19 1745   24.82   22.54   78.99   -0.35   -0.79    0.01
  21 1745   25.09   22.52   57.40    0.20   -0.01    0.02
  23 1745   24.56   22.31   75.18    0.70   -0.34   -0.07
   5 1815   25.14   22.04  102.87   -0.44    0.00    0.03
   7 1815   25.58   22.44    0.00   -0.21    0.67   -0.09
   3 1815   25.72   22.57    0.00   -0.01    0.68    0.03
  31 1815   25.76   22.68   50.29   -0.75    0.68   -0.07
  27 1815  -99.00  -99.00  -99.00  -99.00  -99.00  -99.00
  17 1815   25.64   22.10   77.72   -0.03    0.63    0.06
  11 1815   25.13   22.20   69.09   -0.49    0.23    0.00
  19 1815   25.76   22.82   78.99   -0.10   -0.04    0.07
  21 1815   25.53   22.42   57.40   -0.53    1.17    0.02
  23 1815   25.07   22.39   75.18   -0.15    0.07   -0.05
   5 1845   25.81   22.08  102.87   -0.03    0.00    0.03
   7 1845   26.29   22.58    0.00    0.21    1.29   -0.05
   3 1845   26.42   22.69    0.00    0.11    1.06   -0.03
  31 1845   26.22   22.91   50.29   -0.85    0.85   -0.05
  27 1845  -99.00  -99.00   84.58   -0.37   -0.44   -0.05
  17 1845   26.06   22.31   77.72   -0.33    0.67    0.08
  11 1845   25.48   22.22   69.09   -0.21    0.87   -0.02
  19 1845   26.05   22.80   78.99   -0.26    0.58   -0.03
  21 1845   25.18   22.66   57.40   -1.03    1.23   -0.02
  23 1845   25.16   22.66   75.18    0.15    1.77    0.07
   5 1915   26.12   22.16  102.87    0.14    0.00    0.05
   7 1915   26.55   22.74    0.00   -0.22    1.11   -0.15
   3 1915   26.52   22.62    0.00   -0.62    0.79   -0.02
  31 1915   26.34   22.83   50.29   -0.79    1.22   -0.05
  27 1915  -99.00  -99.00  -99.00  -99.00  -99.00  -99.00
  17 1915   26.54   22.50   77.72   -0.60    1.12    0.11
  11 1915   25.35   22.33   69.09   -0.78    1.02   -0.05
  19 1915   25.75   22.75   78.99   -0.63    0.34    0.00
  21 1915  -99.00  -99.00  -99.00  -99.00  -99.00  -99.00
  23 1915   25.17   22.69   75.18    0.21    1.43    0.04
   5 1945   25.36   22.15  102.87   -0.13    0.00    0.06
   7 1945   25.79   22.70    0.00   -0.05    1.12   -0.12
   3 1945   25.86   22.70    0.00   -0.45    1.64   -0.05
  31 1945   25.87   22.79   50.29   -0.65    1.11   -0.03
  27 1945  -99.00  -99.00  -99.00  -99.00  -99.00  -99.00
  17 1945   25.77   22.45   77.98   -1.16    0.81    0.11
  11 1945   25.78   22.63   69.09   -0.89    1.42   -0.04
  19 1945   25.97   22.99   78.99   -0.47   -0.31    0.04
  21 1945  -99.00  -99.00  -99.00  -99.00  -99.00  -99.00
  23 1945   25.49   23.22   75.18    1.23    1.91    0.03
   5 2015   26.43   22.69  102.87   -0.99    0.00    0.11
   7 2015   26.82   23.26    0.00   -0.19    1.22   -0.13
   3 2015   26.81   23.25    0.00   -0.33    1.27   -0.02
  31 2015   26.42   23.18   50.29   -0.47    0.43   -0.01
  27 2015  -99.00  -99.00   84.58    0.33   -1.34    0.03
  17 2015   26.65   22.89   77.98   -0.97    0.09    0.11
  11 2015   26.88   23.07   69.09    0.59    1.36    0.01
  19 2015   27.10   23.44   78.99    0.07   -1.34    0.03
  21 2015   26.39   23.68   57.91    0.81    1.12    0.00
  23 2015   25.96   23.29   75.18    0.79    1.21   -0.01
   5 2045   26.90   22.81  102.87   -0.09    0.00    0.09
   7 2045   27.26   22.86    0.00    0.13    0.19   -0.03
   3 2045   27.56   23.11    0.00   -0.17    0.27   -0.03
  31 2045   27.90   23.67   50.29    0.24    0.17    0.10
  27 2045  -99.00  -99.00   84.58    0.07   -1.36    0.03
  17 2045   26.89   22.74   77.98    0.20   -0.54   -0.03
  11 2045   27.03   22.97   69.09    0.60   -0.02    0.03
  19 2045   27.35   23.23   78.99   -0.53   -0.14    0.01
  21 2045   26.07   23.48   57.91    0.22    3.29    0.00
  23 2045   26.68   23.32   75.18    0.72    0.92    0.03
   5 2115   26.37   22.67  102.87    0.16    0.00    0.00
   7 2115   26.79   22.86    0.00    0.34    0.01    0.09
   3 2115   27.37   23.18    0.00    0.82    0.37    0.02
  31 2115   27.89   23.13   50.29    0.35    0.58    0.05
  27 2115  -99.00  -99.00   84.58    0.43   -0.74    0.48
  17 2115   26.51   22.52   77.98   -0.04    0.45    0.03
  11 2115   25.69   23.00   69.09    0.76    2.88   -0.01
  19 2115   24.80   23.12   82.80    0.11    2.47   -0.06
  21 2115   26.51   23.52   57.91   -0.15    5.15    0.00
  23 2115   26.51   23.38   75.18    0.28    4.34    0.15
   5 2145   25.29   22.63  102.87    0.24    0.00    0.07
   7 2145   25.19   23.08    0.00    0.69    3.81   -0.15
   3 2145   25.53   23.08    0.00    0.71    3.45   -0.13
  31 2145   24.90   23.34   50.55    1.16    3.25    0.16
  27 2145  -99.00  -99.00  101.35    0.94    1.25    0.27
  17 2145   25.08   22.91   77.98   -0.77    2.71    0.15
  11 2145   24.09   23.06   69.85    2.08    2.89    0.01
  19 2145   24.63   23.19   83.82    0.29    1.12   -0.03
  21 2145   26.87   23.49   57.91    1.32    4.13    0.01
  23 2145   27.18   23.52   75.18    1.51    4.39    0.09
   5 2215   25.04   22.68  102.87    0.32    0.00    0.06
   7 2215   25.19   23.13    0.00    1.04    3.16   -0.04
   3 2215   25.60   23.22    0.00    0.88    2.91   -0.11
  31 2215   25.22   23.75   50.55    1.11    2.19    0.13
  27 2215  -99.00  -99.00  101.85    0.09   -0.26    0.01
  17 2215   24.47   22.80   77.98    0.45    1.73    0.09
  11 2215   24.60   23.34   70.10    1.39    1.97    0.00
  19 2215   24.16   23.19   84.33    1.81    0.83    0.01
  21 2215   26.27   23.21   57.91    2.36    1.66    0.04
  23 2215   27.39   23.48   75.18    2.01    2.63   -0.01
   5 2245   24.78   22.71  102.87    0.36    0.00    0.05
   7 2245   25.02   23.12    0.00    0.62    2.04   -0.02
   3 2245   25.40   23.14    0.00    0.40    2.29   -0.08
  31 2245   25.10   23.50   50.55    0.95    1.78    0.10
  27 2245  -99.00  -99.00  101.85   -0.45   -0.19   -0.15
  17 2245   23.93   22.92   77.98    0.43    0.57    0.02
  11 2245   24.67   23.27   70.10    0.75    0.89    0.01
  19 2245   24.08   23.10   84.58    1.96    0.90    0.01
  21 2245  -99.00  -99.00  -99.00  -99.00  -99.00  -99.00
  23 2245   26.23   23.09   75.18    2.14   -0.51   -0.08
   5 2315   24.75   22.74  102.87    1.07    0.00   -0.01
   7 2315   24.95   23.26    0.00    1.13    1.79    0.07
   3 2315   25.43   23.33    0.00    0.79    1.45   -0.04
  31 2315  -99.00  -99.00  -99.00  -99.00  -99.00  -99.00
  27 2315  -99.00  -99.00  -99.00  -99.00  -99.00  -99.00
  17 2315   24.22   22.97   77.98    1.11    1.48    0.05
  11 2315   24.26   23.12   70.10    1.48    1.44    0.00
  19 2315   23.77   22.57   84.84    2.69    3.09   -0.07
  21 2315   23.39   22.67   63.75    3.55   -0.08    0.05
  23 2315   24.35   22.77   75.69    3.55    0.69   -0.12
   5 2345   24.12   22.52  102.87    0.23    0.00    0.03
   7 2345   24.44   22.75    0.00    0.26    1.69   -0.08
   3 2345   24.66   23.12    0.00    0.53    2.04   -0.07
  31 2345   24.60   23.29   50.55    0.94    2.17    0.11
  27 2345  -99.00  -99.00  102.11    0.32    2.07    0.22
  17 2345   23.93   22.47   77.98   -0.33    0.89    0.06
  11 2345   23.32   22.39   70.10    0.08    1.87   -0.03
  19 2345   24.08   22.46   84.84    0.71    1.01   -0.03
  21 2345   23.56   22.69   63.75    1.36   -1.85    0.07
  23 2345   23.05   22.29   76.45    3.25   -0.53   -0.11
