   5   15   23.51   22.09  102.87    0.59    0.00    0.01
   7   15   23.79   22.71    0.00    0.27    0.48    0.01
   3   15   24.09   22.64    0.00    0.16    1.28   -0.02
  31   15   23.98   22.82   50.55   -0.11    1.15    0.00
  27   15  -99.00  -99.00  102.11    0.06    1.39    0.10
  17   15   23.85   22.67   77.98    0.18   -1.01   -0.01
  11   15   23.51   22.61   70.10    0.50    0.22    0.01
  19   15   24.03   23.24   84.84    0.26   -0.62    0.04
  21   15   23.81   22.71   64.01    0.42   -0.72    0.03
  23   15   23.43   22.35   76.45    1.77   -0.93   -0.06
   5   45   22.88   22.00  102.87    1.42    0.00   -0.03
   7   45   23.47   22.48    0.00    1.72    0.27    0.27
   3   45   23.63   22.58    0.00    1.42    0.60   -0.03
  31   45   23.94   22.67   50.55    1.37   -0.01    0.13
  27   45  -99.00  -99.00  102.11    0.27   -0.52    0.00
  17   45   23.48   22.46   77.98    0.77   -1.63   -0.07
  11   45   23.52   22.71   70.10    1.00   -0.57    0.05
  19   45   23.71   22.92   84.84    0.58   -1.09    0.07
  21   45   23.83   22.67   64.01    1.03   -0.41    0.03
  23   45   23.60   22.49   76.45    1.52   -0.48   -0.04
   5  115   22.70   21.93  102.87    0.17    0.00    0.00
   7  115   23.44   22.43    0.00    0.71    0.08    0.21
   3  115   23.39   22.39    0.00    0.52    0.69   -0.02
  31  115  -99.00  -99.00  -99.00  -99.00  -99.00  -99.00
  27  115  -99.00  -99.00  102.11    0.49    1.02    0.16
  17  115   23.52   22.36   77.98    0.69   -1.71   -0.08
  11  115   23.31   22.36   70.10    0.66   -0.82    0.05
  19  115   23.64   22.82   84.84    0.17   -0.43    0.03
  21  115   23.33   22.58   64.01    0.31   -0.81    0.03
  23  115   23.05   22.18   76.45    1.65   -0.51   -0.04
   5  145   23.22   21.84  102.87   -0.03    0.00    0.00
   7  145   24.13   22.35    0.00   -0.02   -0.06    0.01
   3  145   23.97   22.28    0.00    0.07    0.35    0.00
  31  145  -99.00  -99.00  -99.00  -99.00  -99.00  -99.00
  27  145  -99.00  -99.00  102.11   -0.19    1.00   -0.02
  17  145   23.68   22.38   77.98   -0.73   -0.31    0.02
  11  145   23.30   22.17   70.10   -0.07    0.15    0.01
  19  145   23.40   22.69   84.84   -0.39    0.51   -0.03
  21  145   23.02   22.31   64.01   -0.59   -0.39    0.01
  23  145   22.48   21.92   76.45    0.52    0.00   -0.01
   5  215   23.01   21.63  102.87   -0.94    0.00    0.03
   7  215   23.69   22.27    0.00   -0.93    0.17   -0.15
   3  215   24.19   22.20    0.00   -0.75    0.49   -0.01
  31  215  -99.00  -99.00  -99.00  -99.00  -99.00  -99.00
  27  215  -99.00  -99.00  102.11   -0.43    0.75   -0.04
  17  215   23.13   22.45   77.98   -0.92    0.41    0.05
  11  215   23.44   22.16   70.10   -0.51    0.37    0.00
  19  215   23.05   22.57   84.84   -0.83    1.15   -0.05
  21  215  -99.00  -99.00  -99.00  -99.00  -99.00  -99.00
  23  215   21.94   21.55   76.45   -0.98    0.77    0.05
   5  245   23.33   21.68  102.87   -1.81    0.00    0.07
   7  245   23.64   22.23    0.00   -1.01    0.97   -0.29
   3  245   23.65   22.10    0.00   -1.51    0.77   -0.01
  31  245   22.74   22.10   50.55   -1.01    0.50   -0.05
  27  245  -99.00  -99.00  102.11   -1.33    1.49   -0.17
  17  245   22.80   22.34   77.98   -0.73    0.95    0.07
  11  245   22.47   21.83   70.10   -1.34    1.48   -0.04
  19  245   22.70   22.36   84.84   -0.89    1.29   -0.05
  21  245  -99.00  -99.00  -99.00  -99.00  -99.00  -99.00
  23  245   22.27   21.49   76.45   -0.55    0.73    0.02
   5  315   22.31   21.22  102.87   -1.48    0.00    0.09
   7  315   22.52   21.71    0.00   -1.13    1.37   -0.35
   3  315   22.78   21.76    0.00   -1.81    2.07   -0.07
  31  315   22.60   21.97   50.55   -1.02    0.95   -0.02
  27  315  -99.00  -99.00  102.11   -1.03    1.39   -0.13
  17  315   22.47   21.95   77.98   -0.36    0.33    0.00
  11  315   21.91   21.22   70.10   -1.09    1.53   -0.03
  19  315   22.40   22.04   84.84   -0.31    1.00   -0.03
  21  315  -99.00  -99.00  -99.00  -99.00  -99.00  -99.00
  23  315   22.26   21.43   76.45   -0.32    0.75    0.02
   5  345   21.76   20.80  102.87   -0.98    0.00    0.11
   7  345   21.95   21.20    0.00   -0.60    1.36   -0.21
   3  345   22.83   21.50    0.00   -1.95    2.20   -0.07
  31  345   22.42   21.77   50.55   -0.47    0.69    0.00
  27  345  -99.00  -99.00  102.11   -0.15    0.66    0.01
  17  345   21.99   21.55   77.98   -1.35    0.31    0.04
  11  345   21.63   20.98   70.10   -1.29    1.53   -0.04
  19  345   22.21   21.77   84.84   -0.19    0.47    0.00
  21  345  -99.00  -99.00  -99.00  -99.00  -99.00  -99.00
  23  345   22.23   21.48   76.45   -0.42    0.85    0.02
   5  415   21.34   20.55  102.87   -0.19    0.00    0.05
   7  415   22.08   21.22    0.00   -0.21    1.87   -0.17
   3  415   22.68   21.45    0.00   -1.27    2.79   -0.08
  31  415   21.88   21.35   50.55   -0.46    0.77    0.00
  27  415  -99.00  -99.00  102.11   -0.43    0.81   -0.02
  17  415   21.70   21.29   77.98   -1.02    0.29    0.05
  11  415   21.83   21.22   70.10   -1.35    1.86   -0.03
  19  415   21.77   21.51   84.84   -0.52    0.64   -0.01
  21  415  -99.00  -99.00  -99.00  -99.00  -99.00  -99.00
  23  415   22.37   21.69   76.45   -0.39    0.65    0.01
   5  445   21.15   20.50  102.87   -0.47    0.00    0.07
   7  445   21.71   21.03    0.00   -0.47  -11.92   -0.19
   3  445   22.71   21.60    0.00   -1.45    3.15   -0.11
  31  445   21.56   21.17   50.55   -0.32    0.69    0.00
  27  445  -99.00  -99.00  102.11   -1.02    1.21   -0.10
  17  445   21.43   21.06   77.98   -0.99    0.19    0.02
  11  445   21.73   21.23   70.10   -1.30    1.58   -0.01
  19  445   21.60   21.29   84.84   -0.14    0.47    0.00
  21  445  -99.00  -99.00  -99.00  -99.00  -99.00  -99.00
  23  445   22.45   21.79   76.45   -0.54    0.47    0.01
   5  515   21.44   20.76  102.87   -0.64    0.00    0.06
   7  515  -99.00  -99.00  -99.00  -99.00  -99.00  -99.00
   3  515   23.20   21.92    0.00   -1.86    3.17   -0.11
  31  515   21.58   21.24   50.55   -0.19    0.47    0.00
  27  515  -99.00  -99.00  102.11   -0.09    0.39    0.03
  17  515   21.22   20.91   77.98   -0.92    0.30    0.02
  11  515   21.63   21.18   70.10   -1.08    1.44   -0.01
  19  515   21.85   21.41   84.84    0.01    0.17   -0.01
  21  515   22.29   21.89   64.01   -1.31    1.17    0.00
  23  515   22.05   21.60   76.45   -0.35    1.15    0.02
   5  545   21.23   20.74  102.87   -0.53    0.00    0.10
   7  545   21.89   21.35    0.00   -1.20    2.13   -0.35
   3  545   22.76   21.89    0.00   -1.54    3.05   -0.08
  31  545   21.13   20.88   50.55    0.01    0.16    0.00
  27  545  -99.00  -99.00  102.11   -0.02   -0.05   -0.01
  17  545   21.28   20.91   77.98   -1.31    0.00    0.04
  11  545   21.57   21.21   70.10   -0.96    1.36   -0.01
  19  545   21.70   21.34   84.84   -0.37    0.55   -0.04
  21  545   21.88   21.61   64.01   -0.97    1.38    0.00
  23  545   21.48   21.21   76.45    0.00    1.28    0.00
   5  615   21.12   20.78  102.87   -0.53    0.00    0.09
   7  615  -99.00  -99.00  -99.00  -99.00  -99.00  -99.00
   3  615   22.60   21.87    0.00   -1.19    3.23   -0.08
  31  615   21.30   21.11   50.55   -0.02    0.25    0.00
  27  615  -99.00  -99.00  102.11    0.25    0.05    0.07
  17  615   21.38   21.03   77.98   -1.59    0.11    0.05
  11  615   21.53   21.19   70.10   -0.75    1.51   -0.03
  19  615   21.47   21.22   85.09   -0.25    0.56   -0.03
  21  615   21.94   21.61   64.01   -0.99    1.25    0.00
  23  615   21.42   21.21   76.45    0.43    1.07   -0.01
   5  645   21.29   20.89  102.87    0.16    0.00   -0.02
   7  645   22.14   21.70    0.00   -1.46    2.65   -0.41
   3  645   22.83   21.93    0.00   -0.80    3.48   -0.09
  31  645   21.06   20.81   50.55    0.23    0.49    0.00
  27  645  -99.00  -99.00  102.11   -0.03    0.21    0.04
  17  645   21.33   21.03   77.98   -1.07    0.18    0.02
  11  645   21.65   21.24   70.10   -0.61    1.59   -0.02
  19  645   21.28   21.09   85.09   -0.51    0.42   -0.01
  21  645   21.74   21.42   64.01   -1.03    1.39   -0.01
  23  645   21.19   21.03   76.45   -0.16    0.85    0.01
   5  715   21.26   20.85  102.87    0.01    0.00    0.02
   7  715   21.91   21.52    0.00   -1.54    2.72   -0.45
   3  715   22.69   21.79    0.00   -0.87    3.49   -0.10
  31  715   21.15   20.87   50.55    0.01    0.37    0.00
  27  715  -99.00  -99.00  102.11   -0.01    0.17    0.03
  17  715   21.01   20.81   77.98   -1.22    0.16    0.04
  11  715   21.57   21.16   70.10   -0.69    1.67   -0.01
  19  715   21.25   21.05   85.09   -0.65    1.31   -0.06
  21  715   21.82   21.46   64.01   -0.91    1.30    0.00
  23  715   21.28   21.18   76.45   -0.27    0.33    0.00
   5  745   21.15   20.78  102.87    0.18    0.00   -0.05
   7  745   22.02   21.56    0.00   -1.39    3.06   -0.43
   3  745   22.93   21.87    0.00   -0.68    3.88   -0.12
  31  745   21.49   21.13   50.55    0.31    0.92    0.01
  27  745  -99.00  -99.00  102.11    0.03    0.25    0.08
  17  745   21.24   20.99   77.98   -1.04    0.19    0.01
  11  745  -99.00  -99.00  -99.00  -99.00  -99.00  -99.00
  19  745   21.45   21.18   85.09   -0.09    0.72   -0.01
  21  745   21.91   21.52   64.01   -0.85    1.47   -0.01
  23  745   21.33   21.23   76.45   -0.02    0.52    0.00
   5  815   21.36   20.91  102.87    0.07    0.00   -0.05
   7  815   21.94   21.47    0.00   -1.04    2.55   -0.23
   3  815   22.88   21.79    0.00   -0.53    3.55   -0.11
  31  815   22.11   21.56   50.55    0.62    1.83    0.05
  27  815  -99.00  -99.00  102.11   -0.15    1.41    0.11
  17  815   21.28   21.01   77.98   -1.03    0.29    0.01
  11  815  -99.00  -99.00  -99.00  -99.00  -99.00  -99.00
  19  815   21.19   20.95   85.09   -0.65    1.04   -0.01
  21  815  -99.00  -99.00  -99.00  -99.00  -99.00  -99.00
  23  815   21.39   21.28   76.45   -0.16    0.93    0.01
   5  845   21.41   20.89  102.87   -0.04    0.00    0.02
   7  845   21.99   21.49    0.00   -1.60    2.61   -0.44
   3  845   22.75   21.74    0.00   -1.04    3.40   -0.08
  31  845   21.87   21.41   50.55   -0.28    0.88    0.01
  27  845  -99.00  -99.00  -99.00  -99.00  -99.00  -99.00
  17  845   21.28   20.96   77.98   -1.26   -0.05    0.02
  11  845   21.67   21.31   70.10   -0.99    1.41   -0.01
  19  845   21.20   20.95   85.09   -0.75    0.78   -0.03
  21  845   22.11   21.88   64.01   -1.22    1.39   -0.02
  23  845   21.50   21.42   76.45   -0.34    0.41    0.00
   5  915   21.70   21.17  102.87   -0.57    0.00    0.13
   7  915   21.86   21.47    0.00   -0.91    2.39   -0.30
   3  915   22.63   21.92    0.00   -1.19    3.65   -0.11
  31  915   22.12   21.79   50.80   -0.57    1.52   -0.01
  27  915  -99.00  -99.00  -99.00  -99.00  -99.00  -99.00
  17  915   21.35   21.04   77.98   -1.44    0.70    0.05
  11  915   21.95   21.70   70.10   -0.81    1.72   -0.01
  19  915   21.57   21.34   85.09   -0.51    0.96   -0.03
  21  915   22.39   22.17   64.01   -1.19    1.87    0.00
  23  915   21.72   21.61   76.45   -0.45    0.73    0.03
   5  945   22.02   21.61  102.87   -0.73    0.00    0.11
   7  945  -99.00  -99.00  -99.00  -99.00  -99.00  -99.00
   3  945   22.89   22.27    0.00   -1.15    3.37   -0.10
  31  945   22.87   22.45   50.80   -0.55    1.56   -0.01
  27  945  -99.00  -99.00  -99.00  -99.00  -99.00  -99.00
  17  945   21.75   21.46   77.98   -1.36    0.45    0.05
  11  945   22.48   22.16   70.10   -1.09    2.01   -0.04
  19  945   21.81   21.62   85.09   -0.91    0.87   -0.02
  21  945   22.78   22.48   64.01   -1.53    2.16    0.03
  23  945   21.90   21.80   76.45   -0.90    0.79    0.06
   5 1015   22.36   21.89  102.87   -0.54    0.00    0.09
   7 1015  -99.00  -99.00  -99.00  -99.00  -99.00  -99.00
   3 1015   23.09   22.50    0.00   -0.93    2.94   -0.09
  31 1015  -99.00  -99.00  -99.00  -99.00  -99.00  -99.00
  27 1015  -99.00  -99.00  -99.00  -99.00  -99.00  -99.00
  17 1015   22.16   21.84   77.98   -0.95    0.58    0.04
  11 1015   22.61   22.32   70.10   -0.92    2.05   -0.03
  19 1015   22.30   22.03   85.09   -0.65    0.81    0.00
  21 1015   22.97   22.73   64.01   -1.71    2.01    0.01
  23 1015   22.01   21.93   76.45   -1.06    0.53    0.05
   5 1045   22.28   21.98  102.87   -0.45    0.00    0.05
   7 1045   22.75   22.49    0.00   -0.03    1.57   -0.11
   3 1045   22.88   22.50    0.00   -0.72    1.74   -0.05
  31 1045   22.82   22.53   50.80   -0.39    0.84   -0.01
  27 1045  -99.00  -99.00  -99.00  -99.00  -99.00  -99.00
  17 1045   22.38   22.05   77.98   -0.97    0.57    0.06
  11 1045   22.53   22.33   70.10   -0.64    1.83   -0.04
  19 1045   22.44   22.19   85.09   -0.46    0.39    0.00
  21 1045   23.00   22.88   64.01   -1.05    1.93    0.00
  23 1045   22.64   22.57   76.45   -0.57    1.49    0.05
   5 1115   22.01   21.91  102.87   -0.02    0.00    0.05
   7 1115   22.69   22.55    0.00   -0.07    2.55   -0.19
   3 1115   22.72   22.52    0.00   -0.12    2.99   -0.10
  31 1115   22.73   22.60   50.80    0.34    2.18    0.05
  27 1115  -99.00  -99.00  -99.00  -99.00  -99.00  -99.00
  17 1115  -99.00  -99.00  -99.00  -99.00  -99.00  -99.00
  11 1115   22.61   22.51   70.10   -0.05    2.57   -0.04
  19 1115   22.79   22.67   85.09   -0.35    1.53   -0.05
  21 1115   22.92   22.82   64.01   -0.18    1.77    0.01
  23 1115   22.80   22.75   76.45    0.61    1.91    0.03
   5 1145   22.02   22.02  102.87   -0.11    0.00    0.05
   7 1145  -99.00  -99.00  -99.00  -99.00  -99.00  -99.00
   3 1145   22.68   22.59    0.00   -0.15    2.65   -0.08
  31 1145   22.79   22.71   50.80    0.62    1.86    0.05
  27 1145  -99.00  -99.00  -99.00  -99.00  -99.00  -99.00
  17 1145  -99.00  -99.00  -99.00  -99.00  -99.00  -99.00
  11 1145   22.65   22.58   70.10    0.15    1.86   -0.01
  19 1145   22.69   22.61   85.09   -0.23    1.70   -0.05
  21 1145   22.75   22.66   64.01   -0.41    2.13    0.01
  23 1145   22.77   22.71   76.45    0.35    2.28    0.07
   5 1215   22.01   22.01  102.87   -0.11    0.00    0.05
   7 1215   22.62   22.57    0.00    0.07    3.07   -0.23
   3 1215   22.67   22.57    0.00   -0.16    2.93   -0.07
  31 1215   22.78   22.71   50.80    0.41    2.05    0.06
  27 1215  -99.00  -99.00  -99.00  -99.00  -99.00  -99.00
  17 1215   22.48   22.41    0.00   -0.95    1.85    0.11
  11 1215   22.64   22.57   70.10   -0.30    3.15   -0.03
  19 1215   22.78   22.69   85.09   -0.65    2.63   -0.07
  21 1215   22.91   22.82   64.01   -0.83    3.53   -0.01
  23 1215   22.85   22.80   76.45    0.03    3.11    0.11
   5 1245   22.37   22.35  102.87   -0.01    0.00    0.10
   7 1245   22.96   22.88  -99.00  -99.00  -99.00  -99.00
   3 1245   23.00   22.87    0.00    0.27    3.77   -0.15
  31 1245   23.19   23.08   50.80    0.51    2.64    0.07
  27 1245  -99.00  -99.00  -99.00  -99.00  -99.00  -99.00
  17 1245   22.77   22.68    0.00   -0.84    2.08    0.13
  11 1245   22.90   22.83   70.10    0.11    3.92   -0.03
  19 1245   23.22   23.06   85.09   -0.70    3.36   -0.09
  21 1245   23.18   23.08   64.01   -0.14    3.87    0.00
  23 1245   23.04   22.99   76.45    0.59    3.14    0.08
   5 1315   22.70   22.63  102.87   -0.19    0.00    0.11
   7 1315   23.32   23.23    0.00    0.35    3.73   -0.24
   3 1315   23.30   23.12    0.00   -0.03    4.00   -0.15
  31 1315   23.49   23.37   50.80    0.58    3.21    0.09
  27 1315  -99.00  -99.00  102.11    0.27    3.24    0.29
  17 1315   23.20   23.07    0.00   -0.57    2.34    0.15
  11 1315   23.24   23.15   70.10    0.21    3.75   -0.03
  19 1315   23.54   23.29   85.09   -0.57    3.29   -0.09
  21 1315   23.38   23.21   64.01   -0.09    3.77   -0.01
  23 1315   23.28   23.19   76.45    0.59    3.37    0.09
   5 1345   23.24   22.96  102.87   -0.08    0.00    0.11
   7 1345   23.71   23.45    0.00    0.59    4.25   -0.23
   3 1345   23.94   23.46    0.00    0.13    4.01   -0.13
  31 1345   23.88   23.59   50.80    0.79    3.38    0.11
  27 1345  -99.00  -99.00  102.11   -1.80    4.12    0.43
  17 1345   23.60   23.32    0.00   -0.97    2.51    0.16
  11 1345   23.55   23.35   70.10    0.07    3.79   -0.05
  19 1345   24.09   23.54   85.09   -0.20    3.81   -0.13
  21 1345   23.88   23.38   64.01   -0.61    4.71   -0.01
  23 1345   23.61   23.38    0.00    0.05    3.74    0.11
   5 1415   24.36   23.33  102.87   -0.27    0.00    0.14
   7 1415   24.51   23.74    0.00    0.31    4.16   -0.29
   3 1415   25.00   23.79    0.00    0.26    4.35   -0.15
  31 1415   24.62   23.82   50.80    0.91    4.21    0.10
  27 1415  -99.00  -99.00  102.11    0.25    3.75    0.35
  17 1415   24.52   23.69    0.00   -1.09    2.68    0.15
  11 1415   24.27   23.61   70.10    0.05    4.23   -0.05
  19 1415   24.91   23.82   85.09   -0.19    4.12   -0.12
  21 1415   24.40   23.44   64.01   -0.75    4.80    0.02
  23 1415   23.96   23.49    0.00    0.30    4.02    0.12
   5 1445   25.40   23.64  102.87    1.00    0.00    0.11
   7 1445   25.12   23.77    0.00    1.12    4.27   -0.09
   3 1445   25.94   24.05    0.00    0.77    4.09   -0.12
  31 1445   25.90   24.23   50.80    0.47    3.75    0.07
  27 1445  -99.00  -99.00  -99.00  -99.00  -99.00  -99.00
  17 1445   25.73   23.92    0.00   -1.11    3.28    0.24
  11 1445   25.14   23.89   70.10    0.45    3.98   -0.03
  19 1445   25.70   24.08   85.09   -0.10    3.87   -0.12
  21 1445   25.55   23.91   64.01   -0.11    3.98    0.01
  23 1445   25.34   23.98    0.00    0.43    3.46    0.11
   5 1515   26.39   23.82  102.87    1.45    0.00    0.04
   7 1515   26.33   24.17    0.00    1.23    3.73   -0.03
   3 1515   26.93   24.30    0.00    1.77    4.32   -0.20
  31 1515   26.99   24.56   50.80    0.86    3.43    0.16
  27 1515  -99.00  -99.00  -99.00  -99.00  -99.00  -99.00
  17 1515   26.82   24.30    0.00    0.00    2.79    0.17
  11 1515   26.33   24.32   70.10    1.13    3.17   -0.05
  19 1515   26.96   24.59   85.09    0.31    3.40   -0.11
  21 1515   26.90   24.37   64.01    0.14    3.44    0.00
  23 1515   26.82   24.38    0.00    0.16    3.19    0.14
   5 1545   27.67   24.26  102.87    0.91    0.00    0.09
   7 1545   27.19   24.39    0.00    0.53    2.87   -0.17
   3 1545   28.05   24.71    0.00    2.09    3.38   -0.11
  31 1545   28.00   24.73   50.80    0.91    3.07    0.13
  27 1545  -99.00  -99.00  -99.00  -99.00  -99.00  -99.00
  17 1545   27.86   24.41    0.00    0.53    2.95    0.14
  11 1545   27.47   24.55   70.10    0.55    3.13    0.01
  19 1545   27.41   24.55   85.09    0.81    2.89   -0.08
  21 1545   27.31   24.55   64.01   -0.77    4.06    0.02
  23 1545   27.57   24.59    0.00   -0.45    3.65    0.17
   5 1615   28.28   24.25  102.87    0.55    0.00    0.08
   7 1615   28.18   24.41    0.00    0.60    3.18   -0.17
   3 1615   28.59   24.66    0.00    1.25    2.67   -0.09
  31 1615   28.64   24.63   50.80    0.83    2.81    0.15
  27 1615  -99.00  -99.00  -99.00  -99.00  -99.00  -99.00
  17 1615   28.28   24.34    0.00    0.78    2.32    0.15
  11 1615   27.33   24.37   70.10   -0.25    3.35   -0.07
  19 1615   27.88   24.64   85.09   -0.07    2.95   -0.07
  21 1615   27.97   24.69   64.01   -1.15    4.43    0.00
  23 1615   27.84   24.57    0.00    0.13    3.66    0.16
   5 1645   28.77   24.29  102.87    0.13    0.00    0.12
   7 1645   28.41   24.51    0.00   -0.01    2.39   -0.20
   3 1645   29.05   24.71    0.00    0.13    2.73   -0.09
  31 1645   28.98   25.02   50.80   -0.31    2.91    0.03
  27 1645  -99.00  -99.00  -99.00  -99.00  -99.00  -99.00
  17 1645   28.97   24.63    0.00   -0.98    3.11    0.22
  11 1645   28.12   24.61   70.10   -0.79    3.51   -0.04
  19 1645   28.54   24.89   85.09   -1.67    3.57   -0.10
  21 1645   28.25   24.59   64.01   -0.97    4.15    0.03
  23 1645   28.16   24.49    0.00   -0.35    3.38    0.14
   5 1715   28.64   24.31  102.87   -0.02    0.00    0.09
   7 1715   28.81   24.72    0.00    0.34    3.45   -0.19
   3 1715   29.12   24.80    0.00   -0.37    3.61   -0.13
  31 1715   29.44   25.06   50.80   -1.27    3.51   -0.04
  27 1715  -99.00  -99.00  -99.00  -99.00  -99.00  -99.00
  17 1715   29.08   24.62    0.00   -1.16    3.74    0.25
  11 1715   28.83   24.65   70.10   -0.61    3.95   -0.01
  19 1715   29.02   24.85   85.09   -1.33    3.45   -0.11
  21 1715   28.77   24.73   64.01   -0.80    3.59    0.04
  23 1715   28.54   24.39    0.00    0.07    3.23    0.09
   5 1745   29.34   24.28  102.87   -0.63    0.00    0.16
   7 1745   29.75   24.80    0.00   -0.41    3.54   -0.35
   3 1745   29.87   24.70    0.00   -0.91    3.69   -0.15
  31 1745   30.25   24.96   50.80   -1.16    3.26   -0.07
  27 1745  -99.00  -99.00  -99.00  -99.00  -99.00  -99.00
  17 1745   29.48   27.74    0.00   -0.91    3.77    0.18
  11 1745   29.07   24.42   70.10   -0.67    3.55   -0.05
  19 1745   29.41   24.78   85.09   -1.52    3.07   -0.10
  21 1745   29.36   24.64   64.01   -1.23    2.99    0.04
  23 1745   29.24   24.47    0.00   -0.71    2.75    0.19
   5 1815   29.74   23.87  102.87   -1.34    0.00    0.16
   7 1815   30.14   24.63    0.00    0.14    3.78   -0.29
   3 1815   30.52   24.54    0.00   -0.83    3.37   -0.08
  31 1815   30.66   24.58   50.80   -1.25    3.10   -0.07
  27 1815  -99.00  -99.00  -99.00  -99.00  -99.00  -99.00
  17 1815   29.98   24.36    0.00   -2.01    3.46    0.27
  11 1815   29.73   24.47   70.10   -1.45    3.36   -0.02
  19 1815   29.99   24.81   85.09   -2.10    2.79   -0.06
  21 1815   29.95   24.41   64.01   -1.78    3.55   -0.01
  23 1815   29.89   24.37    0.00   -1.14    3.17    0.21
   5 1845   30.40   23.75  102.87   -0.46    0.00    0.15
   7 1845   31.12   24.87    0.00   -0.72    3.36   -0.35
   3 1845   31.14   24.57    0.00   -1.59    3.29   -0.09
  31 1845   31.38   24.61   50.80   -1.30    3.45   -0.01
  27 1845  -99.00  -99.00  102.11   -1.56    3.47   -0.05
  17 1845   30.64   24.09    0.00   -2.35    3.64    0.31
  11 1845   30.30   24.38   70.10   -2.38    4.01   -0.08
  19 1845   30.46   24.78   85.09   -2.25    3.81   -0.11
  21 1845   30.76   24.47   64.01   -1.99    4.41    0.04
  23 1845   30.61   24.58    0.00   -1.09    3.53    0.20
   5 1915   30.95   23.99  102.87   -0.65    0.00    0.18
   7 1915   31.58   24.63    0.00    0.67    4.53   -0.17
   3 1915   31.58   24.53    0.00   -1.28    4.08   -0.13
  31 1915   31.80   24.68   50.80   -1.29    4.19   -0.03
  27 1915  -99.00  -99.00   16.51  -12.12   -6.45    3.51
  17 1915   31.23   24.38    0.00   -1.46    4.26    0.29
  11 1915   30.84   24.26   70.10   -1.37    5.03   -0.09
  19 1915   30.91   24.41   85.09   -1.41    4.33   -0.13
  21 1915   31.37   24.57   64.01   -1.29    5.11    0.06
  23 1915   31.01   24.46    0.00   -1.67    3.96    0.23
   5 1945   31.50   24.08  102.87   -0.01    0.00    0.19
   7 1945   31.91   24.69    0.00    0.45    4.87   -0.27
   3 1945   31.75   24.44    0.00   -0.50    4.68   -0.17
  31 1945  -99.00  -99.00  -99.00  -99.00  -99.00  -99.00
  27 1945    1.88   12.92    5.59   19.84   -4.98   15.09
  17 1945   31.49   24.29    0.00   -0.74    4.76    0.27
  11 1945   31.12   24.37   70.10   -1.50    5.17   -0.07
  19 1945   31.30   24.82   85.09   -1.22    4.92   -0.17
  21 1945   31.22   24.78   64.01   -2.01    5.03    0.05
  23 1945   31.44   24.49    0.00   -0.71    5.21    0.22
   5 2015   31.47   24.24  102.87   -1.49    0.00    0.28
   7 2015   32.28   25.11    0.00    0.45    5.06   -0.27
   3 2015   31.96   24.74    0.00   -0.64    5.06   -0.19
  31 2015   32.33   24.95   50.80   -0.97    4.64   -0.05
  27 2015   31.64   24.74    0.00   -0.75    5.45    0.33
  17 2015   31.26   24.58    0.00   -2.24    4.73    0.33
  11 2015   31.47   24.65   70.10   -0.39    5.53   -0.03
  19 2015   31.44   25.22   85.09   -2.28    4.63   -0.10
  21 2015   31.86   25.31   64.01   -1.45    5.55    0.07
  23 2015   31.41   24.76    0.00   -0.61    4.73    0.19
   5 2045   31.55   24.63  102.87   -0.52    0.00    0.19
   7 2045   31.81   25.35    0.00    0.25    5.08   -0.32
   3 2045   32.54   25.39    0.00    0.01    5.20   -0.17
  31 2045   32.33   25.38   50.80   -1.22    4.39   -0.06
  27 2045   31.90   25.19    0.00   -1.17    4.81    0.21
  17 2045   31.81   25.16    0.00   -2.09    5.09    0.35
  11 2045   31.50   25.14   70.10   -1.29    5.77   -0.08
  19 2045   31.83   25.71   85.09   -1.62    5.29   -0.13
  21 2045   32.23   25.58   64.01   -1.35    6.05    0.05
  23 2045   31.77   25.31    0.00   -0.67    5.33    0.23
   5 2115   31.71   24.90  102.87   -0.35    0.00    0.19
   7 2115   32.49   25.64    0.00    0.28    5.34   -0.36
   3 2115   32.00   25.35    0.00   -0.47    5.26   -0.21
  31 2115   32.34   25.60   50.80   -0.67    4.73    0.02
  27 2115   31.81   25.26    0.00   -0.69    5.47    0.32
  17 2115   31.78   25.03    0.00   -1.49    5.43    0.31
  11 2115   31.80   25.42   70.10   -1.35    6.21   -0.06
  19 2115   31.80   25.54    4.83   -1.73    5.53   -0.18
  21 2115   32.32   25.77   64.01   -1.79    5.91    0.03
  23 2115   31.96   25.54    0.00   -1.39    5.89    0.24
   5 2145   31.92   25.32  102.87   -1.46    0.00    0.25
   7 2145   32.50   26.05    0.00    0.33    5.91   -0.35
   3 2145   32.28   25.81    0.00   -1.63    6.23   -0.23
  31 2145   32.14   25.90   50.80   -1.59    5.34   -0.11
  27 2145   32.13   25.68    0.00   -0.64    6.69    0.40
  17 2145   31.70   25.48    0.00   -2.03    5.87    0.36
  11 2145   31.36   25.66   70.10   -1.98    6.36   -0.09
  19 2145   31.77   25.98    0.00   -2.32    6.15   -0.18
  21 2145   32.27   26.05   64.01   -3.15    6.37    0.05
  23 2145   31.36   25.63    0.00   -2.09    5.96    0.33
   5 2215   31.77   25.36  102.87   -0.87    0.00    0.27
   7 2215   32.55   26.13    0.00    0.15    6.37   -0.43
   3 2215   32.46   26.13    0.00   -1.37    6.43   -0.21
  31 2215   32.02  -99.00  -99.00  -99.00  -99.00  -99.00
  27 2215   32.19   26.08    0.00   -1.64    6.43    0.27
  17 2215   31.79   25.42    0.00   -2.00    6.51    0.37
  11 2215   31.65   25.79   70.10   -2.31    7.09   -0.14
  19 2215   32.00   25.81    0.00   -2.64    7.13   -0.25
  21 2215   32.54   25.96   64.01   -2.49    7.07    0.07
  23 2215   31.67   25.81    0.00   -2.05    6.13    0.33
   5 2245   31.28   25.14  102.87   -0.19    0.00    0.22
   7 2245   31.78   25.68    0.00    0.72    5.99   -0.29
   3 2245   32.23   25.72    0.00   -0.77    6.83   -0.23
  31 2245  -99.00  -99.00  -99.00  -99.00  -99.00  -99.00
  27 2245   32.19   25.86    0.00   -0.45    6.76    0.50
  17 2245   31.62   25.11    0.00   -1.50    6.11    0.38
  11 2245   31.73   25.51   70.10   -1.07    7.32   -0.10
  19 2245   32.01   25.43    0.00   -1.03    7.37   -0.23
  21 2245   32.11   25.83   64.01   -2.29    7.30    0.05
  23 2245   31.99   25.68    0.00   -0.15    6.88    0.30
   5 2315   31.25   24.75  102.87    0.46    0.00    0.15
   7 2315   31.82   25.29    0.00    1.16    6.83   -0.26
   3 2315   31.75   25.51    0.00    0.95    5.61   -0.19
  31 2315   31.95   25.90  -99.00  -99.00  -99.00  -99.00
  27 2315   31.56   25.49    0.00   -0.15    7.00    0.59
  17 2315   31.59   24.99    0.00    0.35    5.33    0.33
  11 2315   31.72   25.68   70.10   -1.27    6.89   -0.08
  19 2315   31.77   25.26    0.00    0.03    6.86   -0.21
  21 2315   31.58   25.54   64.01   -1.99    7.41    0.03
  23 2315   31.34   25.61    0.00   -0.72    6.43    0.29
   5 2345   31.00   24.74  102.87    1.21    0.00    0.15
   7 2345   31.73   25.41    0.00    1.51    6.63   -0.14
   3 2345   31.78   25.34    0.00    1.79    6.38   -0.21
  31 2345  -99.00  -99.00  -99.00  -99.00  -99.00  -99.00
  27 2345   31.53   25.46    0.00    0.13    6.69    0.52
  17 2345   31.16   24.70    0.00    1.74    5.65    0.24
  11 2345   31.05   25.13   70.10    0.23    6.87   -0.05
  19 2345   31.34   25.29    0.00    1.19    5.86   -0.15
  21 2345   31.50   25.16   64.01    0.41    7.13    0.05
  23 2345   31.29   25.10    0.00    0.00    6.52    0.26
