   5   15   30.09   24.51  102.87    1.23    0.00    0.11
   7   15   30.63   25.11    0.00    1.23    5.33   -0.10
   3   15   30.89   24.91    0.00    1.73    5.98   -0.21
  31   15  -99.00  -99.00  -99.00  -99.00  -99.00  -99.00
  27   15   31.46   25.04    0.00    1.16    6.51    0.71
  17   15   30.40   24.74    0.00    1.23    5.41    0.29
  11   15   30.50   24.58   70.10    1.27    6.34   -0.07
  19   15   30.55   25.18    0.00    0.57    5.27   -0.12
  21   15   31.07   24.82   64.01    0.60    6.86   -0.02
  23   15   30.74   24.92    0.00    0.91    5.49    0.17
   5   45   29.38   24.33  102.87    0.60    0.00    0.11
   7   45   30.05   24.95    0.00    0.76    4.96   -0.18
   3   45   30.19   24.76    0.00    1.03    4.89   -0.14
  31   45   30.35   24.90   50.80    0.73    5.17    0.12
  27   45   30.66   24.94    0.00    0.62    5.00    0.54
  17   45   29.89   24.60    0.00    0.67    4.99    0.25
  11   45   29.81   24.57   70.10    0.89    5.51   -0.07
  19   45   30.15   24.96    0.00    0.13    4.99   -0.15
  21   45   30.41   24.85   64.01    0.31    5.41    0.03
  23   45   29.62   24.99    0.00    0.37    3.13    0.10
   5  115   28.55   24.03  102.87    0.30    0.00    0.11
   7  115   29.14   24.61    0.00    0.53    4.25   -0.21
   3  115   29.39   24.55    0.00    0.48    3.95   -0.16
  31  115   29.30   24.69   50.80    0.38    3.84    0.06
  27  115   29.82   24.94    0.00   -0.15    4.03    0.27
  17  115   29.03   24.34    0.00    0.27    3.91    0.18
  11  115   28.83   24.45   70.10    0.26    4.29   -0.04
  19  115   29.40   24.81    0.00   -0.34    4.18   -0.11
  21  115   29.33   24.83   64.01   -0.58    4.60    0.00
  23  115   28.49   24.77    0.00   -0.41    3.07    0.12
   5  145   27.68   23.89  102.87    0.33    0.00    0.09
   7  145   28.32   24.49    0.00    0.51    3.53   -0.14
   3  145   28.49   24.45    0.00    0.36    2.94   -0.11
  31  145   28.05   24.49   50.80    0.38    2.63    0.05
  27  145   28.73   24.88    0.00   -0.21    2.59    0.11
  17  145   28.28   24.23    0.00    0.64    3.23    0.18
  11  145   27.69   24.30   70.10    0.23    3.02   -0.03
  19  145   28.35   24.58    0.00    0.15    3.11   -0.08
  21  145   28.19   24.73   64.01   -0.36    3.37    0.02
  23  145   27.18   24.42    0.00   -0.47    2.49    0.08
   5  215   26.88   23.68  102.87   -0.73    0.00    0.13
   7  215   27.25   24.21    0.00   -0.05    2.59   -0.17
   3  215   27.64   24.26    0.00   -0.95    2.99   -0.07
  31  215   27.35   24.45   50.80   -0.89    2.37   -0.05
  27  215   27.88   24.70    0.00   -0.83    2.84    0.03
  17  215   27.24   23.97    0.00   -0.52    2.72    0.14
  11  215   26.51   24.17   70.10   -0.83    2.60   -0.01
  19  215   27.61   24.36    0.00   -0.79    2.71   -0.08
  21  215   27.30   24.61   64.01   -0.59    2.89    0.01
  23  215   26.31   24.21    0.00   -0.08    2.11    0.06
   5  245   26.60   23.75  102.87   -0.55    0.00    0.15
   7  245   27.02   24.23    0.00    0.21    3.79   -0.23
   3  245   27.34   24.36    0.00   -0.59    4.00   -0.11
  31  245   27.12   24.50   50.80   -0.53    3.29    0.01
  27  245   27.52   24.61    0.00   -0.98    4.66    0.17
  17  245   26.66   23.88    0.00   -0.79    3.47    0.18
  11  245   26.76   24.22   70.10   -0.79    4.30   -0.03
  19  245   27.44   24.35    0.00   -1.24    3.92   -0.13
  21  245   27.24   24.44   64.01   -1.34    4.63    0.02
  23  245   26.76   24.22    0.00   -0.54    3.91    0.17
   5  315   26.46   23.57  102.87   -0.37    0.00    0.17
   7  315   27.04   24.04    0.00    0.13    4.26   -0.26
   3  315   27.21   24.06    0.00   -0.09    4.73   -0.16
  31  315   27.33   24.23   50.80   -0.12    4.09    0.03
  27  315   27.91   24.20    0.00   -0.46    5.60    0.35
  17  315   26.51   23.69    0.00   -0.95    3.53    0.21
  11  315   26.86   23.82   70.10   -0.45    4.86   -0.07
  19  315   27.34   23.99    0.00   -1.12    4.84   -0.14
  21  315   27.12   23.93   64.01   -1.42    5.21    0.03
  23  315   26.55   23.77    0.00   -0.67    3.89    0.17
   5  345   26.26   23.06  102.87    0.17    0.00    0.18
   7  345   26.89   23.56    0.00    0.47    4.88   -0.27
   3  345   27.11   23.61    0.00    0.44    5.36   -0.23
  31  345   27.04   23.77   50.80    0.19    4.60    0.07
  27  345   27.42   23.75    0.00   -0.37    6.07    0.42
  17  345   26.51   23.24    0.00   -0.55    4.06    0.23
  11  345   26.40   23.41   70.10   -0.34    4.91   -0.04
  19  345   27.17   23.61    0.00   -1.10    5.10   -0.16
  21  345   26.74   23.55   64.01   -1.47    5.41    0.03
  23  345   25.97   23.42    0.00   -0.37    3.93    0.14
   5  415   26.10   22.88  102.87    0.43    0.00    0.16
   7  415   26.70   23.43    0.00    0.55    5.83   -0.33
   3  415   26.76   23.41    0.00    0.83    5.61   -0.19
  31  415   26.82   23.56   50.80    0.87    5.79    0.15
  27  415   27.12   23.60    0.00   -0.19    6.79    0.49
  17  415   26.49   23.07    0.00    0.17    5.23    0.28
  11  415   26.35   23.27   70.10    0.25    6.12   -0.06
  19  415   26.84   23.51    0.00   -0.63    5.39   -0.13
  21  415   26.63   23.56   64.01   -0.63    6.57    0.02
  23  415   25.81   23.34    0.00    0.14    4.63    0.17
   5  445   26.24   23.02  102.87    0.98    0.00    0.17
   7  445   26.67   23.55    0.00    0.93    6.11   -0.23
   3  445   26.68   23.51    0.00    1.57    5.85   -0.13
  31  445   26.86   23.71   50.80    1.09    6.15    0.17
  27  445   26.84   23.60    0.00   -0.09    6.95    0.49
  17  445   26.28   23.17    0.00    0.32    5.39    0.27
  11  445   26.41   23.46   70.10    0.54    6.54   -0.05
  19  445   26.63   23.62    0.00   -0.69    5.96   -0.17
  21  445   26.52   23.73   64.01   -0.62    6.57    0.05
  23  445   25.60   23.30    0.00   -0.06    4.65    0.17
   5  515   26.28   23.26  102.87    0.82    0.00    0.19
   7  515   26.68   23.78    0.00    0.88    6.41   -0.29
   3  515   26.78   23.76    0.00    1.07    5.69   -0.11
  31  515   26.82   23.90   50.80    0.75    5.97    0.11
  27  515   26.64   23.63    0.00    0.03    6.87    0.57
  17  515   26.23   23.39    0.00    0.28    5.87    0.31
  11  515   26.21   23.56   70.10   -0.17    6.83   -0.09
  19  515   26.62   23.81    0.00   -1.01    6.46   -0.21
  21  515   26.22   23.74   64.01   -1.09    7.01    0.07
  23  515   25.22   23.24    0.00   -0.85    4.83    0.22
   5  545   25.87   23.22  102.87   -0.03    0.00    0.22
   7  545   26.38   23.74    0.00    0.47    6.00   -0.38
   3  545   26.40   23.71    0.00    0.40    5.98   -0.22
  31  545   26.38   23.86   50.80    0.19    5.37    0.05
  27  545   26.16   23.54    0.00   -0.34    6.88    0.47
  17  545   26.01   23.40    0.00   -0.42    5.13    0.30
  11  545   25.78   23.52   70.10   -0.75    6.01   -0.05
  19  545   26.31   23.78    0.00   -1.43    5.79   -0.19
  21  545   25.92   23.74   64.01   -1.81    6.77    0.02
  23  545   25.09   23.31    0.00   -0.68    5.02    0.22
   5  615   25.42   23.20  102.87   -0.53    0.00    0.22
   7  615   25.93   23.73    0.00    0.28    5.42   -0.37
   3  615   26.02   23.71    0.00    0.01    5.59   -0.16
  31  615   26.07   23.86   50.80   -0.20    5.42    0.02
  27  615   26.22   23.75    0.00   -0.45    7.28    0.49
  17  615   25.68   23.41    0.00   -1.28    5.07    0.29
  11  615   25.46   23.52   70.10   -1.11    6.19   -0.04
  19  615   26.01   23.81    0.00   -1.87    5.67   -0.16
  21  615   25.63   23.76   64.01   -2.35    6.83    0.03
  23  615   25.00   23.48    0.00   -0.95    5.11    0.23
   5  645   25.41   23.28  102.87   -0.25    0.00    0.21
   7  645   25.86   23.80    0.00    0.41    5.79   -0.38
   3  645   25.96   23.78    0.00    0.35    6.18   -0.25
  31  645   26.05   23.94   50.80   -0.07    5.78    0.05
  27  645   26.14   23.82    0.00   -0.53    7.46    0.47
  17  645   25.56   23.47    0.00   -1.05    5.24    0.31
  11  645   25.34   23.59   70.10   -0.95    6.18   -0.04
  19  645   25.89   23.84    0.00   -1.81    6.10   -0.19
  21  645   25.54   23.81   64.01   -1.86    6.88    0.03
  23  645   25.04   23.62    0.00   -0.70    5.05    0.22
   5  715   25.33   23.26  102.87   -0.06    0.00    0.21
   7  715   25.78   23.77    0.00    0.47    6.15   -0.44
   3  715   25.99   23.78    0.00    0.61    6.58   -0.30
  31  715   25.95   23.91   50.80    0.38    5.60    0.11
  27  715   26.18   23.85    0.00   -0.39    7.23    0.48
  17  715   25.51   23.47    0.00   -0.83    5.01    0.33
  11  715   25.37   23.58   70.10   -0.48    6.47   -0.07
  19  715   25.95   23.86    0.00   -1.55    6.27   -0.19
  21  715   25.54   23.79   64.01   -1.40    6.83    0.03
  23  715   25.13   23.67    0.00   -0.78    5.17    0.22
   5  745   25.19   23.12  102.87    0.03    0.00    0.21
   7  745   25.75   23.65    0.00    0.35    6.01   -0.40
   3  745   25.87   23.64    0.00    0.49    6.44   -0.25
  31  745   25.78   23.77   50.80    0.39    5.29    0.11
  27  745   26.00   23.74    0.00   -0.52    6.92    0.45
  17  745   25.38   23.33    0.00   -0.68    4.94    0.26
  11  745   25.16   23.44   70.10   -0.77    6.09   -0.08
  19  745   25.81   23.70    0.00   -1.43    6.13   -0.18
  21  745   25.27   23.65   64.01   -1.47    6.21    0.03
  23  745   24.88   23.55    0.00   -0.94    4.83    0.21
   5  815   24.96   22.92  102.87    0.05    0.00    0.17
   7  815   25.49   23.44    0.00    0.31    5.67   -0.38
   3  815   25.54   23.44    0.00    0.35    6.35   -0.24
  31  815   25.41   23.57   50.80    0.62    5.29    0.13
  27  815   25.78   23.55    0.00   -0.50    6.73    0.41
  17  815   25.25   23.13    0.00   -0.70    4.87    0.29
  11  815   24.83   23.24   70.10   -0.51    5.63   -0.03
  19  815   25.68   23.49    0.00   -1.53    6.29   -0.21
  21  815   25.05   23.42   64.01   -1.14    6.33    0.05
  23  815   24.74   23.34    0.00   -0.89    4.64    0.21
   5  845   24.80   22.64  102.87    0.39    0.00    0.19
   7  845   25.38   23.16    0.00    0.18    5.54   -0.39
   3  845   25.48   23.17    0.00    0.57    6.29   -0.25
  31  845   25.35   23.29   50.80    1.07    5.49    0.16
  27  845  -99.00  -99.00  -99.00  -99.00  -99.00  -99.00
  17  845   25.22   22.84    0.00   -0.05    4.77    0.27
  11  845   24.87   22.96   70.10   -0.27    5.63   -0.07
  19  845   25.65   23.19    0.00   -1.17    6.53   -0.16
  21  845   25.22   23.16   64.01   -0.75    6.77   -0.01
  23  845   24.60   23.08    0.00   -0.68    4.71    0.19
   5  915   24.94   22.29  102.87    1.10    0.00    0.17
   7  915   25.50   22.80    0.00    0.46    5.49   -0.35
   3  915   25.42   22.82    0.00    1.05    5.87   -0.15
  31  915   25.43   22.98   50.80    1.51    6.05    0.18
  27  915  -99.00  -99.00  -99.00  -99.00  -99.00  -99.00
  17  915   25.31   22.49    0.00    0.77    4.89    0.24
  11  915   24.89   22.64   70.10   -0.09    5.47   -0.06
  19  915   25.48   22.83    0.00   -0.39    5.76   -0.13
  21  915   25.33   22.83   64.01   -0.25    6.86    0.00
  23  915   24.59   22.76    0.00   -0.03    4.62    0.19
   5  945   24.77   21.97  102.87    0.99    0.00    0.15
   7  945   25.21   22.48    0.00    0.38    4.94   -0.30
   3  945   25.26   22.46    0.00    1.30    5.69   -0.19
  31  945   25.15   22.60   50.80    1.50    5.38    0.20
  27  945   25.01   22.67    0.00    0.76    5.93    1.05
  17  945   24.99   22.15    0.00    0.45    4.73    0.26
  11  945   24.74   22.29   70.10    0.31    5.26   -0.05
  19  945   25.19   22.46    0.00   -0.06    5.19   -0.12
  21  945   25.23   22.51   64.01    0.05    6.31    0.01
  23  945   24.42   22.47    0.00    0.55    4.72    0.16
   5 1015   24.74   21.69  102.87    1.37    0.00    0.15
   7 1015   25.26   22.20    0.00    0.61    6.03   -0.34
   3 1015   25.20   22.17    0.00    1.53    5.91   -0.19
  31 1015   25.14   22.31   50.80    1.73    5.56    0.23
  27 1015   25.33   22.41    0.00    0.97    5.94    0.65
  17 1015   25.32   21.91    0.00    1.11    5.75    0.30
  11 1015   24.79   22.02   70.10    0.64    6.03   -0.05
  19 1015   25.32   22.22    0.00    0.59    5.65   -0.15
  21 1015   25.29   22.25   64.01    0.69    6.25    0.01
  23 1015   24.21   22.23    0.00    0.82    4.82    0.15
   5 1045   24.77   21.51  102.87    1.51    0.00    0.13
   7 1045   25.22   22.03    0.00    0.60    6.61   -0.40
   3 1045   25.13   21.97    0.00    1.57    6.28   -0.17
  31 1045   25.11   22.11   50.80    1.87    6.06    0.27
  27 1045   28.71   22.20    0.00    0.65    6.80    0.61
  17 1045   24.96   21.71    0.00    1.01    5.14    0.25
  11 1045   24.62   21.79   70.10    0.59    5.59   -0.06
  19 1045   24.85   22.00    0.00    0.53    5.03   -0.13
  21 1045   25.11   22.07   64.01    0.75    6.21   -0.03
  23 1045   23.77   21.90    0.00    0.83    4.37    0.11
   5 1115   24.51   21.31  102.87    1.57    0.00    0.16
   7 1115   24.87   21.81    0.00    0.57    6.26   -0.37
   3 1115   24.87   21.76    0.00    1.43    6.19   -0.16
  31 1115   24.83   21.90   50.80    1.80    6.29    0.25
  27 1115   25.04   21.98    0.00    0.35    7.02    0.61
  17 1115   24.73   21.50    0.00    1.10    5.17    0.23
  11 1115   24.43   21.60   70.10    0.56    5.76   -0.03
  19 1115   24.91   21.83    0.00    0.86    5.51   -0.16
  21 1115   24.89   21.89   64.01    0.49    6.09   -0.02
  23 1115   23.57   21.69    0.00    0.73    4.38    0.13
   5 1145   24.33   21.16  102.87    1.63    0.00    0.12
   7 1145   24.70   21.66    0.00    0.51    5.95   -0.37
   3 1145   24.73   21.62    0.00    1.68    6.41   -0.17
  31 1145   24.72   21.78   50.80    1.95    6.29    0.25
  27 1145   24.71   21.81    0.00    0.11    6.33    0.49
  17 1145   24.59   21.35    0.00    0.79    5.04    0.27
  11 1145   24.28   21.46   70.10    0.80    5.72   -0.02
  19 1145   24.74   21.72    0.00    0.89    5.39   -0.14
  21 1145   24.66   21.74   64.01    0.71    5.63    0.01
  23 1145   23.52   21.58    0.00    1.17    4.24    0.06
   5 1215   24.41   21.16  102.87    1.67    0.00    0.15
   7 1215   24.75   21.64    0.00    0.57    5.64   -0.34
   3 1215   24.87   21.63    0.00    1.79    6.89   -0.20
  31 1215   24.77   21.78   50.80    1.95    6.13    0.25
  27 1215   24.73   21.76    0.00    0.38    6.19    0.53
  17 1215   24.72   21.37    0.00    0.39    4.21    0.22
  11 1215   24.46   21.50   70.10    0.33    5.61   -0.05
  19 1215   24.92   21.74    0.00    0.36    5.59   -0.17
  21 1215   24.62   21.78   64.01    0.30    5.51    0.03
  23 1215   23.75   21.65    0.00    0.99    4.56    0.13
   5 1245   24.94   21.28  102.87    1.71    0.00    0.19
   7 1245   25.09   21.74    0.00    0.67    5.87   -0.29
   3 1245   25.32   21.73    0.00    1.97    7.32   -0.25
  31 1245   25.30   21.95   50.80    2.21    6.25    0.33
  27 1245   25.05   21.89    0.00    0.49    6.98    0.61
  17 1245   25.21   21.55    0.00    0.15    4.22    0.27
  11 1245   25.05   21.74   70.10    0.53    5.16   -0.03
  19 1245   25.31   21.94    0.00    0.14    5.92   -0.16
  21 1245   25.11   21.97   64.01    0.16    5.81    0.03
  23 1245   24.51   21.93    0.00    1.19    5.19    0.09
   5 1315   25.55   21.51  102.87    1.77    0.00    0.18
   7 1315   25.70   21.94    0.00    0.71    6.13   -0.33
   3 1315   25.96   21.94    0.00    2.17    7.65   -0.25
  31 1315   26.22   22.14   50.80    2.72    6.90    0.37
  27 1315   25.90   22.09    0.00    1.43    6.49    0.77
  17 1315   25.86   21.83    0.00    0.35    4.16    0.23
  11 1315   25.96   21.97   70.10    0.99    5.65   -0.06
  19 1315   25.97   22.24    0.00    0.31    5.98   -0.12
  21 1315   25.94   22.20   64.01    0.19    6.07    0.01
  23 1315   25.65   22.20    0.00    1.81    5.75    0.09
   5 1345   26.33   21.73  102.87    2.14    0.00    0.17
   7 1345   26.50   22.20    0.00    1.20    6.76   -0.23
   3 1345   26.78   22.16    0.00    2.74    8.47   -0.29
  31 1345   27.05   22.36   50.80    2.88    7.61    0.37
  27 1345   26.90   22.28    0.00    1.36    6.76    0.86
  17 1345   26.68   22.06    0.00    1.15    5.16    0.23
  11 1345   26.83   22.26   70.10    1.55    6.19   -0.03
  19 1345   26.92   22.50    0.00    1.01    6.84   -0.20
  21 1345   26.83   22.46   64.01    0.75    6.68    0.06
  23 1345   26.68   22.49    0.00    1.83    5.95    0.11
   5 1415   27.30   22.15  102.87    2.63    0.00    0.17
   7 1415   27.50   22.58    0.00    1.99    7.13   -0.11
   3 1415   27.79   22.63    0.00    3.34    7.96   -0.27
  31 1415   27.91   22.69   50.80    3.43    8.15    0.43
  27 1415   27.69   22.60    0.00    2.08    7.51    1.05
  17 1415   27.72   22.46    0.00    1.51    5.01    0.30
  11 1415   27.71   22.60   70.10    1.97    6.41   -0.03
  19 1415   27.84   22.82    0.00    1.56    7.13   -0.20
  21 1415   27.70   22.65   64.01    1.14    7.37    0.02
  23 1415   27.61   22.83    0.00    2.09    6.28    0.13
   5 1445   28.25   22.51  102.87    2.73    0.00    0.14
   7 1445   28.41   22.91    0.00    2.05    7.47   -0.17
   3 1445   28.77   23.08    0.00    3.16    7.33   -0.21
  31 1445   28.85   23.03   50.80    3.41    7.77    0.42
  27 1445   28.58   21.16    0.00    1.75    6.49    0.81
  17 1445   28.61   22.80    0.00    1.81    5.30    0.23
  11 1445   28.64   22.94   70.10    2.17    6.23   -0.05
  19 1445   28.78   23.24    0.00    1.95    6.86   -0.13
  21 1445   28.78   23.05   64.01    1.43    6.82    0.03
  23 1445   28.52   23.03    0.00    2.23    6.71    0.13
   5 1515   29.25   22.95  102.87    3.03    0.00    0.10
   7 1515   29.39   23.30    0.00    2.39    7.83   -0.13
   3 1515   29.72   23.49    0.00    3.94    7.12   -0.25
  31 1515   29.86   23.50   50.80    3.33    7.14    0.44
  27 1515   29.53   27.68    0.00    9.61    5.71  -10.97
  17 1515   29.56   23.11    0.00    2.70    5.67    0.25
  11 1515   29.55   23.35   70.10    2.77    6.30   -0.01
  19 1515   29.71   23.67    0.00    2.21    6.74   -0.09
  21 1515   29.73   23.39   64.01    2.04    7.18    0.03
  23 1515   29.45   23.44    0.00    2.28    6.72    0.10
   5 1545   30.13   23.34  102.87    2.96    0.00    0.12
   7 1545   30.30   23.72    0.00    2.62    7.35   -0.03
   3 1545   30.55   23.88    0.00    3.90    6.85   -0.22
  31 1545   30.69   23.87   50.80    3.11    6.84    0.43
  27 1545   30.12   23.49    0.00    2.80    5.91    0.88
  17 1545   30.23   23.43    0.00    2.50    5.95    0.27
  11 1545   30.24   23.63   70.10    2.35    6.85   -0.01
  19 1545   30.33   23.87    0.00    2.05    6.93   -0.17
  21 1545   30.40   23.61   64.01    2.01    7.05    0.04
  23 1545   30.15   23.69    0.00    2.29    6.39    0.11
   5 1615   30.87   23.67  102.87    2.35    0.00    0.15
   7 1615   30.90   23.90    0.00    2.28    7.25   -0.11
   3 1615   31.30   24.19    0.00    3.16    6.55   -0.19
  31 1615   31.34   24.10   50.80    2.35    6.74    0.31
  27 1615   30.86   23.92    0.00    1.70    4.51    0.79
  17 1615   30.89   23.68    0.00    2.47    5.29    0.23
  11 1615   30.82   23.93   70.10    1.92    6.85   -0.05
  19 1615   31.06   24.24    0.00    1.96    6.55   -0.16
  21 1615   31.04   23.98   64.01    0.83    6.96    0.02
  23 1615   30.84   24.02    0.00    1.25    6.27    0.19
   5 1645   31.39   23.82  102.87    2.73    0.00    0.09
   7 1645   31.69   24.28    0.00    2.36    6.84   -0.01
   3 1645   31.89   24.44    0.00    3.03    6.43   -0.22
  31 1645   32.15   24.49   50.80    1.57    6.24    0.29
  27 1645   31.37   24.12    0.00    1.24    5.31    0.71
  17 1645   31.47   23.98    0.00    1.79    5.20    0.22
  11 1645   31.46   24.27   70.10    2.27    6.47   -0.04
  19 1645   31.66   24.55    0.00    1.47    6.19   -0.11
  21 1645   31.66   24.38   64.01    0.61    6.35    0.04
  23 1645   31.52   24.47    0.00    1.15    5.74    0.17
   5 1715   32.10   24.32  102.87    1.73    0.00    0.14
   7 1715   32.21   24.64    0.00    1.75    6.65   -0.19
   3 1715   32.41   24.66    0.00    2.33    6.43   -0.23
  31 1715   32.98   25.00   50.80    1.33    5.40    0.23
  27 1715   31.91   24.47    0.00    0.20    6.13    0.51
  17 1715   32.08   24.39    0.00    0.32    5.55    0.31
  11 1715   31.95   24.61   70.10    0.53    6.58   -0.05
  19 1715   32.07   24.87    0.00    1.14    5.84   -0.12
  21 1715   32.22   24.70   64.01    0.27    6.16    0.03
  23 1715   31.92   24.63    0.00    0.94    6.11    0.20
   5 1745   32.50   24.51  102.87    1.36    0.00    0.15
   7 1745   14.16    4.62    5.08    5.97   18.27   -6.51
   3 1745   32.84   24.90    0.00    2.16    6.27   -0.25
  31 1745   33.47   25.22   50.80    1.19    5.59    0.27
  27 1745   32.42   24.78    0.00    0.00    5.84    0.47
  17 1745   32.62   24.77    0.00    0.17    5.39    0.32
  11 1745   32.47   24.99   70.10    0.19    6.01   -0.06
  19 1745   32.57   25.13    0.00    0.99    6.10   -0.16
  21 1745   32.65   24.94   64.01   -0.22    6.78    0.05
  23 1745   32.53   25.00    0.00    1.41    5.67    0.17
   5 1815   33.00   24.86  102.87    0.75    0.00    0.18
   7 1815  -99.00  -99.00    0.00   35.71   38.22   -6.62
   3 1815   33.37   25.22    0.00    1.79    6.67   -0.23
  31 1815   33.83   25.46   50.80    0.83    6.45    0.19
  27 1815   32.86   24.97    0.00    0.58    6.63    0.65
  17 1815   33.00   24.94    0.00    0.75    6.07    0.34
  11 1815   32.82   25.21   70.10    0.17    6.63   -0.05
  19 1815   32.98   25.43    0.00    0.37    6.51   -0.18
  21 1815   33.16   25.30   64.01   -0.21    6.43    0.04
  23 1815   32.82   25.30    0.00    0.73    6.13    0.18
   5 1845   26.25   15.73  341.38   25.46  -12.25  -10.97
   7 1845  -99.00  -99.00    0.00    0.83    6.67   -0.35
   3 1845   33.82   25.57    0.00    0.73    6.87   -0.22
  31 1845   34.18   25.72   50.80    0.73    6.45    0.17
  27 1845   33.39   25.45    0.00    0.22    6.83    0.64
  17 1845   33.36   25.23    0.00    0.43    6.31    0.35
  11 1845   33.17   25.52   70.10    0.45    6.78   -0.05
  19 1845   33.31   25.67    0.00   -0.21    6.76   -0.20
  21 1845   33.29   25.49   64.01   -0.47    7.65    0.01
  23 1845   33.20   25.56    0.00   -0.11    6.47    0.28
   5 1915  -99.00  -99.00  -99.00  -99.00  -99.00  -99.00
   7 1915  -99.00  -99.00    0.00    0.33    6.57   -0.42
   3 1915   34.12   25.86    0.00    0.97    6.87   -0.21
  31 1915   34.45   26.04   50.80    0.18    6.55    0.15
  27 1915   33.68   25.60    0.00   -0.36    7.39    0.49
  17 1915   33.68   25.53    0.00   -0.39    6.34    0.40
  11 1915   33.42   25.69   70.10   -0.85    7.15   -0.07
  19 1915   33.63   26.00    0.00   -0.69    6.57   -0.15
  21 1915   33.80   25.80   64.01   -0.83    7.46    0.07
  23 1915   33.33   25.52    0.00   -0.32    7.05    0.27
   5 1945   33.65   25.26    0.00    0.11    8.50    0.23
   7 1945  -99.00  -99.00    0.00    0.66    6.57   -0.35
   3 1945   34.37   25.99    0.00    0.40    6.85   -0.27
  31 1945   34.53   26.06   50.80   -0.39    6.99    0.03
  27 1945   33.94   25.70    0.00   -0.36    7.83    0.59
  17 1945   33.84   25.58    0.00   -0.35    6.86    0.37
  11 1945   33.69   25.84   70.10   -0.39    7.55   -0.06
  19 1945   33.78   25.94    0.00   -0.82    7.31   -0.19
  21 1945   33.94   25.84   64.01   -1.29    8.31    0.03
  23 1945   33.75   25.91    0.00   -1.29    6.68    0.34
   5 2015   33.89   25.48    0.00    0.21    8.91    0.21
   7 2015  -99.00  -99.00    0.00    0.76    7.57   -0.43
   3 2015   28.08    9.34    0.00    1.79    3.19   -5.73
  31 2015   34.78   26.19   50.80    0.10    7.05    0.11
  27 2015   34.25   25.99    0.00    0.07    7.45    0.64
  17 2015   34.11   25.66    0.00   -0.26    6.74    0.39
  11 2015   33.85   25.93   70.10   -0.67    8.21   -0.13
  19 2015   34.07   26.09    0.00   -0.45    7.27   -0.19
  21 2015   34.25   26.07   64.01   -0.71    8.19    0.09
  23 2015   33.87   26.03    0.00   -0.53    7.10    0.30
   5 2045   33.85   25.54    0.00   -0.81    9.11    0.27
   7 2045  -99.00  -99.00    0.00    0.51    7.43   -0.45
   3 2045  -99.00  -99.00  -99.00  -99.00  -99.00  -99.00
  31 2045   34.90   26.40   50.80   -0.05    7.17    0.13
  27 2045   34.34   25.99    0.00   -0.29    8.33    0.65
  17 2045   34.22   25.88    0.00   -0.33    6.76    0.41
  11 2045   33.93   26.01   70.10    0.03    8.39   -0.08
  19 2045   34.06   26.09    0.00   -0.79    8.19   -0.23
  21 2045   34.29   26.12   64.01   -1.03    8.48    0.06
  23 2045   34.03   26.02    0.00    0.21    7.51    0.29
   5 2115   33.86   25.53    0.00   -0.83    9.25    0.29
   7 2115  -99.00  -99.00    0.00    0.72    7.17   -0.42
   3 2115   34.54   26.04    0.00    0.31    7.95   -0.32
  31 2115   34.77   26.30   50.80   -0.74    7.22    0.05
  27 2115   34.44   26.06    0.00   -0.46    9.04    0.64
  17 2115   34.08   25.57    0.00   -0.33    7.52    0.42
  11 2115   33.94   25.97   70.10   -0.97    8.46   -0.09
  19 2115   34.14   26.10    0.00   -0.82    8.17   -0.23
  21 2115   34.23   25.94   64.01   -0.89    9.28    0.04
  23 2115   33.93   26.01    0.00   -0.41    8.09    0.30
   5 2145   33.70   25.60    0.00   -0.77    9.47    0.27
   7 2145  -99.00  -99.00    0.00    0.96    7.97   -0.43
   3 2145   34.36   26.04    0.00    0.69    8.30   -0.32
  31 2145  -99.00  -99.00  -99.00  -99.00  -99.00  -99.00
  27 2145   34.43   26.13    0.00   -0.70    8.86    0.67
  17 2145   33.95   25.53    0.00   -0.58    7.87    0.46
  11 2145   33.81   25.90   70.10   -0.47    8.99   -0.11
  19 2145   34.03   26.05    0.00   -1.36    7.97   -0.18
  21 2145   34.21   26.18   64.01   -1.25    8.85    0.08
  23 2145   33.81   25.90    0.00   -0.91    8.06    0.36
   5 2215   33.45   25.48    0.00   -0.31    9.95    0.27
   7 2215  -99.00  -99.00    0.00    0.93    7.73   -0.42
   3 2215   34.24   26.15    0.00    0.81    8.26   -0.29
  31 2215  -99.00  -99.00  -99.00  -99.00  -99.00  -99.00
  27 2215   34.27   25.80    0.00    0.01    9.57    0.82
  17 2215   33.77   25.63    0.00   -0.15    7.75    0.45
  11 2215   33.62   25.88   70.10    0.37    9.13   -0.09
  19 2215   33.85   26.01    0.00   -0.90    8.45   -0.22
  21 2215   34.01   25.99   64.01   -1.17    9.07    0.06
  23 2215   33.68   25.74    0.00    0.01    8.37    0.29
   5 2245   33.20   25.39    0.00   -0.03    9.27    0.27
   7 2245  -99.00  -99.00    0.00    0.89    7.53   -0.39
   3 2245   33.90   25.88    0.00    0.87    8.22   -0.31
  31 2245   34.14   26.01    2.03    0.69    7.96    0.19
  27 2245   34.13   25.82    0.00    0.21    9.37    0.83
  17 2245   33.40   25.56    0.00   -1.04    7.06    0.43
  11 2245   33.36   25.71   70.10   -0.07    8.84   -0.07
  19 2245   33.55   25.96    0.00   -1.59    8.29   -0.23
  21 2245   33.74   25.85   64.01   -1.69    9.37    0.04
  23 2245   33.42   25.51    0.00    0.35    8.35    0.29
   5 2315   32.68   25.01    0.00    0.77    9.15    0.24
   7 2315  -99.00  -99.00    0.00    1.15    7.59   -0.30
   3 2315   33.50   25.70    0.00    1.09    7.50   -0.28
  31 2315   33.67   25.80    3.05    0.47    7.47    0.15
  27 2315   33.77   25.54    0.00    1.21    8.03    0.93
  17 2315   33.01   25.15    0.00   -0.21    7.53    0.42
  11 2315   32.93   25.38   70.10    0.29    8.29   -0.05
  19 2315   33.16   25.56    0.00   -0.57    7.97   -0.21
  21 2315   33.33   25.40   64.01   -0.85    9.71    0.05
  23 2315   33.04   25.45    0.00    0.58    8.21    0.26
   5 2345   32.18   24.81    0.00    0.91    8.59    0.23
   7 2345  -99.00  -99.00    0.00    1.21    8.18   -0.39
   3 2345   33.00   25.45    0.00    1.09    7.69   -0.27
  31 2345   33.16   25.49    3.81    1.16    8.15    0.20
  27 2345   33.41   25.62    0.00    1.26    8.43    0.97
  17 2345   32.52   24.85    0.00   -0.02    7.70    0.43
  11 2345   32.47   25.18   70.10    0.67    8.90   -0.04
  19 2345   32.78   25.36    0.00   -0.57    8.69   -0.25
  21 2345   32.92   25.52   64.01   -0.49    9.05    0.06
  23 2345   32.59   25.51    0.00    0.57    7.71    0.29
