   5   15   31.48   24.92    0.00    1.13    7.91    0.16
   7   15  -99.00  -99.00    0.00    1.20    6.87   -0.24
   3   15   32.30   25.44    0.00    1.36    7.01   -0.23
  31   15   32.55   25.50    4.32    0.92    8.00    0.18
  27   15   32.91   25.55    0.00    0.57    8.40    0.76
  17   15   31.91   24.98    0.00    0.77    7.10    0.40
  11   15   31.95   25.18   70.10    0.73    9.13   -0.06
  19   15   32.11   25.45    0.00   -0.25    7.17   -0.18
  21   15   32.25   25.51   64.01   -0.69    8.38    0.05
  23   15   31.87   25.36    0.00    0.01    7.15    0.29
   5   45   30.89   24.59    0.00    0.69    8.87    0.23
   7   45  -99.00  -99.00    0.00    1.06    7.23   -0.29
   3   45   31.49   25.25    0.00    1.32    6.59   -0.24
  31   45   31.67   25.45    4.83    1.09    6.95    0.20
  27   45   32.04   25.49    0.00    0.63    7.00    0.71
  17   45   31.02   24.84    0.00    0.31    5.81    0.33
  11   45   31.08   25.13   70.10    0.59    7.49   -0.07
  19   45   31.60   25.15    0.00   -0.27    7.63   -0.22
  21   45   31.40   25.36   64.01   -0.57    6.63    0.04
  23   45   30.82   25.67    0.00   -0.32    5.92    0.23
   5  115   30.27   24.26    0.00    1.11    8.91    0.21
   7  115  -99.00  -99.00    0.00    1.17    7.35   -0.29
   3  115   30.76   24.81    0.00    1.33    6.63   -0.17
  31  115   30.75   25.13    5.08    0.51    6.09    0.09
  27  115   30.99   25.75    0.00   -0.18    6.66    0.55
  17  115   30.48   24.42    0.00    0.01    6.27    0.33
  11  115   30.29   24.80   70.10    0.08    6.75   -0.07
  19  115   30.87   24.91    0.00   -0.70    6.43   -0.15
  21  115   30.69   25.09   64.01   -0.75    6.07    0.03
  23  115   29.96   25.42    0.00   -0.25    5.44    0.21
   5  145   29.52   24.18    0.00    0.20    7.65    0.19
   7  145  -99.00  -99.00    0.00    0.67    6.17   -0.34
   3  145   30.11   24.78    0.00    0.47    6.07   -0.23
  31  145   29.95   25.09    5.33   -0.30    4.93    0.03
  27  145   30.54   25.43    0.00   -0.11    7.32    0.55
  17  145   29.69   24.33    0.00   -0.71    5.42    0.30
  11  145   29.40   24.86   70.10   -0.59    5.80   -0.06
  19  145   30.10   24.82    0.00   -1.29    5.83   -0.18
  21  145   29.76   25.21   64.01   -1.70    4.99    0.04
  23  145   29.38   25.06    0.00   -0.79    5.58    0.24
   5  215   28.63   24.28    0.00   -0.92    6.88    0.21
   7  215  -99.00  -99.00    0.00    0.45    5.98   -0.39
   3  215   29.06   24.94    0.00   -0.50    5.42   -0.19
  31  215   29.26   25.30    5.33   -0.85    5.31    0.02
  27  215   30.00   25.26    0.00   -0.41    7.98    0.51
  17  215   28.86   24.30    0.00   -1.26    5.00    0.29
  11  215   28.58   24.95   70.10   -0.77    5.75   -0.07
  19  215   29.30   24.86    0.00   -1.45    5.35   -0.15
  21  215   28.98   25.13   64.01   -2.05    4.97    0.02
  23  215   28.64   25.21    0.00   -0.65    5.35    0.18
   5  245   28.30   24.36    0.00   -1.67    7.75    0.29
   7  245  -99.00  -99.00    0.00    0.29    6.05   -0.41
   3  245   28.80   24.89    0.00   -0.81    6.18   -0.19
  31  245   28.95   25.18    5.33   -1.27    5.80   -0.03
  27  245   29.62   25.47    0.00   -1.18    8.07    0.45
  17  245   28.47   24.54    0.00   -2.03    5.15    0.32
  11  245   28.45   24.87   70.10   -1.51    6.71   -0.07
  19  245   29.02   25.00    0.00   -2.06    5.86   -0.19
  21  245   28.64   25.16   64.01   -2.79    5.89    0.04
  23  245   28.37   25.31    0.00   -1.11    5.57    0.25
   5  315   28.29   24.33    0.00   -1.39    8.23    0.29
   7  315  -99.00  -99.00    0.00    0.19    6.52   -0.43
   3  315   28.83   24.95    0.00   -0.59    6.73   -0.23
  31  315   29.02   25.24    5.33   -1.08    6.32    0.00
  27  315   29.54   25.29    0.00   -0.96    8.49    0.52
  17  315   28.54   24.34    0.00   -1.93    6.01    0.38
  11  315   28.46   24.93   70.10   -1.32    7.03   -0.10
  19  315   29.02   24.84    0.00   -2.18    6.50   -0.15
  21  315   28.40   25.20   64.01   -2.84    6.32    0.04
  23  315   28.29   25.09    0.00   -1.00    6.19    0.26
   5  345   28.26   24.23    0.00   -0.80    9.25    0.28
   7  345  -99.00  -99.00    0.00    0.57    7.33   -0.48
   3  345   28.81   24.77    0.00    0.13    7.71   -0.29
  31  345  -99.00  -99.00  -99.00  -99.00  -99.00  -99.00
  27  345   29.43   25.00    0.00   -1.25    9.01    0.50
  17  345   28.56   24.26    0.00   -1.53    7.13    0.40
  11  345   28.34   24.65   70.10   -1.31    8.29   -0.08
  19  345   28.83   24.70    0.00   -2.27    7.27   -0.17
  21  345   28.17   24.92   64.01   -2.71    7.13    0.07
  23  345   28.10   24.82    0.00   -1.17    6.78    0.27
   5  415   28.23   23.93    0.00    0.21   10.09    0.28
   7  415  -99.00  -99.00    0.00    0.88    8.07   -0.39
   3  415   28.79   24.45    0.00    0.75    8.42   -0.35
  31  415  -99.00  -99.00  -99.00  -99.00  -99.00  -99.00
  27  415   29.29   24.70    0.00   -0.73    9.89    0.61
  17  415   28.37   24.04    0.00   -0.65    7.57    0.45
  11  415   28.28   24.35   70.10   -0.69    8.95   -0.07
  19  415   28.69   24.46    0.00   -1.71    8.15   -0.24
  21  415   28.28   24.55   64.01   -2.11    8.03    0.07
  23  415   28.02   24.51    0.00   -0.65    7.17    0.31
   5  445   28.13   23.60    0.00    1.16    9.95    0.24
   7  445  -99.00  -99.00    0.00    1.19    8.19   -0.32
   3  445   28.67   24.12    0.00    1.45    7.76   -0.22
  31  445   28.78   24.34    5.33    1.17    8.17    0.17
  27  445   29.23   24.45    0.00    0.25    9.45    0.83
  17  445   28.23   23.76    0.00    0.24    7.45    0.44
  11  445   28.13   24.02   70.10    0.33    8.59   -0.07
  19  445   28.52   24.21    0.00   -0.95    8.13   -0.23
  21  445   28.13   24.29   64.01   -1.27    7.84    0.05
  23  445   27.73   24.29    0.00    0.23    6.93    0.26
   5  515   27.83   23.47    0.00    1.12    9.94    0.25
   7  515  -99.00  -99.00    0.00    1.23    8.11   -0.33
   3  515   28.29   23.96    0.00    1.50    7.36   -0.21
  31  515   28.49   24.18    5.33    1.08    8.02    0.18
  27  515   28.83   24.27    0.00    0.67    8.98    0.88
  17  515   27.76   23.60    0.00    0.28    7.22    0.42
  11  515   27.85   23.88   70.10    0.51    8.65   -0.05
  19  515   28.02   24.03    0.00   -0.81    7.28   -0.19
  21  515   27.87   24.10   64.01   -0.98    8.15    0.06
  23  515   27.48   24.05    0.00    0.34    7.10    0.27
   5  545   27.74   23.25    0.00    1.23   10.55    0.29
   7  545  -99.00  -99.00    0.00    1.25    8.71   -0.41
   3  545   28.26   23.74    0.00    1.65    8.38   -0.25
  31  545   28.34   23.92    5.33    1.37    8.60    0.22
  27  545   28.69   23.94    0.00    0.97    9.68    0.97
  17  545   27.75   23.39    0.00    0.31    7.51    0.42
  11  545   27.77   23.58   70.10    0.82    8.83   -0.07
  19  545   28.17   23.80    0.00   -0.72    8.20   -0.27
  21  545   27.93   23.77   64.01   -0.24    8.49    0.03
  23  545   27.39   23.65    0.00    0.59    6.68    0.26
   5  615   27.60   22.98    0.00    1.53    9.93    0.23
   7  615  -99.00  -99.00    0.00    1.39    8.04   -0.23
   3  615   28.06   23.47    0.00    2.14    7.81   -0.21
  31  615   28.28   23.63    5.33    1.42    8.36    0.19
  27  615   28.62   23.62    0.00    0.92    9.33    0.97
  17  615   27.69   23.16    0.00    1.06    7.56    0.39
  11  615   27.60   23.30   70.10    0.84    8.30   -0.08
  19  615   27.91   23.56    0.00   -0.51    7.43   -0.20
  21  615   27.59   23.52   64.01   -0.58    8.13    0.03
  23  615   27.19   23.38    0.00    0.15    6.65    0.27
   5  645   27.09   22.81    0.00    0.79    9.57    0.25
   7  645  -99.00  -99.00    0.00    1.00    7.65   -0.33
   3  645   27.58   23.32    0.00    1.25    7.35   -0.27
  31  645   27.59   23.49    5.33    1.13    7.33    0.19
  27  645   28.13   23.54    0.00    0.93    9.05    0.92
  17  645   27.20   22.98    0.00    0.52    6.95    0.36
  11  645   27.04   23.19   70.10    0.60    7.90   -0.07
  19  645   27.46   23.38    0.00   -0.85    7.37   -0.23
  21  645   27.15   23.45   64.01   -0.83    7.99    0.08
  23  645   26.99   23.36    0.00    0.43    7.15    0.25
   5  715   26.60   22.74    0.00    1.19    9.37    0.23
   7  715  -99.00  -99.00    0.00    1.11    7.85   -0.35
   3  715   27.16   23.27    0.00    1.65    7.53   -0.19
  31  715   27.35   23.47    5.33    1.48    7.54    0.27
  27  715   28.02   23.57    0.00    1.07    9.06    0.97
  17  715   26.77   22.90    0.00    0.81    7.05    0.37
  11  715   26.83   23.19   70.10    1.09    8.17   -0.06
  19  715   27.14   23.37    0.00   -0.29    7.27   -0.23
  21  715   27.20   23.54   64.01    0.00    7.87    0.07
  23  715   27.08   23.46    0.00    1.01    7.45    0.25
   5  745   26.62   22.80    0.00    2.15    9.90    0.21
   7  745  -99.00  -99.00    0.00    1.58    8.03   -0.23
   3  745   27.16   23.32    0.00    2.63    8.23   -0.29
  31  745   27.41   23.51    5.33    2.31    7.81    0.31
  27  745   27.93   23.60    0.00    1.59    9.49    1.11
  17  745   26.68   22.94    0.00    1.33    6.72    0.35
  11  745   26.78   23.20   70.10    1.55    8.31   -0.07
  19  745   26.90   23.38    0.00   -0.02    6.66   -0.20
  21  745   26.95   23.51   64.01    0.41    7.28    0.05
  23  745   26.75   23.44    0.00    1.05    6.97    0.23
   5  815   26.44   22.71    0.00    1.83    9.49    0.19
   7  815  -99.00  -99.00    0.00    1.39    7.75   -0.26
   3  815   26.95   23.22    0.00    2.02    7.39   -0.24
  31  815   27.08   23.40    5.33    2.01    6.97    0.27
  27  815   27.51   23.49    0.00    1.33    8.11    0.95
  17  815   26.59   22.89    0.00    1.09    6.64    0.33
  11  815   26.59   23.10   70.10    1.52    8.09   -0.09
  19  815   26.84   23.32    0.00   -0.03    6.66   -0.20
  21  815   26.84   23.40   64.01    0.22    7.10    0.05
  23  815   26.44   23.34    0.00    0.94    6.74    0.19
   5  845   26.45   22.60    0.00    1.48    8.99    0.19
   7  845  -99.00  -99.00    0.00    1.21    7.74   -0.27
   3  845   26.85   23.10    0.00    1.76    7.09   -0.19
  31  845   27.16   23.28    5.33    1.66    7.47    0.25
  27  845  -99.00  -99.00  -99.00  -99.00  -99.00  -99.00
  17  845   26.65   22.80    0.00    1.01    7.02    0.37
  11  845   26.56   22.97   70.10    0.89    8.26   -0.07
  19  845   26.91   23.22    0.00   -0.23    7.15   -0.19
  21  845   26.75   23.26   64.01   -0.25    7.69   -0.01
  23  845   26.25   23.18    0.00    0.53    6.45    0.21
   5  915   26.41   22.48    0.00    1.75    8.33    0.16
   7  915  -99.00  -99.00    0.00    1.31    7.50   -0.24
   3  915   26.92   23.00    0.00    2.05    7.31   -0.21
  31  915   27.15   23.18    5.33    1.65    6.96    0.23
  27  915  -99.00  -99.00  -99.00  -99.00  -99.00  -99.00
  17  915   26.53   22.64    0.00    1.07    6.65    0.35
  11  915   26.55   22.85   70.10    0.95    8.08   -0.06
  19  915   26.81   23.06    0.00   -0.15    6.93   -0.19
  21  915   26.59   23.11   64.01   -0.33    7.89    0.05
  23  915   26.30   23.01    0.00    0.29    6.48    0.21
   5  945   26.39   22.32    0.00    1.31    8.89    0.19
   7  945  -99.00  -99.00    0.00    1.00    7.41   -0.31
   3  945   26.83   22.83    0.00    1.41    6.86   -0.20
  31  945   26.94   23.02    5.33    1.23    6.82    0.17
  27  945   27.29   23.03    0.00    0.87    8.08    0.83
  17  945   26.57   22.49    0.00    0.73    6.54    0.36
  11  945   26.38   22.69    0.00    0.63    7.54   -0.05
  19  945   26.84   22.90    0.00   -0.55    7.17   -0.23
  21  945   26.49   22.94   64.01   -0.67    7.40    0.06
  23  945   26.25   22.81    0.00    0.27    6.60    0.25
   5 1015   26.04   22.02    0.00    2.18    7.76    0.15
   7 1015  -99.00  -99.00    0.00    1.49    6.80   -0.17
   3 1015   26.66   22.53    0.00    2.28    6.79   -0.21
  31 1015   26.87   22.71    5.33    1.97    6.76    0.25
  27 1015   27.39   22.76    0.00    1.39    8.40    0.97
  17 1015   26.34   22.20    0.00    1.65    5.55    0.27
  11 1015   26.43   22.39    0.00    1.15    8.15   -0.05
  19 1015   26.68   22.60    0.00    0.53    6.55   -0.17
  21 1015   26.64   22.64   64.01   -0.01    7.73    0.03
  23 1015   26.30   22.58    0.00    0.58    6.63    0.21
   5 1045   25.71   21.76    0.00    2.47    7.87    0.14
   7 1045  -99.00  -99.00    0.00    1.70    6.97   -0.13
   3 1045   26.47   22.27    0.00    2.52    6.93   -0.23
  31 1045   26.74   22.44    5.33    2.11    6.81    0.28
  27 1045   27.17   22.52    0.00    1.86    7.66    0.94
  17 1045   26.01   21.93    0.00    2.06    5.35    0.26
  11 1045   26.31   22.12    0.00    1.95    7.44   -0.05
  19 1045   26.25   22.35    0.00    1.01    6.35   -0.18
  21 1045   26.45   22.38   64.01    0.67    7.24    0.01
  23 1045   25.77   22.32    0.00    0.79    6.03    0.19
   5 1115   25.41   21.57    0.00    2.52    8.33    0.18
   7 1115  -99.00  -99.00    0.00    1.74    7.19   -0.14
   3 1115   26.18   22.08    0.00    2.75    7.36   -0.23
  31 1115   26.38   22.23    5.33    2.12    6.74    0.29
  27 1115   26.91   22.27    0.00    1.64    7.58    0.87
  17 1115   25.63   21.76    0.00    1.95    5.88    0.26
  11 1115   25.89   21.90    0.00    1.73    7.73   -0.05
  19 1115   25.91   22.16    0.00    1.02    6.48   -0.17
  21 1115   26.19   22.18   64.01    0.93    7.63    0.05
  23 1115   25.67   22.11    0.00    0.89    6.58    0.20
   5 1145   25.35   21.43    0.00    2.85    7.95    0.12
   7 1145  -99.00  -99.00    0.00    1.65    7.56   -0.20
   3 1145   26.08   21.95    0.00    2.58    7.26   -0.22
  31 1145   26.17   22.10    5.33    2.14    6.99    0.20
  27 1145   26.58   22.15    0.00    1.89    7.39    0.98
  17 1145   25.57   21.63    0.00    1.87    5.97    0.32
  11 1145   25.67   21.80    0.00    1.47    7.87   -0.05
  19 1145   25.95   22.05    0.00    0.70    6.86   -0.20
  21 1145   25.87   22.07   64.01    0.38    7.45    0.05
  23 1145   25.19   21.96    0.00    0.58    6.19    0.23
   5 1215   25.74   21.49    0.00    3.33    7.65    0.10
   7 1215  -99.00  -99.00    0.00    2.11    7.09   -0.06
   3 1215   26.42   22.00    0.00    3.35    7.28   -0.25
  31 1215   26.68   22.17    5.33    2.77    7.22    0.39
  27 1215   26.76   22.16    0.00    2.12    7.81    1.07
  17 1215   26.08   21.69    0.00    2.47    6.07    0.33
  11 1215   26.09   21.85    0.00    1.87    8.65   -0.07
  19 1215   26.27   22.12    0.00    0.89    7.29   -0.15
  21 1215   26.18   22.11   64.01    0.81    7.41    0.04
  23 1215   25.59   22.03    0.00    1.23    6.50    0.18
   5 1245   25.90   21.71    0.00    4.11    4.81    0.02
   7 1245  -99.00  -99.00    0.00    2.80    4.96    0.08
   3 1245   26.42   22.18    0.00    4.77    4.49   -0.18
  31 1245   26.81   22.38    5.33    4.17    4.38    0.58
  27 1245   26.98   22.28    0.00    2.85    4.66    0.96
  17 1245   26.18   21.89    0.00    3.62    3.30    0.12
  11 1245   26.43   22.05    0.00    3.91    5.25   -0.01
  19 1245   26.53   22.36    0.00    2.63    4.65   -0.09
  21 1245   26.63   22.28   64.01    2.20    6.65    0.04
  23 1245   26.52   22.25    0.00    2.69    6.55    0.12
   5 1315   26.28   21.99    0.00    4.10    5.28    0.03
   7 1315  -99.00  -99.00    0.00    2.93    5.56    0.09
   3 1315   26.77   22.46    0.00    4.66    4.80   -0.19
  31 1315   27.07   22.62    5.33    4.29    4.67    0.57
  27 1315   27.06   22.45    0.00    2.89    4.30    0.99
  17 1315   26.49   22.14    0.00    3.45    3.69    0.14
  11 1315   26.74   22.36    0.00    3.71    4.91    0.07
  19 1315   26.99   22.66    0.00    2.91    4.55   -0.12
  21 1315   26.98   22.50   64.01    3.47    5.43    0.03
  23 1315   27.05   22.47    0.00    4.31    5.61   -0.01
   5 1345   26.91   22.27    0.00    4.41    5.63    0.00
   7 1345  -99.00  -99.00    0.00    2.87    5.02    0.15
   3 1345   27.44   22.81    0.00    4.72    4.74   -0.19
  31 1345   27.68   22.96    5.33    4.18    4.51    0.60
  27 1345   27.46   22.69    0.00    2.87    4.57    1.03
  17 1345   27.19   22.50    0.00    3.50    3.61    0.15
  11 1345   27.35   22.66    0.00    3.88    5.06    0.01
  19 1345   27.57   22.86    0.00    3.61    4.73   -0.04
  21 1345   27.57   22.77   64.01    3.75    5.10    0.03
  23 1345   27.64   22.75    0.00    4.74    5.35   -0.01
   5 1415   27.77   22.54    0.00    4.46    5.53    0.01
   7 1415  -99.00  -99.00    0.00    3.19    5.01    0.13
   3 1415   28.28   23.08    0.00    4.92    4.58   -0.18
  31 1415   28.49   23.09    5.33    5.10    4.93    0.61
  27 1415   28.12   22.84    0.00    3.56    4.50    1.11
  17 1415   28.05   22.79    0.00    3.83    3.08    0.09
  11 1415   28.13   22.92    0.00    4.31    4.16    0.04
  19 1415   28.26   23.12    0.00    3.90    3.98   -0.04
  21 1415   28.43   23.04   64.01    4.35    3.77    0.07
  23 1415   28.42   23.02    0.00    5.35    4.46   -0.07
   5 1445   28.39   22.61    0.00    5.09    4.17   -0.05
   7 1445  -99.00  -99.00    0.00    3.40    4.20    0.24
   3 1445   28.89   23.14    0.00    5.27    4.25   -0.19
  31 1445   12.53    7.59    5.33  -22.37  -24.14  -28.90
  27 1445   28.61   22.92    0.00    3.48    3.61    1.07
  17 1445   28.65   22.70    0.00    4.70    2.58    0.01
  11 1445   28.71   23.09    0.00    4.64    3.45    0.05
  19 1445   28.70   23.08    0.00    4.80    3.75   -0.01
  21 1445   28.97   23.14   64.01    4.79    3.14    0.09
  23 1445   28.94   23.14    0.00    5.49    3.79   -0.11
   5 1515   29.02   22.63    0.00    4.39    2.44   -0.03
   7 1515  -99.00  -99.00    0.00    2.91    3.65    0.19
   3 1515   29.50   23.26    0.00    4.54    2.64   -0.11
  31 1515   29.67   23.18    0.00    4.51    2.73    0.54
  27 1515   29.24   22.94    0.00    2.89    2.13    0.93
  17 1515   29.07   22.68    0.00    4.29    1.39   -0.02
  11 1515   29.22   23.00    0.00    4.43    2.41    0.07
  19 1515   29.22   23.15    0.00    4.09    1.97    0.03
  21 1515   29.47   23.19   64.01    4.28    2.31    0.07
  23 1515   29.37   23.26    0.00    4.75    2.99   -0.13
   5 1545   29.23   22.82    0.00    4.19    1.17   -0.07
   7 1545  -99.00  -99.00    0.00    3.12    1.27    0.47
   3 1545   29.63   23.19    0.00    4.64    0.73   -0.09
  31 1545   29.96   23.28    0.00    4.17    1.25    0.50
  27 1545   29.52   22.95    0.00    3.51    0.97    0.91
  17 1545   29.46   22.88    0.00    3.67    0.22   -0.01
  11 1545   29.49   22.99    0.00    4.07    1.82    0.04
  19 1545   29.51   23.09    0.00    4.20    1.24    0.03
  21 1545   29.90   23.03   64.01    4.40    1.82    0.07
  23 1545   29.89   23.38    0.00    4.38    1.59   -0.13
   5 1615   29.38   23.15    0.00    4.07    0.11   -0.11
   7 1615  -99.00  -99.00    0.00    3.23    0.05    0.52
   3 1615   30.00   23.75    0.00    4.11   -0.18    0.05
  31 1615   30.00   23.52    0.00    4.20    0.11    0.49
  27 1615   29.54   23.23    0.00    3.47   -0.15    0.94
  17 1615   29.54   23.30    0.00    4.04    0.01   -0.02
  11 1615   29.72   23.41    0.00    4.35    0.22    0.11
  19 1615   29.57   23.47    0.00    4.59   -0.82    0.15
  21 1615   30.17   23.05   64.01    4.79    0.63    0.07
  23 1615   30.15   23.21    0.00    4.75    1.09   -0.21
   5 1645   29.77   23.60    0.00    3.67    0.18   -0.07
   7 1645  -99.00  -99.00    0.00    2.69   -0.25    0.45
   3 1645   30.15   24.05    0.00    3.78   -0.27   -0.01
  31 1645   30.21   23.92    0.00    3.80   -0.37    0.47
  27 1645   29.63   23.65    0.00    3.39   -0.43    0.87
  17 1645   29.93   23.82    0.00    3.59   -0.75   -0.03
  11 1645   29.72   23.81    0.00    3.63   -1.29    0.17
  19 1645   29.91   24.06    0.00    3.93   -0.88    0.15
  21 1645   30.02   23.72   64.01    4.47   -0.49    0.07
  23 1645   30.14   23.65    0.00    4.49    0.38   -0.22
   5 1715   29.92   23.89    0.00    3.41   -1.25   -0.09
   7 1715  -99.00  -99.00    0.00    2.77   -0.96    0.60
   3 1715   30.30   24.35    0.00    3.19   -1.75    0.07
  31 1715   30.73   24.39    0.00    4.10   -0.03    0.47
  27 1715   30.05   24.08    0.00    3.29   -0.95    0.82
  17 1715   30.02   23.97    0.00    3.74   -1.78   -0.09
  11 1715   30.18   24.27    0.00    3.81   -0.99    0.15
  19 1715   30.02   24.43    0.00    3.57   -2.17    0.23
  21 1715   30.35   24.24   64.01    4.09   -2.15    0.14
  23 1715   30.44   24.21    0.00    3.95   -0.85   -0.16
   5 1745   29.70   24.21    0.00    4.33   -3.11   -0.09
   7 1745  -99.00  -99.00    0.00    3.31   -2.89    0.89
   3 1745   30.14   24.66    0.00    4.17   -3.24    0.20
  31 1745   30.26   24.58    0.00    4.17   -2.76    0.55
  27 1745   30.17   24.57    0.00    3.17   -3.09    0.72
  17 1745   29.82   24.29    0.00    4.70   -3.18   -0.14
  11 1745   29.84   24.49    0.00    3.96   -2.39    0.19
  19 1745   29.90   24.67    0.00    4.54   -3.92    0.33
  21 1745   30.34   24.55   64.01    4.47   -2.67    0.18
  23 1745   30.62   24.49    0.00    3.73   -1.92   -0.21
   5 1815   30.01   23.84    0.00    3.37   -4.29   -0.07
   7 1815  -99.00  -99.00    0.00    3.10   -4.61    1.01
   3 1815   30.37   24.33    0.00    3.17   -4.51    0.27
  31 1815   30.55   24.39    0.00    3.69   -4.32    0.49
  27 1815   29.29   23.89    0.00    2.71   -6.43    0.28
  17 1815   30.18   23.80    0.00    4.22   -4.45   -0.19
  11 1815   29.63   24.22    0.00    4.28   -4.66    0.30
  19 1815   29.80   24.30    0.00    4.51   -4.90    0.39
  21 1815   29.98   24.66   64.01    5.33   -4.47    0.26
  23 1815   30.38   24.77    0.00    4.51   -3.65   -0.19
   5 1845   30.36   22.69    0.00    2.29   -3.38    0.00
   7 1845  -99.00  -99.00    0.00    1.21   -4.15    0.63
   3 1845   30.66   23.33    0.00    1.22   -3.83    0.26
  31 1845  -99.00  -99.00  -99.00  -99.00  -99.00  -99.00
  27 1845   30.00   23.17    0.00    1.76   -4.51    0.18
  17 1845   30.41   22.82    0.00    1.55   -3.67   -0.11
  11 1845   29.97   23.58    0.00    1.81   -3.83    0.23
  19 1845   30.09   23.41    0.00    1.90   -3.83    0.27
  21 1845   30.42   24.15   64.01    2.84   -3.96    0.22
  23 1845   30.19   24.22    0.00    1.81   -4.16   -0.09
   5 1915   30.55   21.89    0.00    0.86   -3.33    0.02
   7 1915  -99.00  -99.00    0.00    1.04   -2.99    0.51
   3 1915   30.98   22.59    0.00    1.99   -2.81    0.19
  31 1915  -99.00  -99.00  -99.00  -99.00  -99.00  -99.00
  27 1915   30.50   22.99    0.00    1.53   -3.40    0.18
  17 1915   30.83   22.42    0.00    1.54   -2.94   -0.09
  11 1915   30.32   23.07    0.00    2.24   -2.78    0.13
  19 1915   30.54   23.11    0.00    1.37   -3.21    0.25
  21 1915   30.52   23.60   64.01    2.77   -3.20    0.13
  23 1915   30.66   23.66    0.00    1.82   -3.27   -0.13
   5 1945   31.21   21.54    0.00    2.42   -2.82   -0.04
   7 1945  -99.00  -99.00    0.00    1.41   -3.53    0.61
   3 1945   31.48   22.06    0.00    2.26   -2.37    0.13
  31 1945  -99.00  -99.00  -99.00  -99.00  -99.00  -99.00
  27 1945   31.07   23.07    0.00    2.05   -1.81    0.47
  17 1945   31.36   21.97    0.00    2.35   -2.38   -0.11
  11 1945   30.87   22.32    0.00    2.66   -2.57    0.17
  19 1945   31.06   22.66    0.00    1.83   -2.83    0.21
  21 1945   31.01   23.34   64.01    3.11   -2.20    0.12
  23 1945   31.30   23.47    0.00    2.31   -2.51   -0.07
   5 2015   31.73   21.52    0.00    2.38   -2.50   -0.03
   7 2015  -99.00  -99.00    0.00    1.63   -2.94    0.55
   3 2015   32.15   21.96    0.00    2.67   -2.64    0.18
  31 2015  -99.00  -99.00  -99.00  -99.00  -99.00  -99.00
  27 2015   31.77   22.10    0.00    2.91   -2.37    0.65
  17 2015   31.88   21.63    0.00    1.87   -2.37   -0.11
  11 2015   31.47   21.79    0.00    2.56   -2.76    0.19
  19 2015   31.54   22.18    0.00    2.06   -3.07    0.18
  21 2015   31.73   22.19   64.01    3.69   -2.87    0.16
  23 2015   31.87   22.18    0.00    4.17   -2.13   -0.19
   5 2045   32.19   21.07    0.00    2.62   -2.83   -0.05
   7 2045  -99.00  -99.00  -99.00  -99.00  -99.00  -99.00
   3 2045   32.65   21.70    0.00    2.53   -2.72    0.21
  31 2045   32.99   21.44    0.00    2.48   -2.84    0.31
  27 2045   32.41   20.93    0.00    1.92   -4.85    0.24
  17 2045   32.61   20.99    0.00    2.74   -3.31   -0.11
  11 2045   31.89   21.43    0.00    2.81   -3.17    0.17
  19 2045   32.15   21.63    0.00    2.83   -3.14    0.26
  21 2045   32.15   21.78   64.01    3.38   -2.81    0.14
  23 2045   32.29   21.55    0.00    3.64   -3.02   -0.18
   5 2115   32.45   20.80    0.00    3.21   -3.03   -0.05
   7 2115  -99.00  -99.00  -99.00  -99.00  -99.00  -99.00
   3 2115   32.75   21.20    0.00    2.63   -3.57    0.21
  31 2115   33.44   21.26    0.00    3.45   -2.73    0.47
  27 2115   32.74   20.89    0.00    1.59   -4.98    0.13
  17 2115   32.69   20.92    0.00    4.55   -3.11   -0.14
  11 2115   32.19   21.01    0.00    2.60   -3.93    0.23
  19 2115   32.34   21.56    0.00    4.28   -3.45    0.33
  21 2115   32.62   21.37   64.01    3.47   -3.35    0.17
  23 2115   32.59   21.38    0.00    2.84   -2.87   -0.13
   5 2145   32.22   20.80    0.00    3.32   -2.99   -0.05
   7 2145   32.45   20.59    0.00    2.27   -3.88    0.79
   3 2145   32.52   21.05    0.00    3.42   -3.49    0.17
  31 2145   33.17   21.05    0.00    4.32   -2.51    0.57
  27 2145   32.84   20.91    0.00    1.96   -4.53    0.23
  17 2145   32.30   21.07    0.00    4.39   -3.13   -0.14
  11 2145   32.10   20.76    0.00    3.33   -3.76    0.23
  19 2145   31.93   21.78    0.00    5.65   -3.11    0.31
  21 2145   32.39   21.69   64.01    5.17   -3.23    0.19
  23 2145   32.78   20.97    0.00    3.70   -3.35   -0.17
   5 2215   31.75   20.56    0.00    3.53   -2.79   -0.09
   7 2215   32.13   20.85    0.00    2.42   -2.71    0.75
   3 2215   32.21   21.05    0.00    3.50   -2.79    0.15
  31 2215   32.74   20.95    0.00    4.31   -2.52    0.56
  27 2215   32.54   20.83    0.00    3.36   -3.11    0.77
  17 2215   31.77   21.11    0.00    4.78   -2.39   -0.13
  11 2215   31.76   20.73    0.00    3.72   -3.31    0.21
  19 2215   31.59   21.68    0.00    4.85   -2.99    0.32
  21 2215   32.00   21.64   64.01    4.75   -3.19    0.15
  23 2215   32.39   20.73    0.00    4.09   -3.16   -0.20
   5 2245   31.22   20.00    0.00    3.27   -2.63   -0.09
   7 2245   31.68   20.65    0.00    2.50   -2.23    0.65
   3 2245   31.65   20.44    0.00    3.21   -2.83    0.15
  31 2245   32.23   20.62    0.00    3.43   -2.72    0.46
  27 2245   32.02   20.93    0.00    3.57   -2.24    0.89
  17 2245   31.24   20.45    0.00    4.55   -2.09   -0.13
  11 2245   31.37   20.72    0.00    3.55   -2.69    0.17
  19 2245   31.14   20.71    0.00    4.77   -2.93    0.31
  21 2245   31.46   21.31   64.01    4.70   -2.64    0.17
  23 2245   31.90   20.90    0.00    4.21   -2.82   -0.21
   5 2315   30.62   20.66    0.00    3.16   -1.55   -0.04
   7 2315   31.04   20.87    0.00    2.53   -1.58    0.56
   3 2315   31.09   21.14    0.00    3.21   -1.85    0.11
  31 2315   31.59   20.77    0.00    3.48   -1.89    0.43
  27 2315   31.69   20.51    0.00    2.33   -2.15    0.51
  17 2315   30.70   20.20    0.00    3.81   -1.44   -0.06
  11 2315   30.64   20.72    0.00    4.01   -1.55    0.15
  19 2315   30.72   20.15    0.00    4.61   -2.98    0.27
  21 2315   30.87   20.50   64.01    4.36   -2.65    0.15
  23 2315   31.14   20.31    0.00    4.18   -2.39   -0.19
   5 2345   29.62   20.33    0.00    3.18   -0.94   -0.05
   7 2345   30.27   20.57    0.00    2.09   -1.66    0.47
   3 2345   30.18   20.89    0.00    3.21   -1.07    0.09
  31 2345   30.67   20.96    0.00    3.23   -1.15    0.41
  27 2345   31.19   20.19    0.00    1.76   -2.65    0.33
  17 2345   29.99   19.83    0.00    3.59   -1.74   -0.09
  11 2345   29.84   20.56    0.00    3.48   -1.73    0.17
  19 2345   30.02   19.44    0.00    4.61   -2.89    0.29
  21 2345   30.09   19.79   64.01    4.10   -2.63    0.16
  23 2345   30.10   20.87    0.00    3.95   -1.50   -0.17
