   5   15   28.34   19.14    0.00    3.19   -1.23   -0.03
   7   15   29.22   19.38    0.00    2.08   -1.70    0.45
   3   15   28.84   19.75    0.00    3.24   -1.34    0.04
  31   15   29.22   20.27    0.00    2.75   -0.83    0.33
  27   15   30.00   20.92    0.00    1.70   -1.66    0.34
  17   15   28.85   18.54    0.00    3.64   -2.31   -0.11
  11   15   28.63   19.99    0.00    2.96   -1.54    0.16
  19   15   28.85   18.90    0.00    4.13   -2.73    0.25
  21   15   28.91   19.53   64.01    3.49   -2.14    0.11
  23   15   28.73   20.61    0.00    3.24   -1.33   -0.11
   5   45   26.36   18.21    0.00    1.93   -0.99   -0.05
   7   45   27.95   17.99    0.00    2.20   -1.95    0.41
   3   45   26.95   18.65    0.00    2.65   -1.13    0.04
  31   45   27.35   18.67    0.00    2.67   -0.94    0.30
  27   45   28.45   20.22    0.00    2.95   -1.39    0.65
  17   45   27.26   17.74    0.00    3.04   -2.09   -0.07
  11   45   26.80   18.22    0.00    2.48   -1.97    0.13
  19   45   27.27   18.13    0.00    3.69   -2.59    0.25
  21   45   27.36   18.41   64.01    3.16   -2.39    0.12
  23   45   26.84   19.08    0.00    3.43   -1.65   -0.14
   5  115   25.08   17.73    0.00    1.62   -1.04   -0.06
   7  115   26.89   17.97    0.00    1.83   -1.70    0.41
   3  115   25.43   18.05    0.00    2.26   -1.49    0.03
  31  115   25.88   18.26    0.00    1.53   -1.08    0.15
  27  115   27.09   18.95    0.00    1.91   -1.56    0.34
  17  115   24.91   17.53    0.00    1.90   -1.74   -0.05
  11  115   24.69   17.67    0.00    1.57   -1.93    0.11
  19  115   26.40   17.79    0.00    3.75   -2.55    0.25
  21  115   25.76   17.74   64.01    2.85   -1.97    0.11
  23  115   24.76   17.65    0.00    3.08   -1.55   -0.13
   5  145   25.01   17.60    0.00    1.57   -0.45   -0.06
   7  145   26.27   17.98    0.00    1.66   -1.35    0.35
   3  145   25.19   17.97    0.00    1.78   -0.61   -0.01
  31  145   25.27   18.00    0.00    1.83   -1.17    0.19
  27  145  -99.00  -99.00  -99.00  -99.00  -99.00  -99.00
  17  145   23.22   17.36    0.00    1.39   -1.45   -0.03
  11  145   24.71   17.72    0.00    1.28   -1.29    0.05
  19  145   24.71   17.65    0.00    2.17   -1.37    0.15
  21  145   24.71   17.49   64.01    1.55   -1.32    0.08
  23  145   22.41   17.41    0.00    2.68   -0.57   -0.10
   5  215   24.98   17.51    0.00    0.97    0.03   -0.03
   7  215   25.95   17.77    0.00    1.51   -1.02    0.31
   3  215   25.68   18.07    0.00    0.63    0.30   -0.03
  31  215   22.83   17.24    0.00    1.03   -0.17    0.14
  27  215  -99.00  -99.00  -99.00  -99.00  -99.00  -99.00
  17  215   24.21   17.37    0.00    0.93   -0.58   -0.01
  11  215   25.15   17.80    0.00    0.99   -1.10    0.05
  19  215   24.15   17.60    0.00    0.44   -0.40    0.03
  21  215   25.05   17.55   64.01    1.32   -0.89    0.04
  23  215   22.68   17.38    0.00    2.31   -0.93   -0.09
   5  245   24.53   17.28    0.00   -0.05    0.63    0.00
   7  245   25.07   17.52    0.00    0.31   -0.14    0.06
   3  245   26.07   17.99    0.00    0.17    0.19   -0.02
  31  245   21.60   16.84    0.00    0.25    0.01    0.00
  27  245   25.25   17.81    0.00    0.03    0.63    0.01
  17  245   22.62   17.14    0.00   -0.76   -0.21    0.01
  11  245   25.89   17.73    0.00    0.80   -0.75    0.04
  19  245   22.58   17.59    0.00   -0.10    0.79   -0.03
  21  245   24.17   17.49   64.01    0.12   -0.19    0.01
  23  245   22.07   17.20    0.00    1.83   -0.39   -0.03
   5  315   25.30   17.07    0.00   -0.41    0.03    0.00
   7  315   26.01   17.68    0.00    0.00    0.15    0.01
   3  315  -99.00  -99.00  -99.00  -99.00  -99.00  -99.00
  31  315   21.07   16.45    0.00    0.41   -0.01    0.01
  27  315   23.18   17.45    0.00   -0.03    0.18    0.01
  17  315   22.58   17.01    0.00   -1.05   -0.17    0.01
  11  315   25.85   17.43    0.00    0.13   -0.89    0.02
  19  315   20.54   17.37    0.00   -0.25    0.86   -0.01
  21  315   25.32   17.53   64.01    0.03   -0.62    0.00
  23  315   23.51   17.18    0.00    1.44   -1.46   -0.04
   5  345  -99.00  -99.00  -99.00  -99.00  -99.00  -99.00
   7  345  -99.00  -99.00  -99.00  -99.00  -99.00  -99.00
   3  345  -99.00  -99.00  -99.00  -99.00  -99.00  -99.00
  31  345  -99.00  -99.00  -99.00  -99.00  -99.00  -99.00
  27  345  -99.00  -99.00  -99.00  -99.00  -99.00  -99.00
  17  345  -99.00  -99.00  -99.00  -99.00  -99.00  -99.00
  11  345  -99.00  -99.00  -99.00  -99.00  -99.00  -99.00
  19  345  -99.00  -99.00  -99.00  -99.00  -99.00  -99.00
  21  345  -99.00  -99.00  -99.00  -99.00  -99.00  -99.00
  23  345  -99.00  -99.00  -99.00  -99.00  -99.00  -99.00
   5  415  -99.00  -99.00  -99.00  -99.00  -99.00  -99.00
   7  415  -99.00  -99.00  -99.00  -99.00  -99.00  -99.00
   3  415  -99.00  -99.00  -99.00  -99.00  -99.00  -99.00
  31  415  -99.00  -99.00  -99.00  -99.00  -99.00  -99.00
  27  415  -99.00  -99.00  -99.00  -99.00  -99.00  -99.00
  17  415  -99.00  -99.00  -99.00  -99.00  -99.00  -99.00
  11  415  -99.00  -99.00  -99.00  -99.00  -99.00  -99.00
  19  415  -99.00  -99.00  -99.00  -99.00  -99.00  -99.00
  21  415  -99.00  -99.00  -99.00  -99.00  -99.00  -99.00
  23  415  -99.00  -99.00  -99.00  -99.00  -99.00  -99.00
   5  445   25.45   15.96    0.00   -0.49   -0.07    0.02
   7  445   26.50   16.68    0.00   -0.29   -0.05   -0.02
   3  445   26.09   16.99    0.00   -0.83    0.19   -0.01
  31  445   19.59   15.28    0.00    0.21    0.03    0.00
  27  445   19.07   17.25    0.00    0.00    0.02    0.00
  17  445   18.28   16.15    0.00   -1.17    0.45    0.03
  11  445   25.75   16.63    0.00   -0.85   -0.82    0.02
  19  445   18.27   16.54    0.00   -0.31    0.97   -0.03
  21  445   24.99   16.76   64.01   -1.04   -2.16    0.02
  23  445   24.19   16.48    0.00    0.00   -1.05    0.00
   5  515  -99.00  -99.00  -99.00  -99.00  -99.00  -99.00
   7  515  -99.00  -99.00  -99.00  -99.00  -99.00  -99.00
   3  515   25.02   17.19    0.00   -2.00    1.09    0.01
  31  515   19.60   15.38    0.00    0.28    0.31    0.01
  27  515   18.25   16.60    0.00    0.04    0.09    0.02
  17  515   18.74   16.23    0.00   -1.34    0.21    0.03
  11  515   26.16   16.69    0.00   -1.79    0.06    0.00
  19  515   19.60   16.48    0.00    0.09    0.07    0.01
  21  515   23.25   16.37   64.01   -1.11   -0.64    0.00
  23  515   25.59   16.68    0.00   -0.28   -1.10    0.00
   5  545   23.22   16.52    0.00   -1.67    1.21    0.11
   7  545   24.22   16.63    0.00   -1.83    1.71   -0.53
   3  545   24.66   17.23    0.00   -2.33    1.87   -0.01
  31  545   19.35   15.21    0.00    0.05    0.04    0.00
  27  545   19.44   16.51    0.00   -0.07    0.33    0.04
  17  545   19.73   16.02    0.00   -1.37    0.11    0.03
  11  545   25.61   17.01    0.00   -2.20    0.61   -0.01
  19  545   17.27   15.89    0.00   -0.35    1.37   -0.06
  21  545   22.38   16.50   64.01   -1.62    1.06   -0.02
  23  545   21.84   16.14    0.00   -0.29    0.77    0.04
   5  615   23.01   16.58    0.00   -3.30    1.98    0.23
   7  615   24.16   16.97    0.00   -2.00    1.67   -0.57
   3  615   24.55   17.24    0.00   -2.36    2.13   -0.05
  31  615   19.55   15.22    0.00    0.03    0.48    0.01
  27  615  -99.00  -99.00  -99.00  -99.00  -99.00  -99.00
  17  615   17.57   15.45    0.00   -1.47    0.56    0.04
  11  615   22.16   16.42    0.00   -2.10    1.76   -0.01
  19  615   17.44   15.64    0.00   -1.11    2.05   -0.10
  21  615   20.01   15.97   64.01   -1.93    2.15   -0.01
  23  615   19.08   15.69    0.00   -0.02    1.76    0.09
   5  645   20.68   16.01    0.00   -1.75    2.66    0.15
   7  645   20.19   15.97    0.00   -0.93    2.49   -0.35
   3  645   22.01   16.69    0.00   -2.01    3.52   -0.13
  31  645   20.33   16.02    0.00   -0.95    0.96   -0.07
  27  645  -99.00  -99.00  -99.00  -99.00  -99.00  -99.00
  17  645   18.04   15.20    0.00   -1.87    0.16    0.04
  11  645   19.20   15.72    0.00   -2.10    2.42   -0.03
  19  645   18.29   15.68    0.00   -0.82    1.45   -0.06
  21  645   19.99   15.91   64.01   -2.02    2.27    0.00
  23  645   19.75   15.87    0.00   -0.37    1.26    0.05
   5  715   20.28   15.76    0.00   -1.27    2.51    0.11
   7  715   20.79   16.14    0.00   -0.89    2.07   -0.31
   3  715   23.23   16.98    0.00   -2.10    4.03   -0.17
  31  715   18.99   15.74    0.00   -0.03    0.37    0.00
  27  715   18.17   15.90    0.00    0.62    0.13    0.08
  17  715   19.36   15.40    0.00   -1.73    0.05    0.03
  11  715   19.53   15.67    0.00   -1.84    2.24   -0.01
  19  715   19.34   15.91    0.00   -0.21    0.53   -0.02
  21  715   20.15   16.03   64.01   -1.87    1.82    0.00
  23  715   20.43   15.93    0.00   -0.18    0.77    0.01
   5  745   16.71   13.72 1040.13    0.05  -10.43    0.09
   7  745   21.78   16.36    0.00   -1.21    1.84   -0.37
   3  745   23.10   16.96    0.00   -2.15    3.01   -0.11
  31  745   19.18   15.67    0.00    0.13    0.36    0.00
  27  745   18.21   15.78    0.00    0.49    0.22    0.14
  17  745   19.93   15.52    0.00   -1.60    0.06    0.03
  11  745   21.09   16.03    0.00   -1.90    1.70    0.00
  19  745   18.66   15.66    0.00   -0.03    0.41    0.00
  21  745   20.14   16.07   64.01   -1.55    1.52    0.00
  23  745   21.43   16.11    0.00   -0.11    0.99    0.01
   5  815   20.10   15.68    0.00   -0.06    1.93    0.01
   7  815   20.76   16.08    0.00   -0.89    2.39   -0.33
   3  815   22.75   16.91    0.00   -1.89    3.98   -0.18
  31  815   19.79   15.91    0.00    0.05    0.89    0.00
  27  815   18.05   15.78    0.00    0.08    0.10    0.06
  17  815   17.61   14.92    0.00   -1.27    0.46    0.02
  11  815   20.04   15.94    0.00   -1.59    2.47    0.00
  19  815   18.00   15.53    0.00   -0.28    0.97   -0.03
  21  815   19.61   15.97   64.01   -1.34    1.97    0.00
  23  815   20.80   16.09    0.00   -0.11    1.15    0.01
   5  845   19.94   15.64    0.00   -0.06    1.86    0.03
   7  845   20.79   16.19    0.00   -0.69    2.61   -0.29
   3  845   22.56   16.77    0.00   -1.67    3.87   -0.13
  31  845   19.62   15.84    0.00    0.23    0.28    0.01
  27  845   17.38   15.53    0.00    0.41   -0.05    0.07
  17  845   18.30   15.09    0.00   -0.51    0.09    0.00
  11  845   20.98   16.15    0.00   -0.98    1.95   -0.01
  19  845   18.10   15.55    0.00    0.13    0.32   -0.01
  21  845   20.35   16.28   64.01   -1.05    1.60    0.00
  23  845   20.83   16.21    0.00    0.19    1.14    0.00
   5  915   19.90   15.58    0.00   -0.25    1.73    0.03
   7  915   21.13   16.29    0.00   -1.21    2.77   -0.41
   3  915   22.67   16.76    0.00   -1.64    4.19   -0.18
  31  915   19.99   16.02    0.00    0.18    0.71    0.02
  27  915   17.92   15.64    0.00    0.02    0.07   -0.01
  17  915   17.52   14.78    0.00   -1.37    0.43    0.04
  11  915   20.69   16.08    0.00   -1.02    2.07   -0.01
  19  915   16.48   15.15    0.00   -0.46    0.95   -0.04
  21  915   20.41   16.25   64.01   -0.85    1.65    0.00
  23  915   20.95   16.27    0.00    0.26    1.41    0.04
   5  945   20.07   15.63    0.00   -0.33    1.19    0.03
   7  945   21.43   16.39    0.00   -1.39    2.57   -0.43
   3  945   23.61   16.97    0.00   -1.63    3.84   -0.11
  31  945   19.68   15.83    0.00    0.09    0.04    0.00
  27  945   16.99   15.39    0.00   -0.13   -0.23   -0.03
  17  945   17.31   14.75    0.00   -1.64   -0.02    0.04
  11  945   21.05   16.10    0.00   -1.33    1.72    0.00
  19  945   16.51   15.03    0.00   -0.42    0.67   -0.02
  21  945   20.78   16.29   64.01   -1.29    1.58   -0.02
  23  945   21.27   16.37    0.00    0.00    0.95    0.01
   5 1015   20.23   15.68    0.00   -1.28    1.77    0.09
   7 1015   21.26   16.34    0.00   -3.88   -5.27   -0.50
   3 1015   23.70   16.96    0.00   -1.99    3.65   -0.12
  31 1015   18.63   15.55    0.00   -0.67    0.75   -0.02
  27 1015   17.90   15.59    0.00   -0.11    0.46    0.45
  17 1015   17.49   14.82    0.00   -1.61    0.51    0.05
  11 1015   20.27   15.87    0.00   -1.84    2.09    0.00
  19 1015   16.49   15.06    0.00   -0.85    1.60   -0.08
  21 1015   19.69   15.99   64.01   -2.18    2.10    0.00
  23 1015   20.79   16.13    0.00   -0.69    1.31    0.08
   5 1045   19.77   15.65    0.00   -2.10    2.75    0.19
   7 1045   19.14   15.61    0.00   -0.77    2.17   -0.26
   3 1045   22.43   16.64    0.00   -2.59    3.85   -0.21
  31 1045   17.98   15.39    0.00   -0.62    0.67   -0.01
  27 1045   16.52   15.12    0.00   -0.05   -0.15    0.01
  17 1045   16.79   14.65    0.00   -1.41    0.57    0.04
  11 1045   19.00   15.56    0.00   -2.15    2.47   -0.04
  19 1045   17.49   15.33    0.00   -0.51    1.19   -0.03
  21 1045   19.41   15.97   64.01   -2.81    2.31    0.01
  23 1045   19.95   15.87    0.00   -0.97    1.03    0.08
   5 1115   19.35   15.50    0.00   -2.29    3.40    0.21
   7 1115   18.04   15.34    0.00    0.13    1.95   -0.07
   3 1115   22.38   16.70    0.00   -1.97    4.31   -0.14
  31 1115   17.67   15.19    0.00   -0.51    0.93    0.00
  27 1115   16.13   14.93    0.00    0.59    0.03    0.09
  17 1115   16.72   14.62    0.00   -1.44    0.65    0.03
  11 1115   18.46   15.46    0.00   -1.67    2.69   -0.03
  19 1115   17.83   15.45    0.00   -1.50    2.74   -0.08
  21 1115   18.48   15.64   64.01   -2.55    2.77    0.00
  23 1115   19.09   15.58    0.00   -0.79    1.03    0.07
   5 1145   19.53   15.49    0.00   -1.42    2.95    0.13
   7 1145   18.41   15.58    0.00    0.35    1.89   -0.03
   3 1145   21.47   16.39    0.00   -1.38    4.23   -0.15
  31 1145   19.04   15.75    0.00   -0.51    0.83   -0.02
  27 1145   18.25   15.52    0.00   -0.14    0.29    0.01
  17 1145   17.67   14.91    0.00   -1.37    0.33    0.03
  11 1145   18.48   15.54    0.00   -1.61    2.69   -0.02
  19 1145   18.22   15.61    0.00   -1.36    2.06   -0.09
  21 1145   18.33   15.57   64.01   -2.51    2.94    0.01
  23 1145   18.32   15.35    0.00   -0.79    1.07    0.05
   5 1215   19.91   15.74    0.00   -0.89    2.35    0.10
   7 1215   18.66   15.84    0.00    0.15    1.51   -0.01
   3 1215   21.75   16.44    0.00   -1.41    4.22   -0.15
  31 1215   20.71   16.46    0.00   -0.49    0.68   -0.03
  27 1215   18.74   15.62    0.00    0.25   -0.03    0.03
  17 1215   18.28   15.48    0.00   -1.62    0.00    0.05
  11 1215   19.88   16.01    0.00   -1.10    2.19   -0.05
  19 1215   19.10   16.10    0.00   -0.41    0.51   -0.01
  21 1215   19.46   16.13   64.01   -1.81    2.12    0.01
  23 1215   19.24   15.85    0.00   -0.70    0.94    0.03
   5 1245   20.94   16.42    0.00   -0.35    2.07    0.07
   7 1245   20.46   16.81    0.00    0.41    1.81   -0.02
   3 1245   22.59   16.87    0.00   -1.11    3.69   -0.14
  31 1245   21.44   17.36    0.00   -0.62    0.79   -0.06
  27 1245   18.69   15.82    0.00    0.31    0.08    0.04
  17 1245   20.00   16.80    0.00   -1.56    0.21    0.05
  11 1245   21.25   16.97    0.00   -1.36    2.18   -0.03
  19 1245   19.83   17.18    0.00   -0.09    0.19    0.00
  21 1245   21.19   17.10   64.01   -1.01    1.38    0.00
  23 1245   20.77   17.30    0.00   -0.11    0.63    0.01
   5 1315   22.54   17.73    0.00    0.20    0.41    0.03
   7 1315   21.78   17.73    0.00    0.14    1.26    0.01
   3 1315   24.32   17.93    0.00   -0.72    2.07   -0.09
  31 1315   22.65   18.52    0.00   -1.11    0.21   -0.10
  27 1315   20.15   17.13    0.00   -0.43   -0.77   -0.17
  17 1315   21.33   17.61    0.00   -1.16    0.27    0.04
  11 1315   22.67   17.93    0.00   -1.33    1.77   -0.03
  19 1315   20.94   18.01    0.00   -1.06    0.85   -0.03
  21 1315   23.09   18.00   64.01   -1.87    1.65    0.02
  23 1315   22.43   18.42    0.00   -0.71    0.68    0.05
   5 1345   21.74   18.21    0.00    0.18   -1.88    0.02
   7 1345   22.82   18.77    0.00   -0.43   -1.57    0.11
   3 1345   23.34   19.26    0.00   -0.39   -1.57    0.15
  31 1345   23.24   18.83    0.00   -0.49   -1.09   -0.05
  27 1345   20.95   18.38    0.00   -0.59   -1.25   -0.21
  17 1345   23.53   18.07    0.00   -0.37   -0.10    0.03
  11 1345   24.68   18.60    0.00   -1.34    0.60   -0.01
  19 1345   22.88   18.84    0.00   -0.40   -0.15    0.00
  21 1345   24.55   18.28   64.01   -1.77    1.71    0.02
  23 1345   23.81   19.13    0.00   -1.07    0.73    0.10
   5 1415   23.68   18.94    0.00   -0.34    0.05    0.03
   7 1415   23.82   19.39    0.00   -0.11   -0.05    0.01
   3 1415   24.81   19.47    0.00   -0.18   -0.03    0.00
  31 1415   24.87   19.72    0.00   -0.43    0.04    0.01
  27 1415   22.17   19.09    0.00    0.19   -0.35    0.05
  17 1415   24.79   18.98    0.00   -0.17    0.11    0.02
  11 1415   25.46   19.08    0.00   -0.33    0.19    0.01
  19 1415   23.89   20.05    0.00   -0.39   -1.03    0.06
  21 1415   26.01   18.72   64.01   -0.25    1.08    0.04
  23 1415   25.94   18.92    0.00   -0.18    0.35    0.04
   5 1445   26.51   19.38    0.00   -0.67    1.33    0.04
   7 1445   26.79   19.51    0.00   -0.51    1.58   -0.21
   3 1445   27.50   19.51    0.00   -0.61    1.75   -0.03
  31 1445   26.34   20.11    0.00   -1.01    0.53   -0.09
  27 1445   24.17   20.03    0.00    0.17   -0.49    0.06
  17 1445   26.00   19.06    0.00   -1.55    0.99    0.09
  11 1445   26.83   19.08    0.00   -0.80    1.57    0.00
  19 1445   26.06   20.19    0.00   -0.91    0.30    0.03
  21 1445   27.56   18.74   64.01   -0.81    1.59    0.00
  23 1445   27.03   18.93    0.00   -0.16    1.61    0.08
   5 1515   27.96   18.75    0.00   -1.06    2.13    0.11
   7 1515   27.93   19.41    0.00   -0.34    1.50   -0.19
   3 1515   28.59   19.38    0.00   -0.65    1.89   -0.07
  31 1515   27.78   20.41    0.00   -1.09    0.52   -0.09
  27 1515   26.11   20.99    0.00   -0.77   -1.02   -0.23
  17 1515   27.54   19.31    0.00   -1.53    1.28    0.13
  11 1515   27.77   19.19    0.00   -1.07    1.09   -0.02
  19 1515   27.83   20.05    0.00   -1.23    0.32    0.03
  21 1515   28.74   18.70   64.01   -1.28    1.62    0.01
  23 1515   27.96   18.99    0.00   -0.96    1.45    0.09
   5 1545   28.69   18.53    0.00   -0.48    0.78    0.04
   7 1545   28.82   18.99    0.00   -0.33    0.90   -0.19
   3 1545   29.34   19.13    0.00   -0.42    1.21   -0.01
  31 1545   28.89   20.37    0.00   -1.55   -0.17   -0.15
  27 1545   26.86   21.34    0.00   -0.93   -1.83   -0.25
  17 1545   28.56   19.18    0.00   -0.76    0.72    0.04
  11 1545   28.70   18.99    0.00   -0.66    1.14   -0.01
  19 1545   29.07   19.19    0.00   -1.10    1.59   -0.09
  21 1545   29.40   18.95   64.01   -2.01    1.42    0.03
  23 1545   28.59   19.54    0.00   -2.19    0.65    0.15
   5 1615   29.05   20.37    0.00   -1.77   -0.27    0.16
   7 1615   29.62   19.72    0.00   -0.79    0.55   -0.15
   3 1615   29.15   20.64    0.00   -2.73   -0.38    0.09
  31 1615   28.63   21.73    0.00   -2.81   -1.11   -0.24
  27 1615   27.71   21.50    0.00   -1.37   -0.69   -0.33
  17 1615   29.26   19.07    0.00   -1.96    0.72    0.11
  11 1615   28.58   20.54    0.00   -2.11   -0.95    0.08
  19 1615   29.61   19.33    0.00   -1.31    0.53   -0.03
  21 1615   29.79   19.26   64.01   -1.96    0.47    0.04
  23 1615   28.86   19.86    0.00   -2.16    0.04    0.15
   5 1645   28.71   20.89    0.00   -3.03   -0.63    0.16
   7 1645   29.52   20.99    0.00   -1.62   -0.70   -0.24
   3 1645   29.26   21.46    0.00   -2.81   -0.19    0.11
  31 1645   29.16   21.67    0.00   -2.45   -0.72   -0.19
  27 1645   28.88   21.46    0.00   -1.18   -0.83   -0.27
  17 1645   29.53   19.99    0.00   -2.87   -0.06    0.11
  11 1645   28.51   21.29    0.00   -2.17   -2.15    0.13
  19 1645   30.15   20.22    0.00   -1.76    0.61    0.00
  21 1645   29.95   19.81   64.01   -2.43    0.59    0.02
  23 1645   29.13   19.93    0.00   -2.15    1.09    0.16
   5 1715   29.12   20.78    0.00   -3.08   -1.19    0.15
   7 1715   29.85   21.01    0.00   -1.61   -0.80   -0.23
   3 1715   29.62   21.18    0.00   -2.59   -0.65    0.13
  31 1715   29.90   21.46    0.00   -1.93   -1.44   -0.16
  27 1715   29.75   21.11    0.00   -1.09   -0.85   -0.27
  17 1715   29.72   20.83    0.00   -2.87   -1.03    0.13
  11 1715   29.63   20.27    0.00   -2.68   -0.25    0.03
  19 1715   30.25   20.57    0.00   -2.18   -0.49    0.02
  21 1715   30.11   20.03   64.01   -2.23    0.33    0.02
  23 1715   29.56   20.12    0.00   -2.33    0.05    0.21
   5 1745   29.51   20.39    0.00   -2.78   -1.75    0.17
   7 1745   30.36   21.11    0.00   -1.91   -1.61   -0.11
   3 1745   29.89   20.93    0.00   -2.96   -1.85    0.21
  31 1745   30.39   21.05    0.00   -2.54   -1.34   -0.21
  27 1745   30.29   20.85    0.00   -1.37   -0.73   -0.36
  17 1745   30.25   20.00    0.00   -3.59    0.27    0.17
  11 1745   29.82   20.13    0.00   -2.67    0.07   -0.03
  19 1745   30.50   20.78    0.00   -2.39    0.37   -0.01
  21 1745   30.47   20.34   64.01   -2.86    0.75    0.07
  23 1745   29.93   20.43    0.00   -2.60    0.37    0.25
   5 1815   30.18   20.33    0.00   -3.72   -0.79    0.27
   7 1815   31.19   20.48    0.00   -1.33    0.04   -0.29
   3 1815   30.67   20.75    0.00   -3.87   -0.43    0.17
  31 1815   31.00   20.89    0.00   -2.86   -0.89   -0.22
  27 1815   31.18   20.76    0.00   -1.42    0.05   -0.29
  17 1815   30.49   19.80    0.00   -3.93    1.01    0.19
  11 1815   30.22   19.98    0.00   -3.42    1.20   -0.04
  19 1815   30.67   21.00    0.00   -3.20    0.34   -0.03
  21 1815   30.88   20.64   64.01   -3.33    0.53    0.05
  23 1815   30.17   20.46    0.00   -2.84    1.37    0.24
   5 1845   30.74   19.99    0.00   -3.74    0.87    0.23
   7 1845   31.81   20.88    0.00   -0.71    0.37   -0.20
   3 1845   31.24   20.56    0.00   -3.57    0.46    0.12
  31 1845   31.82   20.93    0.00   -2.95    0.57   -0.21
  27 1845   31.80   20.88    0.00   -1.67    0.79   -0.28
  17 1845   30.74   20.19    0.00   -4.03    1.49    0.27
  11 1845   30.60   20.54    0.00   -3.63    0.89   -0.01
  19 1845   31.00   21.19    0.00   -3.39    0.79   -0.03
  21 1845   31.58   20.07   64.01   -4.33    1.42    0.08
  23 1845   30.59   20.45    0.00   -3.57    1.19    0.25
   5 1915   30.91   20.25    0.00   -4.53    1.11    0.24
   7 1915   32.12   21.11    0.00   -0.87    0.97   -0.38
   3 1915   31.51   20.93    0.00   -4.09    0.51    0.17
  31 1915   31.93   21.25    0.00   -3.49    0.83   -0.30
  27 1915   32.00   21.38    0.00   -2.12    1.05   -0.33
  17 1915   31.24   19.91    0.00   -4.62    2.19    0.27
  11 1915   31.21   20.64    0.00   -3.75    1.23    0.03
  19 1915   31.44   20.40    0.00   -4.37    1.69   -0.02
  21 1915   31.76   20.02   64.01   -5.15    1.35    0.09
  23 1915   31.19   19.70    0.00   -4.56    1.84    0.39
   5 1945   31.51   20.35    0.00   -4.31    2.11    0.31
   7 1945   32.67   20.65    0.00   -0.57    1.31   -0.22
   3 1945   32.00   20.80    0.00   -3.67    1.91    0.09
  31 1945  -99.00  -99.00  -99.00  -99.00  -99.00  -99.00
  27 1945   32.29   21.52    0.00   -2.31    1.32   -0.34
  17 1945   31.61   19.37    0.00   -5.57    2.68    0.37
  11 1945   31.48   19.80    0.00   -4.28    2.58   -0.05
  19 1945   31.44   20.44    0.00   -5.05    2.16   -0.10
  21 1945   31.71   20.33   64.01   -5.76    1.59    0.09
  23 1945   31.31   20.11    0.00   -4.74    2.14    0.44
   5 2015   31.66   19.66    0.00   -5.15    2.25    0.35
   7 2015   32.76   20.86    0.00   -0.65    1.63   -0.24
   3 2015  -99.00  -99.00  -99.00  -99.00  -99.00  -99.00
  31 2015  -99.00  -99.00  -99.00  -99.00  -99.00  -99.00
  27 2015   32.68   21.12    0.00   -2.46    1.96   -0.31
  17 2015   31.61   19.95    0.00   -5.53    2.82    0.33
  11 2015   31.44   20.33    0.00   -4.45    2.94   -0.05
  19 2015   31.56   21.10    0.00   -3.88    2.51   -0.09
  21 2015   32.06   21.21   64.01   -5.39    1.67    0.12
  23 2015   31.24   20.70    0.00   -4.75    2.75    0.41
   5 2045   31.63   20.30    0.00   -4.96    3.15    0.35
   7 2045   32.65   21.45    0.00   -0.81    1.86   -0.43
   3 2045  -99.00  -99.00  -99.00  -99.00  -99.00  -99.00
  31 2045  -99.00  -99.00  -99.00  -99.00  -99.00  -99.00
  27 2045   32.69   21.16    0.00   -2.49    2.71   -0.22
  17 2045   31.55   20.49    0.00   -5.57    3.48    0.37
  11 2045   31.38   20.90    0.00   -4.49    3.39   -0.09
  19 2045   31.53   21.56    0.00   -4.24    2.88   -0.09
  21 2045   31.80   21.32   64.01   -5.72    1.54    0.08
  23 2045   31.26   21.06    0.00   -3.91    3.16    0.36
   5 2115   31.54   20.54    0.00   -4.39    4.31    0.34
   7 2115   32.54   21.89    0.00   -1.07    2.71   -0.49
   3 2115  -99.00  -99.00  -99.00  -99.00  -99.00  -99.00
  31 2115  -99.00  -99.00  -99.00  -99.00  -99.00  -99.00
  27 2115   32.50   21.48    0.00   -2.83    3.47   -0.27
  17 2115   31.51   21.04    0.00   -5.11    3.71    0.41
  11 2115   31.29   21.34    0.00   -3.90    4.24   -0.12
  19 2115   31.36   21.89    0.00   -4.17    3.49   -0.12
  21 2115   31.83   21.82   64.01   -4.90    1.83    0.07
  23 2115   31.19   21.73    0.00   -3.53    3.46    0.38
   5 2145   31.26   21.13    0.00   -4.25    4.40    0.29
   7 2145   32.29   22.37    0.00   -1.23    2.76   -0.52
   3 2145  -99.00  -99.00  -99.00  -99.00  -99.00  -99.00
  31 2145  -99.00  -99.00  -99.00  -99.00  -99.00  -99.00
  27 2145   32.31   22.19    0.00   -2.85    3.10   -0.30
  17 2145   31.33   21.58    0.00   -4.80    3.78    0.39
  11 2145   31.14   21.76    0.00   -3.94    3.93   -0.05
  19 2145   31.33   22.44    0.00   -3.39    3.43   -0.09
  21 2145   31.71   22.44   64.01   -4.22    1.89    0.07
  23 2145   31.00   21.87    0.00   -3.58    3.30    0.33
   5 2215   31.01   21.59    0.00   -3.77    4.71    0.32
   7 2215   31.98   22.73    0.00   -0.96    2.91   -0.44
   3 2215  -99.00  -99.00  -99.00  -99.00  -99.00  -99.00
  31 2215   31.81   22.28    0.00   -3.42    3.36   -0.27
  27 2215   32.09   22.40    0.00   -2.23    3.64   -0.09
  17 2215   31.05   21.93    0.00   -4.20    3.97    0.37
  11 2215   30.97   22.27    0.00   -3.14    4.39   -0.06
  19 2215   31.17   22.48    0.00   -2.63    4.38   -0.13
  21 2215   31.52   22.37   64.01   -3.46    1.95    0.03
  23 2215   30.77   22.24    0.00   -3.66    3.47    0.34
   5 2245   30.71   21.93    0.00   -3.50    4.39    0.30
   7 2245   31.69   22.91    0.00   -1.08    2.86   -0.49
   3 2245  -99.00  -99.00  -99.00  -99.00  -99.00  -99.00
  31 2245   31.57   22.83    0.00   -3.11    3.09   -0.25
  27 2245   31.87   22.80    0.00   -2.46    3.41   -0.19
  17 2245   30.88   22.02    0.00   -3.15    4.11    0.31
  11 2245   30.74   22.52    0.00   -3.33    4.09   -0.07
  19 2245   30.86   22.73    0.00   -3.16    3.51   -0.14
  21 2245   31.27   22.79   64.01   -3.18    2.09    0.07
  23 2245   30.54   22.59    0.00   -3.13    3.29    0.29
   5 2315   30.33   22.22    0.00   -4.06    3.93    0.30
   7 2315   31.33   23.18    0.00   -1.01    2.33   -0.44
   3 2315  -99.00  -99.00  -99.00  -99.00  -99.00  -99.00
  31 2315   31.12   23.05    0.00   -3.24    2.77   -0.27
  27 2315   31.49   23.07    0.00   -2.58    3.13   -0.26
  17 2315   30.44   22.25    0.00   -3.56    3.45    0.31
  11 2315   30.33   22.72    0.00   -3.57    3.56   -0.08
  19 2315   30.54   23.08    0.00   -3.18    2.87   -0.10
  21 2315   30.85   23.03   64.01   -4.25    1.97    0.03
  23 2315   30.15   22.76    0.00   -3.44    3.01    0.33
   5 2345   29.74   22.35    0.00   -3.68    3.33    0.29
   7 2345   30.65   23.30    0.00   -0.71    1.77   -0.34
   3 2345  -99.00  -99.00  -99.00  -99.00  -99.00  -99.00
  31 2345   30.60   23.10    0.00   -2.82    2.77   -0.23
  27 2345   31.00   23.23    0.00   -2.53    2.59   -0.27
  17 2345   29.92   22.64    0.00   -3.39    2.99    0.32
  11 2345   29.75   22.95    0.00   -3.25    2.86   -0.05
  19 2345   30.04   23.39    0.00   -2.93    2.31   -0.07
  21 2345   30.37   23.34   64.01   -4.19    2.03    0.07
  23 2345   29.63   22.92    0.00   -3.33    2.57    0.29
