   5   15   28.79   22.46    0.00   -3.29    2.63    0.25
   7   15   29.68   23.26    0.00   -0.61    1.69   -0.29
   3   15  -99.00  -99.00  -99.00  -99.00  -99.00  -99.00
  31   15   29.73   23.23    0.00   -2.15    2.10   -0.15
  27   15   30.25   23.25    0.00   -1.73    2.15   -0.14
  17   15   29.14   22.76    0.00   -3.63    2.47    0.32
  11   15   28.89   22.90    0.00   -2.97    2.58   -0.06
  19   15   29.37   23.30    0.00   -3.45    2.62   -0.09
  21   15   29.71   23.31   64.01   -4.33    1.97    0.09
  23   15   28.98   22.86    0.00   -2.76    2.52    0.25
   5   45   27.55   22.26    0.00   -2.73    2.09    0.19
   7   45   28.09   22.93    0.00   -0.01    0.77   -0.10
   3   45  -99.00  -99.00  -99.00  -99.00  -99.00  -99.00
  31   45   28.60   23.08    0.00   -1.81    1.73   -0.13
  27   45   29.18   23.11    0.00   -1.73    1.60   -0.20
  17   45   27.90   22.63    0.00   -2.62    1.64    0.19
  11   45   27.59   22.75    0.00   -2.30    2.07   -0.03
  19   45   28.51   23.22    0.00   -2.65    2.18   -0.06
  21   45   28.84   23.37   64.01   -3.69    1.81    0.07
  23   45   27.88   22.82    0.00   -2.47    1.81    0.23
   5  115   26.45   21.90    0.00   -3.73    2.34    0.22
   7  115   26.50   22.47    0.00    0.01    0.50   -0.03
   3  115  -99.00  -99.00  -99.00  -99.00  -99.00  -99.00
  31  115   27.36   22.59    0.00   -1.95    1.47   -0.13
  27  115   27.93   22.57    0.00   -1.78    1.59   -0.19
  17  115   26.77   22.41    0.00   -3.45    1.90    0.23
  11  115   26.22   22.26    0.00   -2.55    1.68   -0.04
  19  115   27.63   23.06    0.00   -2.76    2.21   -0.06
  21  115   27.47   22.99   64.01   -3.22    1.71    0.03
  23  115   26.38   22.33    0.00   -1.99    1.43    0.17
   5  145   25.61   21.64    0.00   -3.02    2.29    0.20
   7  145   25.35   22.02    0.00    0.10    0.39   -0.01
   3  145  -99.00  -99.00  -99.00  -99.00  -99.00  -99.00
  31  145   26.60   22.45    0.00   -1.61    2.05   -0.09
  27  145   26.74   22.38    0.00   -1.37    1.67   -0.09
  17  145   25.70   22.06    0.00   -2.71    1.01    0.16
  11  145   25.00   21.90    0.00   -2.12    1.67   -0.04
  19  145   26.66   22.88    0.00   -2.09    1.89   -0.07
  21  145   26.39   22.85   64.01   -3.03    1.71    0.04
  23  145   25.20   22.18    0.00   -1.53    1.33    0.14
   5  215   25.13   21.71    0.00   -3.07    2.81    0.22
   7  215   24.17   21.84    0.00    0.45    1.09    0.01
   3  215  -99.00  -99.00  -99.00  -99.00  -99.00  -99.00
  31  215   26.01   22.43    0.00   -1.61    2.47   -0.10
  27  215   26.33   22.35    0.00   -1.43    2.38   -0.04
  17  215   25.12   21.99    0.00   -3.35    1.16    0.19
  11  215   24.34   21.91    0.00   -2.05    1.43   -0.01
  19  215   25.93   22.83    0.00   -1.21    1.05   -0.01
  21  215   26.01   22.98   64.01   -2.83    1.63    0.05
  23  215   24.72   22.22    0.00   -1.28    1.11    0.10
   5  245   25.03   21.92    0.00   -2.97    3.43    0.23
   7  245   24.25   22.14    0.00    0.38    1.35    0.00
   3  245  -99.00  -99.00  -99.00  -99.00  -99.00  -99.00
  31  245   25.29   22.37    0.00   -1.39    2.17   -0.09
  27  245   26.02   22.23    0.00   -1.40    2.51   -0.05
  17  245   24.69   22.12    0.00   -3.03    2.28    0.23
  11  245   24.30   22.07    0.00   -1.71    2.91   -0.04
  19  245   25.51   22.88    0.00   -1.51    2.49   -0.07
  21  245   25.50   22.90   64.01   -2.86    1.58    0.03
  23  245   24.93   22.29    0.00   -1.84    2.92    0.21
   5  315   24.94   21.65    0.00   -3.43    5.60    0.29
   7  315   24.68   22.24    0.00    0.36    2.91   -0.10
   3  315  -99.00  -99.00  -99.00  -99.00  -99.00  -99.00
  31  315   25.55   22.19    0.00   -2.03    3.95   -0.11
  27  315   25.81   22.16    0.00   -1.85    3.64   -0.08
  17  315   25.48   22.03    0.00   -3.87    4.20    0.39
  11  315   24.64   21.98    0.00   -2.12    4.36   -0.03
  19  315   25.84   22.58    0.00   -2.23    4.27   -0.10
  21  315   25.40   22.37   64.01   -2.53    1.73    0.03
  23  315   24.87   21.91    0.00   -2.12    3.88    0.24
   5  345   24.95   21.61    0.00   -3.09    6.27    0.30
   7  345   25.11   22.14    0.00    0.14    3.51   -0.16
   3  345  -99.00  -99.00  -99.00  -99.00  -99.00  -99.00
  31  345   25.55   22.15    0.00   -2.02    3.96   -0.11
  27  345   25.70   22.08    0.00   -1.95    3.81   -0.07
  17  345   25.50   22.12    0.00   -2.69    4.69    0.36
  11  345   24.73   21.84    0.00   -2.37    4.99   -0.06
  19  345   25.90   22.76    0.00   -2.09    5.58   -0.17
  21  345   25.42   22.50   64.01   -2.33    1.87    0.06
  23  345   24.90   21.98    0.00   -2.33    4.45    0.28
   5  415   24.41   21.86    0.00   -1.92    5.34    0.22
   7  415   24.92   22.54    0.00    0.09    3.85   -0.21
   3  415  -99.00  -99.00  -99.00  -99.00  -99.00  -99.00
  31  415   25.04   22.47    0.00   -1.38    3.35   -0.06
  27  415   25.59   22.41    0.00   -1.43    4.08    0.11
  17  415   25.12   22.47    0.00   -1.94    4.36    0.29
  11  415   24.67   22.34    0.00   -1.85    5.15   -0.05
  19  415   25.67   23.01    0.00   -1.76    5.45   -0.14
  21  415   25.18   22.81   64.01   -2.47    2.07    0.03
  23  415   24.82   22.47    0.00   -2.00    4.86    0.28
   5  445   24.25   22.22    0.00   -1.47    5.50    0.20
   7  445   24.76   22.78    0.00    0.14    4.02   -0.26
   3  445  -99.00  -99.00  -99.00  -99.00  -99.00  -99.00
  31  445   25.03   22.90    0.00   -0.95    3.83   -0.04
  27  445   25.32   22.76    0.00   -1.09    3.65    0.08
  17  445   24.60   22.51    0.00   -1.59    3.32    0.23
  11  445   24.49   22.59    0.00   -1.31    4.85   -0.05
  19  445   25.25   23.10    0.00   -0.99    4.35   -0.13
  21  445   25.04   23.03   64.01   -1.87    1.97   -0.01
  23  445   24.80   22.79    0.00   -1.67    4.91    0.26
   5  515   23.89   22.21    0.00   -1.22    1.97    0.11
   7  515   24.55   22.83    0.00   -0.09    2.20   -0.17
   3  515  -99.00  -99.00  -99.00  -99.00  -99.00  -99.00
  31  515   24.68   22.91    0.00   -1.33    1.01   -0.07
  27  515   25.01   22.88    0.00   -1.27    0.09   -0.28
  17  515   24.45   22.55    0.00   -1.31    1.99    0.12
  11  515   24.36   22.67    0.00   -0.85    2.84   -0.03
  19  515   25.00   23.04    0.00   -0.76    3.33   -0.09
  21  515   25.00   23.05   64.01   -1.20    1.99    0.03
  23  515   24.45   22.85    0.00   -1.30    3.83    0.21
   5  545   23.50   22.11    0.00   -2.27   -0.36    0.10
   7  545   24.07   22.65    0.00   -0.02   -0.15    0.03
   3  545  -99.00  -99.00  -99.00  -99.00  -99.00  -99.00
  31  545   24.59   22.95    0.00   -2.04   -0.79   -0.15
  27  545   24.71   22.81    0.00   -0.99   -0.58   -0.25
  17  545   24.32   22.50    0.00   -2.31   -0.13    0.08
  11  545   24.04   22.64    0.00   -2.05   -0.47    0.02
  19  545   24.73   22.89    0.00   -0.91    0.13    0.02
  21  545   24.93   23.01   64.01   -0.77    0.91    0.05
  23  545   24.22   22.83    0.00   -0.93   -0.93    0.06
   5  615   21.71   18.99    0.00   -2.95   -6.83    0.20
   7  615   22.48   19.99    0.00   -2.87   -6.02    0.27
   3  615  -99.00  -99.00  -99.00  -99.00  -99.00  -99.00
  31  615   22.29   19.36    0.00   -2.07   -6.57   -0.06
  27  615   22.59   19.10    0.00   -1.89   -5.51   -0.65
  17  615   22.85   20.45    0.00   -3.46   -5.17   -0.05
  11  615   22.69   20.48    0.00   -2.21   -5.52    0.25
  19  615   24.00   22.09    0.00   -2.21   -2.98    0.19
  21  615   24.08   22.60   64.01   -2.21   -2.69    0.10
  23  615   22.98   21.10    0.00   -1.87   -4.15    0.11
   5  645   21.28   17.43    0.00   -0.96   -6.61    0.13
   7  645   21.65   17.82    0.00   -1.02   -6.24    0.57
   3  645  -99.00  -99.00  -99.00  -99.00  -99.00  -99.00
  31  645   22.42   18.15    0.00    0.85   -5.41    0.17
  27  645   22.52   17.88    0.00    0.35   -3.87   -0.14
  17  645   21.51   17.64    0.00   -2.34   -6.90   -0.18
  11  645   21.54   17.63    0.00   -0.83   -6.78    0.30
  19  645   21.63   18.10    0.00    0.14   -4.67    0.26
  21  645   21.44   18.18   64.01   -1.39   -5.65    0.23
  23  645   21.25   17.68    0.00   -0.93   -6.33    0.05
   5  715   21.57   17.67    0.00    1.41   -3.16   -0.02
   7  715   22.36   18.13    0.00    0.88   -4.51    0.59
   3  715  -99.00  -99.00  -99.00  -99.00  -99.00  -99.00
  31  715   22.57   18.19    0.00    2.43   -3.87    0.36
  27  715   23.48   17.99    0.00    2.03   -6.08    0.12
  17  715   22.14   17.88    0.00    1.63   -3.33   -0.11
  11  715   22.04   18.04    0.00    1.63   -5.81    0.27
  19  715   22.31   18.42    0.00    1.62   -4.57    0.28
  21  715   21.20   18.35   64.01    1.31   -1.99    0.10
  23  715   21.50   18.01    0.00    1.01   -3.19   -0.04
   5  745   18.12   16.46    0.51    4.42   -5.23   -0.07
   7  745   18.64   16.80    0.76    3.11   -5.88    1.13
   3  745  -99.00  -99.00  -99.00  -99.00  -99.00  -99.00
  31  745   19.08   17.17    0.00    5.21   -5.70    0.65
  27  745  -99.00  -99.00  -99.00  -99.00  -99.00  -99.00
  17  745   18.27   16.55    1.02    5.49   -6.29   -0.19
  11  745   18.72   16.85    1.02    5.23   -6.26    0.39
  19  745   18.89   16.89    0.00    5.31   -6.98    0.53
  21  745   19.37   17.44   66.55    5.12   -5.72    0.29
  23  745   19.69   17.36    1.02    3.98   -4.92   -0.17
   5  815   17.81   16.52    1.02    0.85   -3.87    0.04
   7  815   18.19   17.01    1.78    1.64   -1.86    0.45
   3  815  -99.00  -99.00  -99.00  -99.00  -99.00  -99.00
  31  815   18.73   17.22    0.00    1.67   -4.02    0.21
  27  815  -99.00  -99.00  -99.00  -99.00  -99.00  -99.00
  17  815   17.50   16.77    2.54    2.03   -0.64   -0.01
  11  815   17.87   16.91    2.79    1.77   -1.78    0.15
  19  815   17.86   16.96    0.00    2.77   -1.31    0.15
  21  815  -99.00  -99.00  -99.00  -99.00  -99.00  -99.00
  23  815   17.92   17.06    4.57    2.42   -2.52   -0.12
   5  845   17.25   16.65    2.03    0.01    3.09    0.09
   7  845   17.88   17.21    2.54    0.50    2.93   -0.13
   3  845  -99.00  -99.00  -99.00  -99.00  -99.00  -99.00
  31  845   18.44   17.26    0.00    0.61    1.59    0.13
  27  845   18.89   17.35    3.05   -0.39    0.13   -0.04
  17  845   17.50   16.93    3.05   -0.18    1.48    0.10
  11  845   17.51   17.05    4.32    0.35    2.45   -0.02
  19  845   17.67   17.11    0.00    0.32    0.73    0.00
  21  845  -99.00  -99.00  -99.00  -99.00  -99.00  -99.00
  23  845   18.12   16.89    9.65    0.51   -1.21   -0.03
   5  915   17.26   16.54    4.06   -1.58    2.66    0.15
   7  915   17.67   17.25    4.57   -1.49    2.13   -0.49
   3  915  -99.00  -99.00  -99.00  -99.00  -99.00  -99.00
  31  915   17.96   17.21    0.00   -0.10    2.11    0.01
  27  915   18.63   17.36    4.83   -0.39    1.01   -0.05
  17  915   17.34   16.97    5.33   -2.03    1.48    0.17
  11  915   17.43   17.07    6.35   -1.11    1.87   -0.05
  19  915   17.64   17.31    0.00   -1.51    1.48   -0.05
  21  915   17.77   17.33   75.95   -0.80   -0.38    0.02
  23  915   18.33   16.98   11.68    0.51   -0.85   -0.03
   5  945   17.28   16.25    5.59   -6.13    4.65    0.46
   7  945   17.68   16.85    6.35   -1.01    1.71   -0.50
   3  945  -99.00  -99.00  -99.00  -99.00  -99.00  -99.00
  31  945   17.96   17.08    0.00   -3.19    3.45   -0.23
  27  945  -99.00  -99.00  -99.00  -99.00  -99.00  -99.00
  17  945   17.37   16.57    6.86   -6.75    3.45    0.41
  11  945   17.60   16.72    7.87   -4.32    2.19   -0.05
  19  945   17.74   17.00    0.00   -5.53    2.93   -0.07
  21  945  -99.00  -99.00  -99.00  -99.00  -99.00  -99.00
  23  945   17.54   16.94   14.22   -2.20    1.37    0.19
   5 1015   18.26   15.89    5.59   -6.88    6.90    0.57
   7 1015   18.47   16.43    6.35   -0.23    3.40   -0.33
   3 1015  -99.00  -99.00  -99.00  -99.00  -99.00  -99.00
  31 1015   18.66   16.71    0.00   -2.94    4.73   -0.18
  27 1015  -99.00  -99.00  -99.00  -99.00  -99.00  -99.00
  17 1015   18.09   16.09    6.86   -5.91    5.53    0.53
  11 1015   18.37   16.32    8.13   -6.25    5.18   -0.07
  19 1015   18.42   16.49    0.00   -5.69    4.83   -0.11
  21 1015   18.16   16.63   77.72   -3.99    1.49    0.11
  23 1015   17.64   16.62   14.73   -4.69    3.45    0.40
   5 1045   18.80   15.95    5.59   -1.52    6.20    0.22
   7 1045   18.87   16.54    6.35    0.83    3.89   -0.11
   3 1045  -99.00  -99.00  -99.00  -99.00  -99.00  -99.00
  31 1045   19.44   16.65    0.00   -0.38    4.26    0.00
  27 1045   19.59   16.67    6.60   -0.75    4.80    0.36
  17 1045   18.67   16.22    6.86   -0.98    3.93    0.22
  11 1045   18.47   16.39    8.13   -1.19    5.35   -0.06
  19 1045   19.01   16.66    0.00   -1.03    5.21   -0.15
  21 1045   18.40   16.63   77.72   -2.65    1.63    0.03
  23 1045   17.88   16.48   14.99   -0.62    3.81    0.17
   5 1115   18.69   16.04    5.59    2.93    8.30    0.13
   7 1115   19.12   16.60    6.35    2.63    6.21    0.01
   3 1115  -99.00  -99.00  -99.00  -99.00  -99.00  -99.00
  31 1115   19.51   16.70    0.00    3.09    6.37    0.41
  27 1115   19.82   16.67    6.60    1.38    7.56    0.93
  17 1115   18.76   16.30    6.86    3.49    3.96    0.11
  11 1115   19.01   16.45    8.13    1.53    6.29   -0.02
  19 1115   19.19   16.77    0.00    3.64    5.34   -0.11
  21 1115   19.37   16.75   77.72    1.17    3.03    0.03
  23 1115   18.68   16.55   14.99    1.85    5.13    0.05
   5 1145   18.43   16.06    5.59    1.50    1.09    0.01
   7 1145   18.79   16.60    6.35    0.89    0.92    0.14
   3 1145  -99.00  -99.00  -99.00  -99.00  -99.00  -99.00
  31 1145   19.29   16.75    0.00    2.42    1.03    0.30
  27 1145   20.14   16.82    6.60    2.23    0.66    0.53
  17 1145   19.04   16.31    6.86    1.41    0.55    0.01
  11 1145   19.10   16.53    8.13    1.46    1.63    0.02
  19 1145   19.54   16.75    0.00    2.33    2.68   -0.05
  21 1145   19.40   16.79   77.72    2.07    1.19    0.02
  23 1145   19.57   16.58   14.99    1.95    1.69   -0.04
   5 1215   18.59   16.02    5.59   -1.93    1.37    0.15
   7 1215   18.74   16.59    6.35   -1.19    1.29   -0.37
   3 1215  -99.00  -99.00  -99.00  -99.00  -99.00  -99.00
  31 1215   18.67   16.78    0.00   -0.24    0.98    0.01
  27 1215   19.66   16.86    6.60    0.43    2.21    0.19
  17 1215   18.44   16.45    6.86   -3.09    0.35    0.15
  11 1215   18.75   16.64    8.13   -0.91    0.49    0.01
  19 1215   18.86   16.89    0.00   -1.86    0.59   -0.01
  21 1215   18.76   16.96   77.72   -1.55   -0.77    0.06
  23 1215   18.77   16.87   14.99    1.76   -0.29   -0.05
   5 1245   19.23   16.24    5.59   -0.56    3.17    0.12
   7 1245   19.42   16.84    6.35    0.43    3.56   -0.16
   3 1245  -99.00  -99.00  -99.00  -99.00  -99.00  -99.00
  31 1245   19.49   16.99    0.00   -0.04    2.32    0.04
  27 1245   20.49   16.95    6.60   -1.12    3.14   -0.03
  17 1245   18.97   16.51    6.86   -1.23    2.96    0.19
  11 1245   19.36   16.68    8.13   -1.13    4.11   -0.07
  19 1245   19.37   16.96    0.00   -1.54    4.41   -0.15
  21 1245   19.40   17.05   77.72   -1.97    1.78    0.02
  23 1245   18.86   16.92   14.99   -0.60    2.84    0.17
   5 1315   19.62   16.75    5.59    0.56   -1.30    0.01
   7 1315   19.74   17.30    6.35   -0.02   -1.41    0.16
   3 1315  -99.00  -99.00  -99.00  -99.00  -99.00  -99.00
  31 1315   20.73   17.39    0.00    0.87   -1.09    0.16
  27 1315   20.37   17.51    6.60   -0.35   -1.86   -0.14
  17 1315   19.56   16.95    6.86   -0.05   -0.77   -0.01
  11 1315   20.28   17.24    8.13    0.49    0.52    0.01
  19 1315   19.70   17.43    0.00    0.07   -0.26    0.04
  21 1315   20.31   17.35   77.72   -0.07    0.63    0.02
  23 1315   19.89   17.35   14.99    0.91    1.36    0.02
   5 1345   20.11   17.45    5.59   -1.77   -3.50    0.10
   7 1345   20.32   17.82    6.35   -1.23   -4.05    0.28
   3 1345  -99.00  -99.00  -99.00  -99.00  -99.00  -99.00
  31 1345   20.96   18.20    0.00   -1.36   -2.86   -0.05
  27 1345   20.70   17.94    6.60   -1.13   -2.17   -0.30
  17 1345   20.02   17.54    6.86   -0.93   -3.85   -0.10
  11 1345   20.26   17.74    0.00   -1.69   -3.93    0.16
  19 1345   20.14   17.98    0.00    0.60   -2.82    0.19
  21 1345   20.47   18.00   77.72    0.12   -3.71    0.15
  23 1345   20.55   17.88   14.99   -1.95   -4.22    0.12
   5 1415   21.06   17.76    5.59   -2.03   -2.68    0.13
   7 1415   21.36   18.12    6.35   -1.69   -3.33    0.15
   3 1415  -99.00  -99.00  -99.00  -99.00  -99.00  -99.00
  31 1415   21.67   18.38    0.00   -2.03   -2.34   -0.13
  27 1415   21.46   18.40    6.60   -0.89   -1.89   -0.24
  17 1415   21.29   17.98    6.86   -2.09   -2.41    0.03
  11 1415   20.83   17.92    0.00   -2.23   -3.06    0.11
  19 1415   21.16   18.50    0.00   -0.57   -2.19    0.13
  21 1415   21.27   18.28   77.72   -1.43   -3.13    0.09
  23 1415   21.20   18.11   14.99   -1.99   -3.04    0.13
   5 1445   21.98   18.13    5.59   -1.43   -4.01    0.11
   7 1445   22.26   18.43    6.35   -1.87   -4.17    0.19
   3 1445  -99.00  -99.00  -99.00  -99.00  -99.00  -99.00
  31 1445   22.68   18.71    0.00   -1.65   -3.12   -0.09
  27 1445   22.41   18.75    6.60   -0.95   -2.49   -0.29
  17 1445   22.15   18.15    6.86   -2.13   -3.01    0.01
  11 1445   21.31   17.89    0.00   -2.13   -3.83    0.14
  19 1445   21.67   18.55    0.00   -1.69   -2.45    0.14
  21 1445   21.48   18.35   77.72   -1.67   -3.00    0.15
  23 1445   21.75   18.35   14.99   -2.17   -2.93    0.15
   5 1515   21.77   18.09    5.59   -5.02   -1.61    0.29
   7 1515   22.63   18.68    6.35   -3.47   -2.18   -0.41
   3 1515  -99.00  -99.00  -99.00  -99.00  -99.00  -99.00
  31 1515   22.53   18.88    0.00   -4.25   -0.99   -0.35
  27 1515   22.72   19.10    6.60   -1.93    0.03   -0.25
  17 1515   22.69   18.42    6.86   -6.17   -0.64    0.25
  11 1515   22.18   18.58    0.00   -5.13   -1.23    0.05
  19 1515   22.64   18.95    0.00   -5.09   -0.31    0.03
  21 1515   22.43   18.77   77.72   -4.91   -2.03    0.15
  23 1515   22.20   18.72   14.99   -5.01   -1.71    0.41
   5 1545   22.81   18.90    5.59   -3.65   -1.73    0.25
   7 1545   23.27   19.29    6.35   -2.27   -2.14   -0.13
   3 1545  -99.00  -99.00  -99.00  -99.00  -99.00  -99.00
  31 1545   23.51   19.60    0.00   -3.67   -1.39   -0.31
  27 1545   23.48   19.72    6.60   -1.67   -0.79   -0.31
  17 1545   23.38   18.93    6.86   -4.40   -1.23    0.12
  11 1545   23.17   19.17    0.00   -3.85   -2.01    0.06
  19 1545   23.41   19.34    0.00   -3.47   -1.21    0.05
  21 1545   23.18   19.22   77.72   -3.86   -2.09    0.11
  23 1545   23.51   19.26   14.99   -4.24   -2.02    0.32
   5 1615   23.09   18.92    5.59   -2.65   -1.49    0.15
   7 1615   23.63   19.34    6.35   -1.81   -1.51   -0.17
   3 1615  -99.00  -99.00  -99.00  -99.00  -99.00  -99.00
  31 1615   23.78   19.69    0.00   -2.21   -0.87   -0.21
  27 1615   24.24   20.01    6.60   -0.88   -0.63   -0.13
  17 1615   23.24   18.70    6.86   -2.94   -0.27    0.09
  11 1615   23.19   19.13    0.00   -2.06   -1.49    0.05
  19 1615   23.30   19.23    0.00   -1.71   -0.75    0.04
  21 1615   23.52   19.11   77.72   -2.28   -2.57    0.11
  23 1615   23.64   18.95   14.99   -2.57   -2.23    0.22
   5 1645   24.15   19.31    5.59   -3.07   -0.41    0.19
   7 1645   24.41   19.53    6.35   -1.60   -0.81   -0.25
   3 1645   19.42   14.88    0.00   15.66   -6.84    2.63
  31 1645   20.00   19.97    0.25   -2.71   -0.52   -0.23
  27 1645   25.22   20.06    6.60   -0.81   -0.07   -0.15
  17 1645   23.92   18.95    0.00   -2.43   -0.01    0.09
  11 1645   24.12   19.50    0.00   -2.01   -0.97    0.09
  19 1645   23.98   19.54    0.00   -1.67   -0.13    0.04
  21 1645   23.96   19.19   77.72   -2.35   -1.58    0.09
  23 1645   24.07   19.19   14.99   -2.99   -0.05    0.19
   5 1715   24.69   19.04    5.59   -5.24   -0.93    0.29
   7 1715   25.18   19.67    6.35   -2.57   -1.19   -0.41
   3 1715   25.32   19.68    0.00   -4.83   -0.24    0.25
  31 1715   25.72   19.79    0.25   -4.69   -0.75   -0.40
  27 1715   26.04   20.15    6.60   -1.55   -0.17   -0.25
  17 1715   24.76   19.21    0.00   -5.09    0.01    0.19
  11 1715   24.79   19.12    0.00   -5.05   -0.26   -0.01
  19 1715   25.23   19.94    0.00   -4.36    0.04    0.01
  21 1715   25.26   19.39   77.72   -5.39   -0.01    0.12
  23 1715   24.86   18.99   14.99   -5.27   -0.53    0.39
   5 1745   24.33   18.46    5.59   -3.71   -2.30    0.21
   7 1745   24.87   18.83    6.35   -2.63   -2.55   -0.19
   3 1745   24.78   18.72    0.00   -4.37   -1.87    0.21
  31 1745   25.23   19.05    0.25   -3.57   -1.92   -0.31
  27 1745   25.12   19.17    6.60   -1.38   -0.40   -0.25
  17 1745   24.22   18.33    0.00   -4.70   -1.48    0.12
  11 1745   24.40   18.63    0.00   -3.84   -1.21    0.07
  19 1745   24.38   18.78    0.00   -3.61   -1.45    0.09
  21 1745   24.73   18.70   77.72   -4.73   -1.64    0.11
  23 1745   24.61   18.96   14.99   -4.09   -0.51    0.29
   5 1815   24.49   18.46    5.59   -2.96   -2.43    0.21
   7 1815   24.78   18.53    6.35   -2.39   -2.53   -0.08
   3 1815   24.71   18.66    0.00   -3.79   -1.81    0.22
  31 1815   25.22   19.08    0.25   -3.17   -1.43   -0.27
  27 1815   25.57   19.70    6.60   -1.15   -0.37   -0.19
  17 1815   24.49   18.14    0.00   -3.80   -1.41    0.12
  11 1815   24.22   18.29    0.00   -3.39   -1.25    0.03
  19 1815   24.18   18.61    0.00   -2.32   -1.40    0.13
  21 1815   24.52   19.22   77.72   -2.43   -1.35    0.12
  23 1815   24.40   19.05   14.99   -3.19   -1.57    0.25
   5 1845   25.46   18.77    5.59   -1.70   -0.13    0.15
   7 1845   25.64   19.15    6.35   -1.19   -0.81   -0.10
   3 1845   25.86   19.31    0.00   -1.52   -0.11    0.05
  31 1845   26.30   19.68    0.25   -1.43   -0.39   -0.10
  27 1845   26.66   20.12    6.60   -0.88   -0.53   -0.23
  17 1845   25.14   18.56    0.00   -1.73   -0.69    0.02
  11 1845   24.98   18.77    0.00   -1.71   -0.27    0.01
  19 1845   25.15   19.23    0.00   -0.86   -1.02    0.07
  21 1845   25.00   19.42   77.72   -1.37   -1.37    0.03
  23 1845   24.89   19.30   14.99   -1.89   -1.21    0.11
   5 1915   25.87   18.82    5.59   -1.66   -1.09    0.11
   7 1915   26.40   19.49    6.35   -0.82   -1.06   -0.04
   3 1915   26.23   19.45    0.00   -0.96   -1.21    0.09
  31 1915   26.54   19.75    0.25   -0.77   -0.82   -0.03
  27 1915   26.33   19.97    6.60   -0.59   -1.07   -0.13
  17 1915   25.97   18.84    0.00   -1.01   -0.36    0.00
  11 1915   25.60   19.02    0.00   -1.24   -0.71   -0.01
  19 1915   25.85   19.21    0.00   -0.70   -1.59    0.07
  21 1915   25.43   19.59   77.72   -1.09   -1.13    0.05
  23 1915   25.51   19.64   14.99   -1.36   -0.83    0.11
   5 1945   26.23   18.73    5.59   -0.17   -1.65    0.04
   7 1945   26.85   19.33    6.35   -0.07   -1.94    0.23
   3 1945   26.93   19.48    0.00   -0.91   -2.01    0.16
  31 1945   27.45   19.98    0.51   -1.41   -1.08   -0.05
  27 1945   26.69   20.08    6.60   -0.02   -1.29   -0.04
  17 1945   26.35   18.93    0.00   -1.01   -0.92    0.00
  11 1945   26.20   19.49    0.00   -0.70   -0.84    0.08
  19 1945   26.42   19.62    0.00   -0.57   -0.91    0.09
  21 1945   26.11   19.69   77.72   -1.48    0.27    0.01
  23 1945   26.50   20.08   14.99   -0.51   -0.77    0.15
   5 2015   26.37   18.91    5.59    0.79   -1.59   -0.01
   7 2015   26.98   18.99    6.35   -0.70   -2.31    0.11
   3 2015   26.94   19.33    0.00   -0.78   -1.30    0.12
  31 2015   27.47   19.84    0.51   -0.32   -0.83    0.06
  27 2015   27.20   20.04    6.60   -0.01   -0.90    0.06
  17 2015   26.65   19.13    0.00    0.31   -1.55   -0.04
  11 2015   26.35   19.65    0.00    0.22   -1.27    0.12
  19 2015   26.64   19.76    0.00   -0.10   -1.50    0.13
  21 2015   26.53   19.73   77.72   -0.81   -0.79    0.06
  23 2015   26.47   19.57   14.99   -1.08   -0.61    0.09
   5 2045   26.68   18.91    5.59   -0.51   -0.89    0.03
   7 2045   27.18   19.47    6.35    0.09   -1.51    0.18
   3 2045   26.99   19.24    0.00   -0.37   -0.72    0.05
  31 2045   27.73   19.66    0.76   -0.04   -0.98    0.10
  27 2045   27.48   19.90    6.60    0.22   -0.41    0.16
  17 2045   27.06   19.25    0.00   -0.74   -0.77    0.02
  11 2045   26.47   19.50    0.00   -0.24   -1.76    0.07
  19 2045   26.91   19.94    0.00    0.22   -0.68    0.07
  21 2045   26.91   19.76   77.72    0.55   -1.26    0.07
  23 2045   26.56   19.87   14.99   -0.71   -0.44    0.04
   5 2115   26.95   19.10    5.59   -1.29   -1.55    0.12
   7 2115   27.63   19.52    6.35   -1.11   -1.13   -0.05
   3 2115   27.21   19.44    0.00   -0.85   -1.18    0.12
  31 2115   27.87   19.65    0.76   -1.32   -1.23   -0.12
  27 2115   27.79   19.66    6.60   -0.32   -0.72   -0.10
  17 2115   27.01   19.17    0.00   -1.06   -0.81    0.05
  11 2115   26.72   19.34    0.00   -0.97   -1.49    0.07
  19 2115   26.98   19.90    0.00   -1.43   -0.12    0.01
  21 2115   26.93   20.13   77.72   -0.78   -1.36    0.11
  23 2115   26.87   19.89   14.99   -0.49   -0.57    0.07
   5 2145   26.74   19.17    5.59   -1.29   -1.87    0.09
   7 2145   27.71   19.75    6.35   -0.84   -1.57    0.03
   3 2145   27.32   19.61    0.00   -1.67   -1.04    0.13
  31 2145   27.75   19.87    1.02   -0.80   -1.34   -0.04
  27 2145   27.98   20.14    6.60   -0.59   -0.15   -0.13
  17 2145   27.00   19.18    0.00   -1.13   -1.53   -0.01
  11 2145   26.83   19.19    0.00   -1.88   -1.04    0.01
  19 2145   27.09   19.70    0.00   -1.05   -1.06    0.05
  21 2145   26.91   20.02   77.72   -0.54   -1.26    0.01
  23 2145   27.01   19.41   14.99   -0.53   -1.73    0.05
   5 2215   26.68   19.41    5.59   -1.41   -1.25    0.09
   7 2215   27.69   20.03    6.35   -1.44   -1.58   -0.10
   3 2215   27.10   19.92    0.00   -1.81   -1.51    0.16
  31 2215   27.67   20.13    1.02   -1.44   -0.77   -0.17
  27 2215   28.08   20.66    6.60   -1.09    0.29   -0.23
  17 2215   27.01   19.31    0.00   -2.05   -1.05    0.05
  11 2215   26.79   19.39    0.00   -1.37   -1.31    0.06
  19 2215   27.08   19.91    0.00   -1.43   -1.35    0.09
  21 2215   27.08   19.87   77.72   -0.63   -1.70    0.09
  23 2215   26.88   19.40   14.99   -0.79   -1.11    0.05
   5 2245   26.59   19.61    5.59   -0.76   -1.42    0.03
   7 2245   27.39   20.14    6.35   -0.37   -1.61    0.15
   3 2245   27.11   20.09    0.00   -1.07   -0.84    0.13
  31 2245   27.50   20.12    1.27   -1.26   -0.60   -0.15
  27 2245   27.96   20.66    6.60   -0.71    0.03   -0.15
  17 2245   26.82   19.54    0.00   -1.68   -1.25    0.01
  11 2245   26.77   19.50    0.00   -1.29   -0.79    0.05
  19 2245   26.89   20.00    0.00   -1.59   -1.49    0.08
  21 2245   26.97   19.76   77.72   -0.68   -1.98    0.08
  23 2245   26.83   19.53   14.99   -1.17   -1.82    0.07
   5 2315   26.43   19.54    5.59   -1.55   -0.21    0.08
   7 2315   27.51   20.33    6.35   -0.96   -0.77   -0.05
   3 2315   26.97   20.09    0.00   -1.19   -0.13    0.04
  31 2315   27.41   20.35    1.27   -1.16   -0.28   -0.11
  27 2315   28.04   21.14    6.60   -0.66   -0.12   -0.07
  17 2315   26.63   19.44    0.00   -2.16    0.21    0.07
  11 2315   26.60   19.67    0.00   -1.49   -0.70    0.02
  19 2315   26.80   20.09    0.00   -1.33   -0.62    0.07
  21 2315   26.76   19.55   77.72   -0.87   -1.42    0.05
  23 2315   26.57   19.66   14.99   -1.80   -0.71    0.12
   5 2345   26.10   19.56    5.59   -1.38   -0.23    0.06
   7 2345   27.14   20.26    6.35   -0.63   -0.63   -0.02
   3 2345   26.58   20.09    0.00   -1.68   -0.49    0.06
  31 2345   27.19   20.31    1.52   -0.86   -0.15   -0.08
  27 2345   27.65   20.94    6.60   -0.70   -0.21   -0.13
  17 2345   26.33   19.55    0.00   -1.77   -0.18    0.07
  11 2345   26.39   19.96    0.00   -1.21   -0.63    0.05
  19 2345   26.41   20.14    0.00   -1.58   -0.49    0.03
  21 2345   26.52   19.81   77.72   -1.87   -0.65    0.04
  23 2345   26.26   19.86   14.99   -1.75   -0.91    0.12
