   5   15   25.61   19.72    5.59   -0.58   -0.25    0.03
   7   15   26.62   20.21    6.35   -0.42   -0.74    0.01
   3   15   26.17   20.14    0.00   -0.75   -0.15    0.03
  31   15   26.70   20.63    1.78   -0.93   -0.10   -0.06
  27   15   27.29   21.00    6.60   -0.36    0.02   -0.09
  17   15   25.73   19.75    0.00   -1.28   -0.55    0.05
  11   15   25.96   20.01    0.00   -0.77   -0.50    0.03
  19   15   25.93   20.25    0.00   -0.89   -0.67    0.05
  21   15   25.94   20.20   77.72   -1.54   -0.53    0.03
  23   15   25.78   20.07   14.99   -1.28   -0.24    0.08
   5   45   25.06   19.48    5.59   -0.82    0.51    0.04
   7   45   25.81   20.26    6.35   -0.53    0.01   -0.12
   3   45   25.46   20.13    0.00   -0.85    0.32    0.00
  31   45   17.92   13.17  529.08   -4.47  -13.43  -14.31
  27   45   26.30   20.78    6.60   -0.79    0.44   -0.14
  17   45   25.01   19.97    0.00   -0.54   -0.01    0.01
  11   45   25.16   20.45    0.00   -0.98   -0.01    0.01
  19   45   25.25   20.50    0.00   -0.76    0.26   -0.01
  21   45   25.00   20.43   77.72   -1.53    0.32    0.01
  23   45   24.85   20.51   14.99   -0.77    0.27    0.04
   5  115   24.49   19.15    5.59   -1.37    0.62    0.07
   7  115   24.77   19.70    6.35   -1.07    0.14   -0.23
   3  115   24.61   19.73    0.00   -1.27    0.74    0.00
  31  115   15.25   12.51    1.78   -0.02  -13.41  -13.44
  27  115   24.69   20.50    6.60   -1.32    1.22   -0.25
  17  115   24.28   19.70    0.00   -0.69   -0.01    0.01
  11  115   24.26   19.97    0.00   -1.36    0.45   -0.01
  19  115   24.21   20.24    0.00   -0.29    0.73   -0.03
  21  115   23.95   20.42   77.72   -1.63    0.97    0.00
  23  115   23.55   20.13   14.99   -0.59    0.50    0.02
   5  145   23.31   18.90    5.59   -2.17    1.09    0.15
   7  145   23.97   19.49    6.35   -0.89    0.67   -0.24
   3  145   23.81   19.51    0.00   -1.39    1.01   -0.01
  31  145   21.59   19.43    1.78    0.11    0.19   -0.01
  27  145   23.61   20.15    6.60   -1.51    1.55   -0.23
  17  145   23.43   19.53    0.00   -0.65    0.00    0.00
  11  145   22.26   19.38    0.00   -1.45    1.14    0.00
  19  145   23.29   20.00    0.00   -0.12    0.54    0.00
  21  145   23.15   20.14   77.72   -1.59    1.05    0.00
  23  145   22.90   19.66   14.99   -0.16    0.27    0.00
   5  215   21.67   18.59    5.59   -1.75    2.03    0.15
   7  215   23.02   19.39    6.35   -0.32    1.29   -0.19
   3  215   23.90   19.41    0.00   -1.65    2.58   -0.10
  31  215   21.57   19.16    1.78    0.15    0.01    0.00
  27  215   22.71   20.05    6.60   -0.73    1.25   -0.03
  17  215   22.18   19.45    0.00   -0.57    0.06    0.02
  11  215   22.71   19.27    0.00   -0.91    1.18   -0.01
  19  215   22.15   19.61    0.00   -0.08    0.61   -0.02
  21  215   22.59   19.79   77.72   -0.65    0.85    0.00
  23  215   22.34   19.45   14.99    0.00    0.30    0.00
   5  245   21.76   18.46    5.59   -2.28    1.97    0.20
   7  245   22.42   19.23    6.35   -0.42    1.18   -0.19
   3  245   23.17   19.21    0.00   -1.61    2.17   -0.09
  31  245   21.03   18.84    2.03    0.00    0.21    0.00
  27  245   22.17   19.82    6.60   -0.55    0.85   -0.02
  17  245   21.33   19.13    0.00   -1.11   -0.22    0.00
  11  245   22.32   19.17    0.00   -1.43    1.10   -0.01
  19  245   21.16   19.61    0.00   -0.37    0.87   -0.03
  21  245   22.17   19.71   77.72   -1.61    0.79    0.00
  23  245   22.21   19.40   14.99   -0.24    0.06    0.00
   5  315   22.14   18.57    5.59   -2.98    1.77    0.20
   7  315   21.84   18.90    6.35   -0.49    1.01   -0.23
   3  315   22.12   19.00    0.00   -1.79    1.65   -0.05
  31  315   19.74   18.21    2.29    0.10    0.39    0.00
  27  315   21.19   20.04    6.60    0.19    0.10    0.04
  17  315   20.46   18.67    0.00   -1.11   -0.18    0.05
  11  315   21.50   18.86    0.00   -2.32    1.02   -0.03
  19  315   20.96   19.43    0.00   -0.10    0.59   -0.01
  21  315   22.13   19.45   77.72   -2.04    0.79    0.00
  23  315   22.06   19.40   14.99   -0.20   -0.07    0.00
   5  345   21.97   18.51    5.59   -3.09    1.71    0.19
   7  345   21.27   18.71    6.35   -0.41    1.05   -0.23
   3  345   21.85   18.93    0.00   -1.92    1.63   -0.02
  31  345   20.34   18.66    2.54   -0.10    0.33   -0.01
  27  345   20.73   19.77    6.60    0.21   -0.11    0.01
  17  345   20.11   18.51    0.00   -0.87    0.00    0.01
  11  345   21.36   18.80    0.00   -2.51    0.93   -0.01
  19  345   20.60   19.17    0.00   -0.11    0.67    0.01
  21  345   21.84   19.38   77.72   -1.97    0.59    0.00
  23  345   21.35   19.04   14.99   -0.67   -0.29    0.03
   5  415   21.17   18.40    5.59   -3.03    1.12    0.15
   7  415   20.32   18.38    6.35    0.00    0.27    0.01
   3  415   21.41   18.91    0.00   -2.41    1.33    0.03
  31  415   18.75   17.82    2.79   -0.01    0.12    0.00
  27  415   20.57   19.59    6.60    0.15    0.12    0.01
  17  415   19.81   18.26    0.00   -1.59   -0.39    0.02
  11  415   21.37   18.89    0.00   -2.65    0.37   -0.01
  19  415   20.01   18.92    0.00   -0.25    0.49   -0.01
  21  415   21.47   19.09   77.72   -2.37   -0.01    0.00
  23  415   21.42   19.06   14.99   -1.73   -0.48    0.11
   5  445   20.82   18.35    5.59   -3.05    0.89    0.14
   7  445   20.10   18.32    6.35    0.35    0.14    0.10
   3  445   21.31   18.90    0.00   -2.51    1.25    0.04
  31  445   18.82   17.93    3.05    0.06    0.27    0.00
  27  445   20.25   19.34    6.60    0.01   -0.07    0.00
  17  445   19.77   18.20    0.00   -2.64   -0.38    0.08
  11  445   21.05   18.79    0.00   -2.53   -0.11    0.00
  19  445   20.00   18.81    0.00   -0.18    0.83   -0.01
  21  445   20.98   18.94   77.72   -2.65    0.01    0.01
  23  445   20.60   18.82   14.99   -1.63   -0.11    0.14
   5  515   20.63   18.28    5.59   -3.23    1.11    0.16
   7  515   20.20   18.38    6.35    0.45    0.05    0.07
   3  515   21.17   18.83    0.00   -2.77    1.42    0.04
  31  515   18.84   17.94    3.30   -0.02    0.10    0.00
  27  515   19.66   19.06    6.60    0.05   -0.54   -0.01
  17  515   19.12   17.99    0.00   -2.46   -0.01    0.09
  11  515   20.55   18.68    0.00   -2.73    0.35   -0.02
  19  515   19.55   18.45    0.00   -0.69    1.05   -0.03
  21  515   20.65   18.99   77.72   -3.03    0.41    0.02
  23  515   19.85   18.56   14.99   -1.16    0.02    0.07
   5  545   19.93   18.12    5.59   -3.08    0.59    0.13
   7  545   19.67   18.23    6.35    0.41    0.17    0.14
   3  545   20.36   18.58    0.00   -2.65    0.85    0.07
  31  545   18.77   17.89    3.56   -0.42    0.07   -0.01
  27  545   19.61   18.98    6.60    0.00    0.00    0.00
  17  545   19.30   18.05    0.00   -2.60   -0.47    0.07
  11  545   20.37   18.68    0.00   -2.59    0.15   -0.02
  19  545   19.64   18.50    0.00   -0.22    0.65   -0.02
  21  545   20.25   18.81   77.72   -2.73    0.09    0.01
  23  545   20.26   18.67   14.99   -1.77   -0.33    0.12
   5  615   19.05   17.87    5.59   -2.51   -0.27    0.11
   7  615   20.41   18.68    6.35   -1.33   -1.03   -0.09
   3  615   20.31   18.73    0.00   -3.11   -0.45    0.11
  31  615   18.62   17.94    3.81   -0.49   -0.56   -0.01
  27  615   19.19   18.75    6.60    0.02   -0.41   -0.01
  17  615   19.52   18.19    0.00   -2.99   -0.85    0.07
  11  615   19.36   18.25    0.00   -1.96   -1.24    0.02
  19  615   19.35   18.41    0.00   -0.77    1.07   -0.05
  21  615   20.34   18.88   77.72   -2.76    0.40    0.03
  23  615   20.02   18.58   14.99   -1.58   -0.22    0.07
   5  645   18.74   18.06    5.59   -1.97   -0.40    0.10
   7  645   20.49   19.12    6.35   -1.51   -1.28   -0.09
   3  645   20.18   19.13    0.00   -3.11   -0.62    0.12
  31  645   19.18   18.64    4.06   -0.55   -0.65    0.00
  27  645   19.85   19.12    6.60   -0.46   -0.49   -0.09
  17  645   19.53   18.29    0.00   -2.29   -0.56    0.08
  11  645   19.27   18.36    0.00   -1.43   -1.37    0.03
  19  645   19.40   18.44    0.00   -0.27    0.04    0.01
  21  645   20.36   19.07   77.72   -2.60    0.17    0.04
  23  645   19.96   18.67   14.99   -1.33    0.19    0.07
   5  715   18.97   18.36    5.59   -2.91    0.28    0.13
   7  715   20.16   19.34    6.35   -1.34   -0.83   -0.15
   3  715   19.82   19.06    0.00   -3.04    0.25    0.08
  31  715   19.29   18.94    4.32   -1.07    0.12   -0.03
  27  715   19.53   19.11    6.60   -0.06   -0.14   -0.02
  17  715   19.05   18.36    0.00   -2.62   -0.17    0.09
  11  715   19.40   18.54    0.00   -2.03   -1.07    0.03
  19  715   19.70   18.49    0.00   -0.44    0.15   -0.03
  21  715   20.08   18.89   77.72   -2.65   -0.17    0.03
  23  715   19.85   18.74   14.99   -1.51   -0.16    0.08
   5  745   18.57   18.14    5.59   -1.95   -0.25    0.07
   7  745   19.77   19.19    6.35   -1.04   -0.69   -0.13
   3  745   19.41   18.91    0.00   -2.58    0.23    0.07
  31  745   19.06   16.26    4.57   -0.75    0.00   -0.01
  27  745   19.39   18.99    6.60   -0.21   -0.25   -0.04
  17  745   18.91   18.43    0.00   -1.82    0.15    0.08
  11  745   19.34   18.45    0.00   -1.96   -0.86    0.01
  19  745   19.79   18.66    0.00   -0.50    0.47   -0.03
  21  745   20.07   18.95   77.72   -2.54    0.01    0.03
  23  745   19.57   18.64   14.99   -1.71   -0.02    0.10
   5  815   18.25   17.94    5.59   -2.57    0.25    0.11
   7  815   19.51   18.94    6.35   -1.40   -0.89   -0.21
   3  815   19.20   18.75    0.00   -2.96    0.59    0.07
  31  815   18.77   18.52    4.83   -1.35    0.07   -0.05
  27  815   19.21   18.75    6.60   -0.17   -0.01   -0.03
  17  815   18.53   18.05    0.00   -2.43    0.44    0.11
  11  815   18.98   18.25    0.00   -2.42   -0.94    0.01
  19  815   19.26   18.44    0.00   -0.61    0.49   -0.01
  21  815   19.53   18.69   77.72   -2.95    0.21    0.03
  23  815   18.96   18.29   14.99   -1.81    0.15    0.11
   5  845   18.32   17.91    5.59   -2.68    0.70    0.12
   7  845   18.93   18.34    6.35   -0.44   -0.45   -0.09
   3  845   19.04   18.51    0.00   -2.69    1.13    0.03
  31  845   18.81   18.49    4.83   -1.25    0.65   -0.05
  27  845   19.51   18.78    6.60   -0.39    0.05   -0.01
  17  845   18.16   17.71    0.00   -2.31    0.23    0.08
  11  845   18.95   18.26    0.00   -2.87   -0.23    0.01
  19  845   18.85   18.23    0.00   -1.23    0.83   -0.03
  21  845   19.01   18.42   77.72   -3.11    0.24    0.04
  23  845   18.39   17.98   14.99   -2.03    0.37    0.13
   5  915   18.28   17.68    5.59   -2.82    0.37    0.13
   7  915   18.88   18.18    6.35   -0.63   -0.71   -0.07
   3  915   18.92   18.27    0.00   -2.79    1.03    0.05
  31  915   18.43   18.17    4.83   -0.91    0.20   -0.01
  27  915   18.89   18.40    6.60   -0.09   -0.36   -0.02
  17  915   18.11   17.62    0.00   -2.56    0.42    0.11
  11  915   18.81   18.22    0.00   -2.89    0.09   -0.01
  19  915   18.75   18.15    0.00   -1.40    0.76   -0.01
  21  915   18.79   18.32   77.72   -2.95    0.07    0.04
  23  915   18.18   17.88   14.99   -1.62    0.29    0.10
   5  945   17.82   17.38    5.59   -3.09    0.11    0.14
   7  945   18.73   18.12    6.35   -0.91   -0.70   -0.17
   3  945   18.78   18.16    0.00   -3.07    0.38    0.09
  31  945   18.39   18.02    4.83   -1.54   -0.05   -0.06
  27  945   18.88   18.38    6.60   -0.29   -0.17   -0.03
  17  945   18.16   17.68    0.00   -3.23    0.09    0.12
  11  945   18.45   18.02    0.00   -2.94   -0.63    0.03
  19  945   18.36   17.97    0.00   -1.41    1.04   -0.03
  21  945   18.70   18.28   77.72   -3.15    0.40    0.04
  23  945   18.12   17.86   14.99   -2.02    0.02    0.13
   5 1015   17.68   17.33    5.59   -3.04   -0.03    0.13
   7 1015   18.55   18.05    6.35   -0.96   -0.70   -0.11
   3 1015   18.56   18.07    0.00   -2.95    0.31    0.09
  31 1015   18.31   18.00    4.83   -1.21    0.41   -0.05
  27 1015   18.67   18.25    6.60   -0.21   -0.07   -0.01
  17 1015   17.95   17.54    0.00   -2.56    0.30    0.11
  11 1015   18.18   17.82    0.00   -2.51   -0.98    0.03
  19 1015   18.49   18.06    0.00   -1.17    0.35   -0.01
  21 1015   18.53   18.20   77.72   -2.84    0.01    0.05
  23 1015   18.16   17.89   14.99   -2.07   -0.01    0.13
   5 1045   17.53   17.25    5.59   -3.14   -0.34    0.14
   7 1045   18.49   18.04    6.35   -0.73   -0.62   -0.12
   3 1045   18.52   18.06    0.00   -3.41    0.33    0.11
  31 1045   18.27   18.00    4.83   -1.48    0.34   -0.07
  27 1045   18.47   18.13    6.60   -0.22    0.02   -0.01
  17 1045   17.78   17.47    0.00   -1.89    0.30    0.07
  11 1045   18.38   18.00    0.00   -2.78   -0.67    0.02
  19 1045   18.40   18.03    0.00   -0.65    0.17    0.00
  21 1045   18.30   18.01   77.72   -2.52    0.18    0.03
  23 1045   18.12   17.88   14.99   -2.02   -0.51    0.11
   5 1115   17.65   17.38    5.59   -3.11   -0.13    0.15
   7 1115   18.54   18.12    6.35   -0.84   -0.61   -0.17
   3 1115   18.55   18.11    0.00   -3.16    0.29    0.11
  31 1115   18.50   18.19    4.83   -1.54    0.15   -0.08
  27 1115   18.46   18.12    6.60   -0.13   -0.15   -0.03
  17 1115   17.93   17.61    0.00   -2.15    0.34    0.10
  11 1115   18.46   18.12    0.00   -2.59   -0.36    0.01
  19 1115   18.40   18.05    0.00   -0.61    0.57   -0.01
  21 1115   18.53   18.22   77.72   -2.95    0.47    0.03
  23 1115   18.42   18.18   14.99   -2.03    0.19    0.13
   5 1145   17.33   17.10    5.59   -2.87    0.10    0.14
   7 1145   18.14   17.80    6.35    0.25    0.03    0.03
   3 1145   18.35   17.95    0.00   -3.37    0.55    0.09
  31 1145   18.08   17.83    4.83   -1.45    0.13   -0.07
  27 1145   18.21   17.95    6.60    0.04   -0.21   -0.01
  17 1145   17.51   17.27    0.00   -1.84    0.50    0.12
  11 1145   18.13   17.84    0.00   -2.57    0.13   -0.01
  19 1145   18.12   17.84    0.00   -0.97    0.86   -0.03
  21 1145   18.37   18.08   77.72   -3.25    0.73    0.03
  23 1145   17.91   17.76   14.99   -1.70    0.45    0.11
   5 1215   17.49   17.25    5.59   -2.87   -0.21    0.15
   7 1215   18.37   18.03    6.35   -0.26   -0.41   -0.02
   3 1215   18.44   18.06    0.00   -3.25    0.20    0.13
  31 1215   18.33   18.08    4.83   -1.71   -0.09   -0.09
  27 1215   18.20   17.96    6.60   -0.03   -0.13   -0.01
  17 1215   18.02   17.67    0.00   -2.61    0.04    0.10
  11 1215   18.24   17.97    0.00   -2.62   -0.30   -0.01
  19 1215   18.35   18.00    0.00   -1.49    0.81   -0.03
  21 1215   18.59   18.25   77.72   -3.34    0.75    0.05
  23 1215   17.96   17.85   14.99   -2.23    0.32    0.15
   5 1245   18.68   18.09    5.59   -4.45    1.52    0.24
   7 1245   19.25   18.72    6.35    0.13    0.31    0.08
   3 1245   19.23   18.61    0.00   -3.75    1.27    0.08
  31 1245   19.24   18.81    4.83   -1.97    1.01   -0.15
  27 1245   18.70   18.26    6.60   -0.41    0.60    0.00
  17 1245   19.12   18.47    0.00   -3.37    1.19    0.17
  11 1245   19.17   18.58    0.00   -3.61    0.96   -0.02
  19 1245   19.47   18.76    0.00   -2.65    1.26   -0.03
  21 1245   19.42   18.80   77.72   -3.83    0.79    0.05
  23 1245   18.79   18.55   14.99   -2.68    0.94    0.23
   5 1315   19.27   18.23    5.59   -5.50    2.21    0.32
   7 1315   19.82   18.85    6.35    0.17    0.57    0.02
   3 1315   19.81   18.81    0.00   -4.40    1.63    0.07
  31 1315   19.95   18.98    4.83   -3.39    1.47   -0.29
  27 1315   20.44   18.84    6.60   -2.40    1.51   -0.31
  17 1315   19.80   18.69    0.00   -4.72    2.43    0.30
  11 1315   19.94   18.83    0.00   -4.59    2.04   -0.05
  19 1315   19.95   19.01    0.00   -3.46    1.99   -0.08
  21 1315   19.79   18.95   77.72   -5.07    2.53    0.05
  23 1315   19.35   18.79   14.99   -3.92    2.03    0.31
   5 1345   20.46   18.80    5.59   -5.77    2.83    0.39
   7 1345   21.04   19.50    6.35   -0.91    1.63   -0.47
   3 1345   21.16   19.46    0.00   -4.39    2.17    0.11
  31 1345   20.88   19.43    4.83   -3.55    2.02   -0.28
  27 1345   20.92   19.00    6.60   -2.74    2.10   -0.37
  17 1345   20.86   19.14    0.00   -5.87    3.37    0.38
  11 1345   20.70   19.20    0.00   -4.55    3.13   -0.06
  19 1345   20.90   19.50    0.00   -4.65    2.86   -0.09
  21 1345   20.80   19.47   77.72   -5.67    3.35    0.07
  23 1345   20.06   19.22   14.99   -4.04    2.27    0.37
   5 1415   21.70   19.19    5.59   -5.89    3.90    0.40
   7 1415   22.04   19.81    6.35   -1.38    2.66   -0.59
   3 1415   22.31   19.70    0.00   -5.05    3.40    0.01
  31 1415   22.15   19.94    4.83   -4.06    2.84   -0.36
  27 1415   22.18   19.66    6.60   -3.37    3.17   -0.40
  17 1415   22.00   19.46    0.00   -5.60    4.10    0.43
  11 1415   21.73   19.57    0.00   -5.03    4.03   -0.11
  19 1415   22.06   19.94    0.00   -4.55    3.17   -0.11
  21 1415   22.11   20.01   77.72   -5.99    4.05    0.06
  23 1415   21.43   19.76   14.99   -5.26    3.17    0.45
   5 1445   23.11   19.69    5.59   -4.97    4.59    0.41
   7 1445   23.47   22.04    6.35   -1.47    3.25   -0.63
   3 1445   23.79   20.32    0.00   -4.11    3.42   -0.05
  31 1445   23.58   20.37    5.08   -3.71    3.71   -0.27
  27 1445   23.48   20.19    6.60   -3.12    3.27   -0.35
  17 1445   23.26   19.95    0.00  -12.07    4.07    0.41
  11 1445   23.20   20.15    0.00   -4.29    3.97   -0.07
  19 1445   23.41   20.30    0.00   -4.35    4.17   -0.18
  21 1445   17.06   20.90   77.72    0.43   -2.79    1.81
  23 1445   22.75   20.11   14.99   -4.97    3.51    0.49
   5 1515   24.20   20.05    5.59   -4.42    5.58    0.40
   7 1515   24.84   20.85    6.35   -1.27    3.73   -0.53
   3 1515   25.25   20.94    0.00   -3.15    3.85   -0.03
  31 1515   24.70   20.76    5.08   -3.55    4.08   -0.29
  27 1515   24.36   20.39    6.60   -3.20    4.63   -0.30
  17 1515   24.38   20.26    0.00   -4.49    4.91    0.44
  11 1515   24.36   20.51    0.00   -4.37    4.89   -0.07
  19 1515   24.68   20.77    0.00   -3.93    4.31   -0.13
  21 1515   24.56   20.65    0.00   -4.97    3.53    0.12
  23 1515   23.94   20.50   14.99   -4.32    4.27    0.49
   5 1545   25.05   20.24    5.59   -4.05    5.84    0.37
   7 1545   25.67   21.01    6.35   -0.95    4.39   -0.42
   3 1545  -99.00  -99.00  -99.00  -99.00  -99.00  -99.00
  31 1545  -99.00  -99.00  -99.00  -99.00  -99.00  -99.00
  27 1545  -99.00  -99.00  -99.00  -99.00  -99.00  -99.00
  17 1545   25.31   20.48    0.00   -4.16    5.04    0.43
  11 1545   25.10   20.66    0.00   -3.69    5.41   -0.09
  19 1545   25.21   20.80    0.00   -3.96    5.28   -0.15
  21 1545  -99.00  -99.00  -99.00  -99.00  -99.00  -99.00
  23 1545   24.78   20.83   14.99   -4.13    4.63    0.44
   5 1615   25.83   20.50    5.59   -3.57    6.10    0.33
   7 1615   26.44   21.29    6.35   -0.48    4.65   -0.34
   3 1615   26.63   21.19    0.00   -2.53    5.20   -0.11
  31 1615   26.55   21.32    5.08   -3.27    4.57   -0.25
  27 1615   26.08   21.07    6.60   -2.44    4.44   -0.13
  17 1615   26.13   20.81    0.00   -3.56    5.31    0.45
  11 1615   25.85   20.92    0.00   -3.60    6.12   -0.11
  19 1615   25.93   21.05    0.00   -3.86    5.47   -0.20
  21 1615   29.30   15.59    0.00    1.91    6.04    1.79
  23 1615   25.42   21.04   14.99   -3.73    5.51    0.39
   5 1645   26.57   20.77    5.59   -3.39    5.29    0.31
   7 1645   27.04   21.44    6.35   -1.43    4.40   -0.61
   3 1645   27.20   21.34    0.00   -2.19    4.93   -0.15
  31 1645   27.35   21.53    5.08   -2.86    4.40   -0.19
  27 1645   26.68   21.16    6.60   -2.12    5.32   -0.02
  17 1645   26.57   20.83    0.00   -3.29    5.31    0.42
  11 1645   26.40   21.14    0.00   -3.06    5.71   -0.07
  19 1645   26.45   21.32    0.00   -3.31    4.99   -0.17
  21 1645   26.74   21.44    0.00   -4.23    2.49    0.07
  23 1645   26.07   21.33   14.99   -3.63    5.19    0.44
   5 1715   26.65   20.82    5.59   -1.95    5.37    0.27
   7 1715   27.50   21.77    6.35   -0.75    3.90   -0.43
   3 1715   27.60   21.68    0.00   -1.56    4.41   -0.12
  31 1715   27.77   21.80    5.08   -1.32    4.39   -0.03
  27 1715   27.07   21.48    6.60   -2.07    3.96   -0.07
  17 1715   27.13   21.23    0.00   -2.11    4.91    0.36
  11 1715   26.94   21.50    0.00   -2.23    5.15   -0.07
  19 1715   26.97   21.64    0.00   -2.31    4.46   -0.11
  21 1715   27.21   21.51    0.00   -2.85    2.71    0.04
  23 1715   26.66   21.43   14.99   -2.78    4.48    0.34
   5 1745   27.95   21.36    5.59   -2.58    5.09    0.29
   7 1745   28.50   22.00    6.35   -1.17    4.04   -0.49
   3 1745   28.48   21.91    0.00   -1.63    4.45   -0.11
  31 1745   28.62   22.13    5.08   -2.15    3.97   -0.13
  27 1745   27.94   21.94    6.60   -2.22    4.11   -0.10
  17 1745   27.74   21.33    0.00   -2.39    4.37    0.29
  11 1745   27.60   21.70    0.00   -2.11    4.85   -0.11
  19 1745   27.53   21.84    0.00   -2.47    4.37   -0.14
  21 1745  -99.00  -99.00  -99.00  -99.00  -99.00  -99.00
  23 1745   27.57   21.88   14.99   -2.83    4.42    0.34
   5 1815   28.16   21.54    5.59   -2.81    5.63    0.27
   7 1815   29.00   22.41    6.35   -0.63    4.35   -0.41
   3 1815   28.75   22.23    0.00   -2.03    5.23   -0.18
  31 1815   29.21   22.52    5.08   -2.17    4.15   -0.13
  27 1815   28.40   22.26    6.60   -2.29    4.92   -0.11
  17 1815   28.21   21.65    0.00   -2.97    4.91    0.33
  11 1815   28.16   22.15    0.00   -2.63    5.13   -0.08
  19 1815   28.19   22.46    0.00   -2.63    4.43   -0.11
  21 1815   27.89   22.00    0.00   -3.39    3.28    0.04
  23 1815   27.99   22.16   14.99   -2.79    4.82    0.37
   5 1845   28.78   21.61    5.59   -1.33    6.73    0.21
   7 1845   29.38   22.45    6.35   -0.07    5.06   -0.37
   3 1845   29.51   22.40    0.00   -1.31    5.23   -0.15
  31 1845   29.78   22.63    5.08   -1.64    4.71   -0.06
  27 1845   29.01   22.46    6.60   -0.87    5.47    0.33
  17 1845   28.76   21.99    0.00   -2.31    5.15    0.35
  11 1845   28.61   22.18    0.00   -2.12    5.87   -0.10
  19 1845   28.75   22.64    0.00   -2.21    4.71   -0.11
  21 1845   28.43   22.18    0.00   -2.63    3.99    0.03
  23 1845   28.51   22.27   14.99   -3.17    4.81    0.36
   5 1915   29.20   21.91    5.59   -0.73    7.18    0.20
   7 1915   29.84   22.67    6.35    0.30    5.53   -0.31
   3 1915   29.89   22.59    0.00   -0.54    5.80   -0.21
  31 1915   30.03   22.55    5.08   -0.76    5.75   -0.01
  27 1915   29.47   22.19    6.60   -1.35    6.29    0.27
  17 1915   29.31   22.26    0.00   -1.30    5.41    0.36
  11 1915   29.06   22.39    0.00   -1.05    6.46   -0.07
  19 1915   29.28   22.85    0.00   -1.57    5.29   -0.13
  21 1915   29.01   22.45    0.00   -2.06    5.45    0.05
  23 1915   29.12   22.51    0.00   -1.29    5.77    0.32
   5 1945   29.76   22.14    5.59   -0.07    6.19    0.16
   7 1945   30.30   22.73    6.35    0.61    5.59   -0.31
   3 1945   30.34   22.63    0.00    0.35    5.33   -0.19
  31 1945   32.68   22.14    0.00   -1.97    1.70    0.90
  27 1945   30.03   22.48    6.60   -0.59    5.76    0.39
  17 1945   29.69   22.27    0.00   -1.36    5.35    0.31
  11 1945   29.57   22.47    0.00   -0.26    6.13   -0.11
  19 1945   29.68   22.86    0.00   -1.38    5.98   -0.18
  21 1945   29.50   22.59    0.00   -1.68    6.01    0.02
  23 1945   29.44   22.64    0.00   -1.21    5.81    0.29
   5 2015   30.19   22.33    5.59    0.73    6.26    0.15
   7 2015   30.69   22.90    6.35    1.43    5.93   -0.21
   3 2015   30.73   22.88    0.00    1.29    5.40   -0.19
  31 2015   31.10   22.98    0.00    0.19    5.17    0.09
  27 2015   30.43   22.68    6.60    0.07    5.50    0.52
  17 2015   30.26   22.69    0.00   -0.37    4.89    0.30
  11 2015   30.01   22.64    0.00    0.49    6.23   -0.07
  19 2015   30.12   22.99    0.00   -0.35    5.72   -0.19
  21 2015   29.94   22.73    0.00    0.07    5.57    0.04
  23 2015   29.88   22.92    0.00   -0.59    5.52    0.24
   5 2045   30.33   22.47    5.59    1.01    6.40    0.17
   7 2045   31.03   23.15    6.35    1.20    6.01   -0.17
   3 2045   31.01   23.05    0.00    1.29    5.70   -0.15
  31 2045   31.22   22.91    0.00    0.89    5.83    0.15
  27 2045   30.55   22.74    6.60    0.84    5.44    0.59
  17 2045   30.47   22.61    0.00    1.01    5.24    0.27
  11 2045   30.17   22.60    0.00    1.31    6.70   -0.04
  19 2045   30.48   23.20    0.00    0.06    5.74   -0.15
  21 2045   30.05   22.67    0.00    0.23    5.46    0.01
  23 2045   30.17   22.72    0.00    0.61    5.93    0.19
   5 2115   30.17   22.50    5.59    1.07    6.13    0.10
   7 2115   30.83   23.19    6.35    1.43    5.51   -0.13
   3 2115   30.68   23.08    0.00    2.14    5.10   -0.22
  31 2115   31.51   23.40    0.00    0.49    5.03    0.13
  27 2115   30.40   22.64    6.60    0.71    5.29    0.57
  17 2115   30.30   22.79    0.00    0.89    4.52    0.24
  11 2115   30.27   22.88    0.00    1.21    5.99   -0.08
  19 2115   30.62   23.51    0.00    0.89    4.79   -0.09
  21 2115   29.86   22.90    0.00    0.10    4.67   -0.01
  23 2115   30.19   22.88    0.00    1.53    5.47    0.13
   5 2145   30.09   22.75    5.59    1.53    4.29    0.06
   7 2145   30.74   23.37    6.35    1.54    4.23   -0.01
   3 2145   30.44   23.16    0.00    0.97    4.05   -0.13
  31 2145   30.81   23.29    0.00    1.16    3.81    0.19
  27 2145   29.78   22.74    6.60    0.16    4.39    0.35
  17 2145   30.70   23.23    0.00    1.71    3.58    0.18
  11 2145   29.72   22.98    0.00    1.02    4.29   -0.02
  19 2145   30.19   23.64    0.00    1.08    4.37   -0.09
  21 2145   29.68   23.16    0.00    0.81    3.35   -0.01
  23 2145   30.27   23.37    0.00    0.41    4.35    0.15
   5 2215   25.63   20.73    5.59   -3.05   -1.93    0.26
   7 2215   27.08   21.79    6.35   -1.41   -0.39   -0.09
   3 2215   26.15   21.08    0.00   -3.56   -1.18    0.23
  31 2215   25.63   20.95    0.00   -3.15   -2.42   -0.21
  27 2215   24.75   20.27    6.60   -1.91   -1.52   -0.44
  17 2215   28.55   22.63    0.00   -1.85    0.69    0.15
  11 2215   26.72   21.72    0.00   -2.71   -1.09    0.07
  19 2215   29.63   23.95    0.00    0.47    2.12   -0.05
  21 2215   29.40   23.72    0.00   -0.23    2.29   -0.01
  23 2215   27.83   22.44    0.00   -0.99    0.45    0.12
   5 2245   20.43   18.15    5.59   -5.55   -5.05    0.32
   7 2245   21.19   18.68    6.35   -3.67   -5.12    0.01
   3 2245   20.94   18.63    0.00   -6.28   -4.11    0.51
  31 2245   20.91   18.88    0.00   -5.09   -4.19   -0.40
  27 2245   20.80   18.98    9.65   -2.39   -1.80   -0.53
  17 2245   21.14   18.38    0.00   -5.86   -4.49    0.08
  11 2245   20.80   18.46    0.00   -4.26   -5.42    0.23
  19 2245   22.13   19.24    0.00   -2.67   -3.96    0.29
  21 2245   22.16   19.11    0.00   -3.80   -4.91    0.24
  23 2245   20.81   18.65    0.00   -4.35   -5.60    0.31
   5 2315   20.73   19.20    5.59   -6.59   -0.89    0.41
   7 2315   21.48   19.63    6.35   -3.35   -1.97   -0.49
   3 2315   21.07   19.59    0.00   -6.81    0.09    0.25
  31 2315   21.06   19.94    0.00   -4.99   -0.01   -0.42
  27 2315   20.84   20.19    9.91   -2.39    0.62   -0.33
  17 2315   21.19   19.01    0.00   -7.40   -0.60    0.29
  11 2315   21.17   19.50    0.00   -6.56   -1.91    0.08
  19 2315   21.60   19.37    0.00   -4.06   -0.40    0.09
  21 2315   20.81   19.31    0.00   -5.88   -1.39    0.18
  23 2315   20.16   19.56    0.76   -7.36   -2.11    0.53
   5 2345   21.19   19.46    5.59   -7.32    1.61    0.43
   7 2345   21.90   19.99    6.35    0.07   -0.07    0.01
   3 2345   21.63   19.92    0.00   -6.94    1.85    0.15
  31 2345   21.76   20.22    0.00   -4.31    1.09   -0.33
  27 2345   21.49   20.26    9.91   -3.48    1.70   -0.46
  17 2345   21.59   19.57    0.00   -6.23    2.01    0.32
  11 2345   21.54   19.84    0.00   -6.65    1.24   -0.01
  19 2345   21.89   20.03    0.00   -5.73    2.09   -0.02
  21 2345   21.48   19.98    0.00   -6.95    0.83    0.08
  23 2345   20.78   19.95    0.76   -5.97    1.15    0.47
