   5   15   21.53   19.56    5.59   -6.73    2.26    0.40
   7   15   22.30   20.23    6.35   -0.45    1.25   -0.23
   3   15   21.96   20.05    0.00   -6.92    1.85    0.15
  31   15   22.03   20.31    0.00   -3.69    2.14   -0.31
  27   15   21.58   20.29    9.91   -3.63    2.68   -0.46
  17   15   21.97   19.76    0.00   -5.46    2.05    0.27
  11   15   21.72   19.96    0.00   -5.35    2.45   -0.07
  19   15   22.22   20.17    0.00   -3.98    2.93   -0.11
  21   15   21.63   20.18    0.00   -5.75    1.47    0.07
  23   15   20.91   20.09    0.76   -3.57    1.64    0.30
   5   45   21.02   19.57    5.59   -4.97    1.91    0.29
   7   45   21.76   20.18    6.35    0.01    0.79   -0.06
   3   45   21.55   20.11    0.00   -5.34    1.97    0.10
  31   45   21.75   20.37    0.00   -3.80    0.61   -0.30
  27   45   21.70   20.58    9.91   -0.71   -0.43   -0.15
  17   45   21.62   19.82    0.00   -4.47    1.26    0.21
  11   45   21.51   20.09    0.00   -4.17    2.86   -0.06
  19   45   22.03   20.37    0.00   -3.91    2.81   -0.11
  21   45   21.40   20.35    0.00   -5.78    1.49    0.07
  23   45   21.10   20.22    0.76   -2.71    1.79    0.24
   5  115   20.62   19.55    5.59   -2.85   -0.15    0.17
   7  115   21.29   20.05    6.35   -0.12    0.80   -0.12
   3  115   21.31   20.10    0.00   -5.11    0.67    0.17
  31  115   21.39   20.39    0.00   -3.49   -0.64   -0.27
  27  115   21.30   20.41    9.91   -0.83   -0.40   -0.20
  17  115   21.25   19.77    0.00   -3.86    1.07    0.19
  11  115   21.13   19.96    0.00   -3.18    1.57   -0.02
  19  115   21.57   20.37    0.00   -3.47    2.98   -0.11
  21  115   21.11   20.13    0.00   -4.57    1.66    0.07
  23  115   20.83   20.05    0.76   -2.94    1.52    0.26
   5  145   20.19   19.42    5.59   -3.97   -0.34    0.22
   7  145   20.91   20.01    6.35   -0.63   -0.56   -0.09
   3  145   20.83   19.97    0.00   -6.39    0.45    0.25
  31  145   20.88   20.15    0.00   -3.77   -0.35   -0.27
  27  145   20.75   20.16    9.91   -0.75   -0.10   -0.13
  17  145   20.97   19.76    0.00   -5.11    0.82    0.23
  11  145   20.73   19.89    0.00   -3.79   -0.90    0.05
  19  145   21.24   20.03    0.00   -2.48    0.66    0.03
  21  145   20.72   19.79    0.00   -5.03    1.27    0.06
  23  145   20.33   19.71    0.76   -4.32    1.06    0.32
   5  215   20.29   19.30    5.59   -6.27    2.42    0.39
   7  215   20.87   19.86    0.00   -0.49    1.47   -0.31
   3  215   20.82   19.80    0.00   -6.71    2.27    0.11
  31  215   20.96   20.01    0.00   -3.85    1.71   -0.33
  27  215   20.83   19.86    9.91   -1.35    0.94   -0.20
  17  215   20.77   19.60    0.00   -5.83    1.76    0.30
  11  215   20.47   19.64    0.00   -5.05    1.63   -0.03
  19  215   21.09   19.90    0.00   -3.90    1.79   -0.07
  21  215   20.55   19.72    0.00   -5.89    1.25    0.09
  23  215   20.16   19.69    0.76   -4.54    1.88    0.35
   5  245   20.04   19.03    5.59   -5.11    3.66    0.34
   7  245   20.57   19.63    0.00   -0.89    2.71   -0.45
   3  245   20.54   19.54    0.00   -4.86    3.07    0.03
  31  245   20.73   19.73    0.00   -3.38    2.09   -0.27
  27  245   20.67   19.66    9.91   -0.41    0.45    0.03
  17  245   20.42   19.33    0.00   -5.17    2.86    0.33
  11  245   20.24   19.42    0.00   -4.56    3.67   -0.08
  19  245   20.71   19.74    0.00   -3.77    2.85   -0.11
  21  245   20.20   19.56    0.00   -5.88    1.37    0.05
  23  245   19.97   19.46    0.76   -3.88    2.33    0.33
   5  315   19.74   18.79    5.59   -4.05    1.39    0.20
   7  315   20.33   19.39    0.00   -0.65    2.27   -0.29
   3  315   20.26   19.30    0.00   -5.21    2.63    0.10
  31  315   20.42   19.51    0.00   -3.93    0.83   -0.33
  27  315   20.36   19.50    9.91   -1.28   -0.23   -0.28
  17  315   20.28   19.18    0.00   -4.01    3.75    0.37
  11  315   20.03   19.21    0.00   -3.97    4.23   -0.08
  19  315   20.58   19.62    0.00   -3.25    4.08   -0.10
  21  315   20.09   19.44    0.00   -4.61    1.51    0.08
  23  315   19.78   19.23    0.76   -2.79    2.55    0.24
   5  345   19.40   18.60    5.59   -3.96    1.17    0.23
   7  345   19.89   19.13    0.00   -0.29    1.13   -0.25
   3  345   19.99   19.14    0.00   -5.47    2.35    0.11
  31  345   20.06   19.33    0.00   -3.28    0.57   -0.23
  27  345   20.08   19.35    9.91   -1.25    0.53   -0.19
  17  345   20.02   19.02    0.00   -4.71    1.21    0.24
  11  345   19.73   19.03    0.00   -4.15    0.91   -0.02
  19  345   20.67   19.56    0.00   -2.77    2.53   -0.07
  21  345   20.12   19.42    0.00   -4.23    1.69    0.05
  23  345   19.56   19.10    0.76   -3.19    1.59    0.25
   5  415   19.18   18.49    5.59   -5.11    2.41    0.28
   7  415   19.70   19.00    0.00   -0.12    1.03   -0.21
   3  415   19.69   19.01    0.00   -4.94    1.70    0.11
  31  415   19.92   19.21    0.00   -3.67    0.73   -0.29
  27  415   20.06   19.22    9.91   -1.61    0.69   -0.21
  17  415   19.78   18.87    0.00   -4.73    1.75    0.25
  11  415   19.58   18.91    0.00   -4.23    1.25   -0.01
  19  415   20.50   19.46    0.00   -2.98    1.77   -0.08
  21  415   20.14   19.32    0.00   -4.72    1.84    0.08
  23  415   19.43   18.99    0.76   -3.66    1.74    0.33
   5  445   19.12   18.43    5.59   -4.15    1.56    0.25
   7  445   19.46   18.90    0.00   -0.19    1.09   -0.20
   3  445   19.68   18.95    0.00   -5.18    1.45    0.13
  31  445   19.76   19.13    0.00   -3.21    0.31   -0.23
  27  445   19.89   19.17    9.91   -0.91    0.00   -0.17
  17  445   19.54   18.76    0.00   -4.52    1.41    0.24
  11  445   19.38   18.85    0.00   -4.29    0.75   -0.03
  19  445   20.16   19.32    0.00   -3.02    1.20   -0.04
  21  445  -99.00  -99.00    0.00   -4.33    1.53    0.09
  23  445   19.24   18.92    0.76   -3.51    1.39    0.29
   5  515   18.84   18.30    5.59   -1.54   -0.08    0.08
   7  515   19.39   18.86    0.00   -0.02    0.80   -0.06
   3  515   19.47   18.87    0.00   -3.83    1.54    0.11
  31  515   19.66   19.09    0.00   -2.95    0.71   -0.19
  27  515   19.71   19.10    9.91   -0.59    0.28   -0.04
  17  515   19.34   18.70    0.00   -3.67    1.31    0.20
  11  515   19.22   18.75    0.00   -3.91    0.70   -0.01
  19  515   19.97   19.21    0.00   -2.65    0.99   -0.03
  21  515  -99.00  -99.00    0.00   -4.25    1.35    0.04
  23  515   19.14   18.83    0.76   -3.22    1.29    0.27
   5  545   18.86   18.23    5.59   -3.07    2.13    0.19
   7  545   19.38   18.76    0.00   -0.27    1.68   -0.24
   3  545   19.37   18.74    0.00   -3.03    2.39    0.00
  31  545   19.58   18.97    0.00   -2.56    1.65   -0.20
  27  545   19.63   18.93    9.91   -0.97    0.46   -0.14
  17  545   19.23   18.59    0.00   -3.76    1.94    0.21
  11  545   19.30   18.64    0.00   -3.59    2.45   -0.04
  19  545   20.00   19.07    0.00   -2.69    1.59   -0.05
  21  545  -99.00  -99.00    0.00   -4.29    1.33    0.05
  23  545   19.06   18.72    0.76   -2.61    1.86    0.23
   5  615   19.14   18.22    5.59   -3.15    2.95    0.25
   7  615   19.42   18.72    0.00   -0.19    1.62   -0.17
   3  615   19.44   18.68    0.00   -2.47    2.29   -0.03
  31  615   19.50   18.86    0.00   -2.17    1.27   -0.15
  27  615   19.64   18.85    9.91   -0.72    0.66   -0.06
  17  615   19.49   18.57    0.00   -3.47    1.99    0.21
  11  615   19.45   18.65    0.00   -2.83    2.73   -0.06
  19  615   20.15   19.08    0.00   -2.11    2.10   -0.06
  21  615  -99.00  -99.00    0.00   -3.37    1.68    0.07
  23  615   19.44   18.83    0.76   -2.49    2.54    0.25
   5  645   19.71   18.26    5.59   -3.25    3.25    0.25
   7  645   20.15   18.86    0.00   -0.34    2.11   -0.20
   3  645   19.96   18.76    0.00   -2.20    2.24   -0.03
  31  645   19.86   18.95    0.00   -2.39    1.22   -0.19
  27  645   19.83   18.86    9.91   -0.67    0.09   -0.11
  17  645   19.94   18.65    0.00   -3.13    2.45    0.23
  11  645   20.07   18.69    0.00   -2.87    3.51   -0.07
  19  645   20.82   18.92    0.00   -2.23    3.10   -0.09
  21  645  -99.00  -99.00    0.00   -3.92    2.06    0.05
  23  645   19.49   18.82    0.76   -2.64    2.52    0.25
   5  715   20.10   18.20    5.59   -3.59    3.77    0.30
   7  715   20.32   18.67    0.00   -0.15    2.07   -0.14
   3  715   20.33   18.72    0.00   -2.29    2.35   -0.07
  31  715   20.39   18.95    0.00   -2.75    1.74   -0.21
  27  715   20.21   18.96    9.91   -1.07    1.23   -0.09
  17  715   20.66   18.38    0.00   -3.15    3.23    0.29
  11  715   20.40   18.52    0.00   -2.88    3.41   -0.07
  19  715   21.25   18.78    0.00   -2.29    5.36   -0.18
  21  715  -99.00  -99.00    0.00   -3.95    4.33    0.05
  23  715   19.85   18.57    0.76   -3.03    3.51    0.29
   5  745   20.53   18.06    5.59   -3.71    6.03    0.32
   7  745   20.83   18.58    0.00   -0.15    3.25   -0.14
   3  745   20.98   18.54    0.00   -2.75    4.40   -0.15
  31  745   20.67   18.73    0.00   -2.83    3.12   -0.23
  27  745   20.72   18.72    9.91   -1.19    2.42   -0.01
  17  745   21.04   18.35    0.00   -4.12    3.91    0.36
  11  745   20.61   18.31    0.00   -3.79    5.27   -0.09
  19  745   21.23   18.68    0.00   -3.58    4.73   -0.14
  21  745  -99.00  -99.00    0.00   -4.88    2.87    0.07
  23  745   19.92   18.31    0.76   -3.46    3.85    0.38
   5  815   20.25   17.80    5.59   -3.85    8.11    0.39
   7  815   20.54   18.33    0.00   -0.20    4.57   -0.29
   3  815   20.76   18.32    0.00   -2.61    6.59   -0.23
  31  815   20.68   18.47    0.00   -2.84    5.23   -0.20
  27  815   20.73   18.44    9.91   -1.55    5.54    0.19
  17  815   20.58   18.11    0.00   -3.95    5.09    0.40
  11  815   20.20   18.09    0.00   -3.51    6.33   -0.11
  19  815   20.67   18.47    0.00   -3.65    6.37   -0.23
  21  815  -99.00  -99.00    0.00   -4.83    5.57    0.06
  23  815   19.64   18.15    0.76   -3.55    5.07    0.39
   5  845   19.81   17.78    5.59   -2.97    8.67    0.37
   7  845   20.11   18.27    0.00    0.08    5.59   -0.31
   3  845   20.23   18.28    0.00   -2.21    7.21   -0.20
  31  845   20.24   18.43    0.00   -2.17    5.51   -0.07
  27  845  -99.00  -99.00  -99.00  -99.00  -99.00  -99.00
  17  845   20.00   17.99    0.00   -3.55    5.27    0.39
  11  845   19.59   18.05    0.00   -3.05    6.51   -0.07
  19  845   20.30   18.38    0.00   -3.17    6.83   -0.21
  21  845  -99.00  -99.00    0.00   -4.41    6.17    0.07
  23  845   19.36   18.19    0.76   -3.23    6.03    0.39
   5  915   19.52   17.76    5.59   -2.15    9.50    0.35
   7  915   19.91   18.26    0.00    0.03    6.25   -0.39
   3  915   20.03   18.27    0.00   -0.53    7.83   -0.25
  31  915   20.15   18.44    0.00   -1.47    6.37   -0.04
  27  915  -99.00  -99.00  -99.00  -99.00  -99.00  -99.00
  17  915   19.82   17.98    0.00   -2.67    6.49    0.41
  11  915   19.56   18.08    0.00   -2.45    7.97   -0.11
  19  915   20.12   18.36    0.00   -2.57    9.11   -0.23
  21  915  -99.00  -99.00    0.00   -3.32    7.34    0.09
  23  915   19.28   18.15    0.76   -2.01    6.85    0.38
   5  945   19.52   17.76    5.59   -0.99   10.82    0.33
   7  945   19.96   18.28    0.00    0.59    7.82   -0.50
   3  945   20.04   18.27    0.00    0.26    8.97   -0.29
  31  945   20.16   18.44    0.00   -0.64    7.67    0.02
  27  945   20.15   18.36    9.91   -0.79    8.33    0.57
  17  945   19.69   17.94    0.00   -2.31    6.85    0.44
  11  945   19.46   18.06    0.00   -1.95    8.46   -0.11
  19  945   19.89   18.30    0.00   -2.50    8.06   -0.22
  21  945  -99.00  -99.00    0.00   -2.91    6.50    0.05
  23  945   19.13   18.11    0.76   -1.72    6.91    0.33
   5 1015   19.32   17.65    5.59   -0.85   10.64    0.31
   7 1015   19.80   18.17    0.00    0.45    7.31   -0.48
   3 1015   19.88   18.17    0.00    0.28    8.83   -0.27
  31 1015   20.12   18.35    0.00   -0.09    7.63    0.04
  27 1015   20.07   18.29    9.91   -0.38    8.26    0.64
  17 1015   19.68   17.87    0.00   -2.61    6.12    0.38
  11 1015   19.33   17.96    0.00   -1.89    7.71   -0.12
  19 1015   19.99   18.25    0.00   -2.18    7.70   -0.22
  21 1015  -99.00  -99.00    0.00   -2.48    6.23    0.05
  23 1015   18.98   18.03    0.76   -1.39    6.23    0.29
   5 1045   19.37   17.56    5.59   -1.70   10.75    0.37
   7 1045   19.85   18.08    0.00    0.27    7.14   -0.49
   3 1045   19.92   18.06    0.00    0.03    8.45   -0.28
  31 1045   20.16   18.26    0.00   -0.77    7.69    0.05
  27 1045  -99.00  -99.00  -99.00  -99.00  -99.00  -99.00
  17 1045   19.80   17.80    0.00   -3.12    6.08    0.40
  11 1045   19.41   17.85    0.00   -1.99    8.01   -0.11
  19 1045   20.15   18.20    0.00   -2.72    8.05   -0.24
  21 1045  -99.00  -99.00    0.00   -3.11    7.16    0.06
  23 1045   19.05   17.92    0.76   -1.75    6.75    0.33
   5 1115   19.44   17.46    5.59   -1.33   10.51    0.35
   7 1115   19.93   17.98    0.00    0.50    7.55   -0.53
   3 1115   19.98   17.96    0.00    0.35    8.35   -0.29
  31 1115   20.18   18.14    0.00   -0.25    7.28    0.08
  27 1115   20.16   18.03    9.91   -0.51    8.52    0.60
  17 1115   19.83   17.72    0.00   -2.46    5.65    0.35
  11 1115   19.55   17.74    0.00   -2.09    8.31   -0.10
  19 1115   20.22   18.11    0.00   -3.11    8.38   -0.22
  21 1115  -99.00  -99.00    0.00   -3.23    7.75    0.08
  23 1115   19.14   17.77    0.76   -2.03    6.97    0.35
   5 1145   19.69   17.45    5.59   -0.36   10.58    0.31
   7 1145   20.14   17.97    0.00    0.93    7.61   -0.39
   3 1145   20.19   17.95    0.00    0.24    8.63   -0.29
  31 1145   20.30   18.10    0.00    0.03    7.58    0.12
  27 1145   20.23   17.97    9.91   -0.53    8.83    0.62
  17 1145   20.04   17.74    0.00   -1.62    5.62    0.35
  11 1145   19.60   17.69    0.00   -2.09    7.89   -0.08
  19 1145   20.43   18.14    0.00   -2.03    8.90   -0.28
  21 1145  -99.00  -99.00    0.00   -2.76    8.80    0.09
  23 1145   19.28   17.72    0.76   -1.45    7.04    0.35
   5 1215   20.02   17.59    5.59   -0.35   11.49    0.37
   7 1215   20.50   18.11    0.00    0.61    7.83   -0.55
   3 1215   20.60   18.09    0.00    0.89    9.26   -0.37
  31 1215   20.62   18.21    0.00    0.79    8.08    0.18
  27 1215   20.51   18.03    9.91   -0.81    8.47    0.56
  17 1215   20.41   17.89    0.00   -1.45    6.59    0.38
  11 1215   19.97   17.82    0.00   -1.87    8.10   -0.09
  19 1215   20.65   18.24    0.00   -1.89    8.81   -0.25
  21 1215  -99.00  -99.00    0.00   -2.53    8.53    0.07
  23 1215   19.72   17.84    0.76   -1.13    7.49    0.33
   5 1245   20.70   17.88    5.59   -0.23   11.28    0.33
   7 1245   20.99   18.36    0.00    0.68    7.75   -0.51
   3 1245   21.17   18.34    0.00    0.69    8.92   -0.38
  31 1245   21.30   18.49    0.00    1.26    8.31    0.23
  27 1245   21.08   18.28    9.91   -0.50    9.21    0.64
  17 1245   21.12   18.23    0.00   -1.51    6.15    0.41
  11 1245   20.67   18.12    0.00   -1.51    8.20   -0.07
  19 1245   21.31   18.54    0.00   -1.59    8.91   -0.25
  21 1245  -99.00  -99.00    0.00   -2.33    8.01    0.12
  23 1245   20.41   18.17    0.76   -0.79    7.87    0.34
   5 1315   21.76   18.35    5.59   -0.08   10.53    0.31
   7 1315   21.93   18.80    0.00    0.77    7.95   -0.49
   3 1315   22.10   18.77    0.00    0.75    8.85   -0.34
  31 1315   22.31   18.95    0.00    1.47    8.16    0.25
  27 1315   21.92   18.66    9.91   -0.54   10.01    0.66
  17 1315   22.16   18.68    0.00   -1.25    7.13    0.42
  11 1315   21.70   18.58    0.00   -1.25    9.08   -0.12
  19 1315   22.30   19.03    0.00   -1.41    8.13   -0.23
  21 1315  -99.00  -99.00    0.00   -2.31    8.28    0.06
  23 1315   21.47   18.66    0.76   -0.52    8.25    0.32
   5 1345   22.99   18.89    5.59    0.18   11.12    0.29
   7 1345   23.23   19.41    0.00    0.87    8.02   -0.41
   3 1345   23.37   19.35    0.00    0.78    8.95   -0.33
  31 1345   23.57   19.51    0.00    1.43    8.22    0.29
  27 1345   23.11   19.21    9.91   -0.87    9.05    0.59
  17 1345   23.53   19.28    0.00   -1.25    6.99    0.42
  11 1345   22.98   19.14    0.00   -0.75    9.63   -0.11
  19 1345   23.54   19.55    0.00   -1.19    9.45   -0.27
  21 1345  -99.00  -99.00    0.00   -1.89    9.63    0.07
  23 1345  -99.00  -99.00  -99.00  -99.00  -99.00  -99.00
   5 1415   24.35   19.51    5.59    0.85   10.83    0.29
   7 1415   24.55   19.95    0.00    1.36    9.07   -0.43
   3 1415   24.73   19.98    0.00    1.13    9.00   -0.29
  31 1415   24.95   20.16    0.00    1.76    8.25    0.32
  27 1415   24.41   19.79    9.91   -0.55    8.64    0.59
  17 1415   24.76   19.81    0.00   -0.67    7.62    0.41
  11 1415   24.43   19.84    0.00   -0.38    9.33   -0.14
  19 1415   24.80   20.14    0.00   -0.72    9.54   -0.27
  21 1415  -99.00  -99.00    0.00   -1.20    9.68    0.07
  23 1415  -99.00  -99.00  -99.00  -99.00  -99.00  -99.00
   5 1445   25.55   20.08    5.59    1.85   10.89    0.24
   7 1445   25.79   20.57    0.00    1.51    8.73   -0.34
   3 1445   26.01   20.56    0.00    2.01    9.10   -0.28
  31 1445   26.22   20.71    0.00    1.98    9.18    0.29
  27 1445   25.59   20.40    9.91    0.29    8.51    0.82
  17 1445   25.94   20.40    0.00    0.39    7.23    0.39
  11 1445   25.72   20.47    0.00    0.45    9.42   -0.09
  19 1445   25.97   20.75    0.00   -0.18    8.81   -0.23
  21 1445  -99.00  -99.00    0.00   -1.15    9.92    0.92
  23 1445  -99.00  -99.00  -99.00  -99.00  -99.00  -99.00
   5 1515   26.61   20.59    5.59    2.07   10.67    0.23
   7 1515   26.97   21.20    0.00    1.20    8.23   -0.35
   3 1515   27.07   21.11    0.00    2.13    9.01   -0.28
  31 1515   27.44   21.35    0.00    1.65    8.37    0.31
  27 1515   26.73   21.00    9.91    1.07    7.69    0.89
  17 1515   27.12   20.98    0.00    0.44    6.75    0.40
  11 1515   26.76   21.01    0.00    0.19    8.37   -0.07
  19 1515   27.09   21.29    0.00    0.28    9.06   -0.22
  21 1515  -99.00  -99.00  -99.00  -99.00  -99.00  -99.00
  23 1515  -99.00  -99.00  -99.00  -99.00  -99.00  -99.00
   5 1545   27.83   21.23    5.59    2.26   10.13    0.21
   7 1545   28.11   21.76    0.00    1.46    7.88   -0.22
   3 1545   28.11   21.63    0.00    2.11    9.02   -0.29
  31 1545   28.54   21.92    0.00    1.39    8.34    0.27
  27 1545   27.60   21.45    9.91    0.39    8.57    0.83
  17 1545   28.08   21.45    0.00    0.85    6.64    0.37
  11 1545   27.75   21.54    0.00    0.50    7.95   -0.07
  19 1545   28.15   21.85    0.00    0.47    8.85   -0.21
  21 1545  -99.00  -99.00  -99.00  -99.00  -99.00  -99.00
  23 1545  -99.00  -99.00  -99.00  -99.00  -99.00  -99.00
   5 1615   28.91   21.79    5.59    1.32    9.36    0.27
   7 1615   29.18   22.36    0.00    1.03    7.21   -0.33
   3 1615   29.22   22.22    0.00    2.45    8.42   -0.32
  31 1615   29.45   22.37    0.00    1.03    8.24    0.21
  27 1615   28.47   21.88    9.91    0.69    8.40    0.85
  17 1615   29.30   22.14    0.00    0.45    6.29    0.40
  11 1615   28.66   22.07    0.00    0.53    8.03   -0.09
  19 1615   29.22   22.42    0.00    0.12    8.53   -0.23
  21 1615  -99.00  -99.00  -99.00  -99.00  -99.00  -99.00
  23 1615  -99.00  -99.00  -99.00  -99.00  -99.00  -99.00
   5 1645   29.85   22.24    5.59    1.56    9.37    0.19
   7 1645   30.09   22.76    0.00    1.61    7.63   -0.25
   3 1645   30.29   22.81    0.00    1.81    7.84   -0.25
  31 1645   30.51   22.97    0.00    0.71    7.71    0.24
  27 1645   29.35   22.38    9.91    0.29    8.83    0.77
  17 1645   29.99   22.47    0.00    0.82    6.70    0.37
  11 1645   29.68   22.69    0.00    0.62    7.81   -0.05
  19 1645   30.04   22.90    0.00    0.31    8.00   -0.23
  21 1645  -99.00  -99.00  -99.00  -99.00  -99.00  -99.00
  23 1645   28.80   22.72    0.76    0.59    8.13    0.29
   5 1715   30.72   22.67    5.59    1.78    8.41    0.18
   7 1715   30.98   23.19    0.00    1.71    7.31   -0.20
   3 1715   31.02   23.13    0.00    1.57    7.57   -0.29
  31 1715   31.56   23.33    0.00    1.95    7.20    0.29
  27 1715   30.36   23.14    9.91    0.36    6.95    0.72
  17 1715   30.74   22.87    0.00    1.13    6.71    0.37
  11 1715   30.64   23.19    0.00    1.53    7.72   -0.04
  19 1715   30.79   23.31    0.00    0.47    7.97   -0.23
  21 1715  -99.00  -99.00  -99.00  -99.00  -99.00  -99.00
  23 1715   29.38   23.12    0.76    0.07    8.31    0.28
   5 1745   31.69   23.30    5.59    1.63    7.37    0.19
   7 1745   31.87   23.71    0.00    1.23    7.12   -0.25
   3 1745  -99.00  -99.00  -99.00  -99.00  -99.00  -99.00
  31 1745   32.46   23.83    0.00    1.16    6.73    0.20
  27 1745   31.31   23.57    9.91    0.04    6.68    0.56
  17 1745   31.50   23.28    0.00    1.36    6.92    0.31
  11 1745   31.32   23.67    0.00    0.74    7.41   -0.04
  19 1745   31.47   23.65    0.00    0.29    8.15   -0.23
  21 1745  -99.00  -99.00    0.00   -0.21    8.61    0.07
  23 1745  -99.00  -99.00  -99.00  -99.00  -99.00  -99.00
   5 1815   32.07   23.37    5.59    1.65    8.43    0.16
   7 1815   32.48   24.02    0.00    1.65    7.38   -0.21
   3 1815   13.58   18.49    0.00   -1.93   -8.05   -5.26
  31 1815   33.01   24.16    0.00    1.19    7.10    0.17
  27 1815   31.85   23.78    9.91    0.64    7.37    0.71
  17 1815   32.17   23.65    0.00    1.06    6.42    0.37
  11 1815   31.76   23.77    0.00    0.75    8.17   -0.04
  19 1815   32.05   24.04    0.00    0.45    7.82   -0.23
  21 1815  -99.00  -99.00    0.00   -0.29    8.27    0.03
  23 1815  -99.00  -99.00  -99.00  -99.00  -99.00  -99.00
   5 1845   32.67   23.77    5.59    1.43    8.23    0.21
   7 1845   32.99   24.26    0.00    1.65    7.70   -0.23
   3 1845  -99.00  -99.00  -99.00  -99.00  -99.00  -99.00
  31 1845   33.55   24.32    0.00    1.64    7.46    0.25
  27 1845   32.52   23.90    9.91    1.25    7.42    0.87
  17 1845   32.76   24.00    0.00    1.12    6.59    0.36
  11 1845   32.33   24.12    0.00    1.31    8.02   -0.06
  19 1845   32.66   24.29    0.00    0.64    7.89   -0.23
  21 1845  -99.00  -99.00    0.00   -0.87   -0.27   -9.29
  23 1845  -99.00  -99.00  -99.00  -99.00  -99.00  -99.00
   5 1915   33.16   23.97    5.59    1.83    8.82    0.19
   7 1915   33.71   24.61    0.00    1.86    7.93   -0.17
   3 1915   33.56   24.55    0.00    2.12    7.58   -0.23
  31 1915   34.07   24.64    0.00    1.53    7.56    0.29
  27 1915   33.02   24.23    9.91    0.57    8.06    0.80
  17 1915   33.20   24.11    0.00    1.09    7.35    0.37
  11 1915   32.86   24.45    0.00    1.35    8.07   -0.05
  19 1915   33.17   24.52    0.00    0.27    8.09   -0.21
  21 1915  -99.00  -99.00    0.00   -8.82    7.45  -15.88
  23 1915  -99.00  -99.00  -99.00  -99.00  -99.00  -99.00
   5 1945   33.48   24.10    5.59    1.24    9.34    0.22
   7 1945   33.94   24.73    0.00    1.80    8.07   -0.23
   3 1945   34.01   24.72    0.00    2.13    7.61   -0.23
  31 1945   34.44   24.92    0.00    1.62    7.73    0.27
  27 1945   33.43   24.48    9.91    0.51    8.43    0.81
  17 1945   33.44   24.24    0.00    0.99    7.79    0.40
  11 1945   33.09   24.47    0.00    0.81    8.78   -0.07
  19 1945   33.39   24.72    0.00    0.05    8.29   -0.23
  21 1945  -99.00  -99.00  -99.00  -99.00  -99.00  -99.00
  23 1945  -99.00  -99.00  -99.00  -99.00  -99.00  -99.00
   5 2015   33.46   24.17    5.59    1.29    9.75    0.23
   7 2015   34.06   24.91    0.00    1.51    8.29   -0.27
   3 2015   33.97   24.63    0.00    2.39    8.52   -0.29
  31 2015   34.52   24.89    0.00    1.65    8.07    0.25
  27 2015   33.68   24.46    9.91    0.91    9.09    0.99
  17 2015   33.50   24.36    0.00    1.25    7.63    0.41
  11 2015   33.32   24.62    0.00    1.22    8.58   -0.02
  19 2015   33.44   24.66    0.00    0.89    8.79   -0.26
  21 2015  -99.00  -99.00  -99.00  -99.00  -99.00  -99.00
  23 2015  -99.00  -99.00  -99.00  -99.00  -99.00  -99.00
   5 2045   33.58   24.35    5.59    1.49    9.83    0.23
   7 2045   34.18   25.04    0.00    1.83    8.49   -0.24
   3 2045   34.04   24.81    0.00    2.60    8.52   -0.31
  31 2045   34.56   25.06    0.00    1.36    8.19    0.27
  27 2045   33.76   24.67    9.91    0.61    9.04    0.87
  17 2045   33.61   24.52    0.00    1.12    7.59    0.45
  11 2045   33.33   24.61    0.00    0.73    9.18   -0.05
  19 2045   33.54   24.87    0.00    0.11    8.49   -0.23
  21 2045  -99.00  -99.00  -99.00  -99.00  -99.00  -99.00
  23 2045  -99.00  -99.00  -99.00  -99.00  -99.00  -99.00
   5 2115   33.46   24.37    5.59    1.29    9.97    0.21
   7 2115   34.12   25.05    0.00    1.65    8.33   -0.23
   3 2115   34.16   20.79    0.00    2.19    7.98   -0.24
  31 2115   34.63   25.14    0.00    1.43    8.21    0.27
  27 2115   33.87   24.71    9.91    1.16    9.35    1.00
  17 2115   33.55   24.66    0.00    0.82    6.97    0.39
  11 2115   33.33   24.60    0.00    1.07    9.31   -0.09
  19 2115   33.48   24.91    0.00    0.21    8.16   -0.19
  21 2115  -99.00  -99.00  -99.00  -99.00  -99.00  -99.00
  23 2115   32.95   24.97    0.76    0.75    7.79    0.29
   5 2145   33.09   24.22    5.59    1.49    9.64    0.22
   7 2145   33.70   24.87    0.00    1.68    8.35   -0.25
   3 2145   33.66   24.87    0.00    2.23    7.84   -0.25
  31 2145   33.95   25.00    0.00    1.18    7.94    0.19
  27 2145   33.41   24.79    9.91    0.51    8.72    0.85
  17 2145   33.38   24.57    0.00    0.53    7.36    0.46
  11 2145   33.00   24.66    0.00    0.50    8.85   -0.06
  19 2145   33.43   24.98    0.00   -0.27    8.31   -0.23
  21 2145  -99.00  -99.00  -99.00  -99.00  -99.00  -99.00
  23 2145   32.68   24.88    0.76    0.25    7.96    0.29
   5 2215   33.28   24.43    5.59    0.95    9.47    0.27
   7 2215   33.96   25.13    0.00    1.15    8.29   -0.37
   3 2215   33.86   25.00    0.00    1.42    8.42   -0.32
  31 2215   34.16   25.23    0.00    0.43    7.73    0.14
  27 2215   33.73   25.08    9.91    0.06    8.85    0.80
  17 2215   33.52   24.69    0.00   -0.07    7.50    0.43
  11 2215   33.23   24.80    0.00    0.57    9.11   -0.09
  19 2215   33.54   24.93    0.00   -0.89    9.13   -0.23
  21 2215  -99.00  -99.00  -99.00  -99.00  -99.00  -99.00
  23 2215   32.83   25.00    0.76    0.56    7.95    0.31
   5 2245   33.02   24.37    5.59    0.46    9.23    0.23
   7 2245   33.76   25.10    0.00    1.15    7.80   -0.39
   3 2245   33.71   24.93    0.00    0.88    8.23   -0.31
  31 2245   34.00   25.15    0.00    0.60    7.78    0.19
  27 2245   33.67   25.00    9.91    0.38    9.30    0.82
  17 2245   33.32   24.56    0.00    0.02    7.04    0.42
  11 2245   33.08   24.75    0.00    0.35    8.69   -0.08
  19 2245   33.52   24.93    0.00   -0.55    8.28   -0.24
  21 2245  -99.00  -99.00  -99.00  -99.00  -99.00  -99.00
  23 2245   32.76   25.05    0.76    0.39    7.49    0.26
   5 2315   32.78   24.36    5.59    0.56    8.33    0.19
   7 2315   33.56   25.01    0.00    1.23    7.25   -0.27
   3 2315   33.52   25.02    0.00    1.07    7.10   -0.25
  31 2315   33.65   25.36    0.00    0.25    6.49    0.09
  27 2315   33.51   25.01    9.91    0.18    8.65    0.79
  17 2315   33.15   24.45    0.00    0.59    6.75    0.39
  11 2315   32.79   24.83    0.00    0.29    8.03   -0.07
  19 2315   33.30   24.96    0.00   -0.53    7.39   -0.21
  21 2315  -99.00  -99.00  -99.00  -99.00  -99.00  -99.00
  23 2315   32.55   24.96    0.76   -0.22    7.21    0.29
   5 2345   32.05   24.46    5.59   -0.06    7.61    0.21
   7 2345   32.81   25.13    0.00    0.65    6.18   -0.37
   3 2345   32.87   24.98    0.00    0.59    6.93   -0.28
  31 2345   32.98   25.17    0.00    0.27    6.24    0.09
  27 2345   33.12   25.00    9.91   -0.07    7.57    0.62
  17 2345   32.47   24.57    0.00   -0.71    5.57    0.29
  11 2345   32.23   24.73    0.00   -0.35    7.45   -0.06
  19 2345   32.77   25.06    0.00   -1.38    6.74   -0.19
  21 2345  -99.00  -99.00  -99.00  -99.00  -99.00  -99.00
  23 2345   32.04   24.81    0.76   -0.52    6.88    0.30
