   5   15   31.35   24.28    5.59   -0.69    7.24    0.25
   7   15   32.00   24.90    0.00    0.50    5.87   -0.35
   3   15   31.97   24.91    0.00   -0.07    5.29   -0.15
  31   15   32.14   25.04    0.00   -0.56    5.29    0.01
  27   15   32.45   24.85    9.91   -0.33    7.38    0.57
  17   15   31.49   24.54    0.00   -1.19    4.61    0.29
  11   15   31.56   24.61    0.00   -0.87    6.67   -0.08
  19   15   31.92   24.98    0.00   -1.59    5.80   -0.17
  21   15   31.92   24.89    0.00   -1.89    6.63    0.07
  23   15   31.32   24.73    0.76   -1.04    5.87    0.26
   5   45   30.35   23.98    5.59   -0.75    6.64    0.23
   7   45   30.98   24.52    0.00    0.50    5.77   -0.37
   3   45   31.05   24.51    0.00   -0.16    5.66   -0.18
  31   45   31.10   24.70    0.00   -1.01    5.07   -0.03
  27   45   31.43   24.77    9.91   -0.73    6.38    0.39
  17   45   30.62   24.14    0.00   -1.15    5.03    0.28
  11   45   30.66   24.26    0.00   -1.16    6.57   -0.05
  19   45   31.10   24.59    0.00   -1.57    5.88   -0.16
  21   45   31.09   24.50    0.00   -2.02    6.41    0.05
  23   45   30.14   24.62    0.76   -1.13    4.92    0.21
   5  115   29.59   23.53    5.59   -0.67    7.51    0.24
   7  115   30.18   24.06    0.00    0.49    6.30   -0.41
   3  115   30.25   24.06    0.00    0.01    6.17   -0.23
  31  115   30.23   24.28    0.00   -0.88    5.47   -0.03
  27  115   30.48   24.43    9.91   -1.06    6.82    0.37
  17  115   29.89   23.68    0.00   -1.31    5.50    0.32
  11  115   29.68   23.84    0.00   -1.13    6.40   -0.06
  19  115   30.38   24.07    0.00   -1.67    6.18   -0.21
  21  115   30.06   24.06    0.00   -1.99    5.72    0.00
  23  115   28.87   24.15    0.76   -1.23    4.65    0.23
   5  145   28.96   23.10    5.59   -0.55    7.99    0.27
   7  145   29.47   23.59    0.00    0.61    6.48   -0.37
   3  145   29.50   23.66    0.00    0.10    6.33   -0.21
  31  145   29.39   23.99    0.00   -0.78    5.53    0.01
  27  145   29.91   23.93    9.91   -0.99    7.57    0.45
  17  145   29.25   23.15    0.00   -1.07    5.83    0.32
  11  145   28.86   23.60    0.00   -0.97    6.70   -0.08
  19  145   29.69   23.58    0.00   -1.65    6.41   -0.20
  21  145   29.10   23.78    0.00   -1.84    5.69    0.02
  23  145   28.59   23.57    0.76   -0.96    5.63    0.24
   5  215   28.46   22.78    5.59   -0.20    8.95    0.25
   7  215   28.95   23.25    0.00    0.77    7.24   -0.43
   3  215   29.05   23.41    0.00    0.39    7.44   -0.29
  31  215   29.04   23.66    0.00   -0.37    6.30    0.05
  27  215   29.56   23.46    9.91   -0.78    8.39    0.53
  17  215   28.61   22.75    0.00   -0.78    6.19    0.33
  11  215   28.37   23.23    0.00   -0.65    7.35   -0.09
  19  215   29.12   23.25    0.00   -1.59    6.77   -0.18
  21  215   28.71   23.40    0.00   -1.51    6.53    0.05
  23  215   28.14   23.11    0.76   -0.44    5.85    0.26
   5  245   28.16   22.44    5.59    0.40    9.35    0.27
   7  245   28.62   22.93    0.00    0.85    7.71   -0.41
   3  245   28.84   23.01    0.00    0.82    7.93   -0.29
  31  245   28.77   23.14    0.00    0.38    7.05    0.13
  27  245   29.23   23.03    9.91   -0.71    9.29    0.59
  17  245   28.32   22.51    0.00   -0.07    7.05    0.35
  11  245   28.22   22.71    0.00   -0.15    8.14   -0.07
  19  245   28.78   23.01    0.00   -1.14    7.47   -0.20
  21  245   28.59   22.92    0.00   -0.55    7.11    0.03
  23  245   27.68   22.68    0.76   -0.32    6.09    0.23
   5  315   28.23   22.02    5.59    1.49    9.74    0.22
   7  315   28.69   22.52    0.00    1.40    8.10   -0.27
   3  315   28.62   22.53    0.00    1.76    7.16   -0.17
  31  315   28.82   22.65    0.00    1.35    7.47    0.22
  27  315   28.82   22.66    9.91   -0.25    8.43    0.64
  17  315   28.44   22.14    0.00    0.83    7.21    0.42
  11  315   28.35   22.27    0.00    0.83    8.40   -0.05
  19  315   28.77   22.63    0.00   -0.31    7.65   -0.20
  21  315   28.81   22.54    0.00    0.05    7.65    0.07
  23  315   27.34   22.32    0.76   -0.12    5.92    0.21
   5  345   28.10   21.73    5.59    1.94   10.31    0.24
   7  345   28.53   22.25    0.00    1.63    8.65   -0.29
   3  345   28.57   22.28    0.00    2.29    8.16   -0.21
  31  345   28.72   22.40    0.00    1.45    8.03    0.24
  27  345   28.80   22.38    9.91    0.17    8.55    0.69
  17  345   28.20   21.87    0.00    0.95    7.50    0.39
  11  345   28.14   22.05    0.00    1.04    8.70   -0.07
  19  345   28.30   22.37    0.00   -0.51    7.30   -0.20
  21  345   28.44   22.38    0.00    0.32    7.81    0.04
  23  345   27.55   22.11    0.00    0.35    6.49    0.25
   5  415   27.75   21.62    5.59    2.31   10.53    0.19
   7  415   28.04   22.13    0.00    1.61    8.39   -0.19
   3  415   28.28   22.19    0.00    2.62    8.60   -0.30
  31  415   28.42   22.31    0.00    1.93    8.07    0.24
  27  415   28.76   22.25    9.91    0.64    8.65    0.80
  17  415   27.79   21.77    0.00    1.14    7.31    0.42
  11  415   27.76   21.96    0.00    1.47    8.84   -0.07
  19  415   27.99   22.26    0.00   -0.01    7.54   -0.23
  21  415   27.96   22.23    0.00    0.59    7.07    0.06
  23  415   27.39   21.99    0.00    0.71    6.75    0.22
   5  445   27.63   21.50    5.59    2.57   10.95    0.19
   7  445   27.90   21.99    0.00    1.77    8.49   -0.19
   3  445   28.10   22.05    0.00    3.01    8.70   -0.28
  31  445   28.25   22.16    0.00    2.33    8.19    0.33
  27  445   28.35   22.09    9.91    0.79    8.51    0.81
  17  445   27.84   21.65    0.00    1.59    7.42    0.35
  11  445   27.51   21.78    0.00    1.69    8.70   -0.06
  19  445   28.00   22.10    0.00    0.54    7.57   -0.22
  21  445   27.79   22.03    0.00    0.93    7.21    0.02
  23  445   26.76   21.76    0.00    0.82    6.45    0.24
   5  515   27.48   21.30    5.59    2.47   10.35    0.21
   7  515   27.85   21.81    0.00    1.75    8.29   -0.19
   3  515   28.03   21.86    0.00    2.89    8.53   -0.27
  31  515   28.06   21.96    0.00    2.19    7.56    0.31
  27  515   27.96   21.88    9.91    0.64    7.43    0.75
  17  515   27.86   21.47    0.00    1.73    7.58    0.35
  11  515   27.49   21.58    0.00    1.82    8.81   -0.05
  19  515   27.94   21.91    0.00    0.66    7.33   -0.19
  21  515   27.86   21.86    0.00    0.98    7.71    0.00
  23  515   26.31   21.54    0.00    0.91    6.29    0.17
   5  545   27.51   21.09    5.59    2.53   10.35    0.19
   7  545   27.92   21.60    0.00    1.81    8.64   -0.26
   3  545   28.11   21.67    0.00    3.03    8.80   -0.34
  31  545   28.15   21.76    0.00    2.28    7.84    0.28
  27  545   28.06   21.71    9.91    0.57    7.64    0.71
  17  545   27.81   21.23    0.00    1.68    7.43    0.36
  11  545   27.50   21.36    0.00    1.78    8.60   -0.03
  19  545   27.94   21.66    0.00    0.54    7.41   -0.17
  21  545   27.88   21.62    0.00    1.05    7.77    0.03
  23  545   26.15   21.34    0.00    0.81    6.12    0.15
   5  615   27.27   20.74    5.59    2.35    9.70    0.19
   7  615   27.65   21.24    0.00    1.61    7.86   -0.19
   3  615   27.82   21.31    0.00    2.64    7.87   -0.25
  31  615   27.86   21.41    0.00    2.11    7.09    0.30
  27  615  -99.00  -99.00  -99.00  -99.00  -99.00  -99.00
  17  615   27.58   20.88    0.00    1.71    6.71    0.35
  11  615   27.28   21.02    0.00    1.65    8.30   -0.05
  19  615   27.62   21.32    0.00    0.57    7.08   -0.20
  21  615   27.66   21.34    0.00    1.01    8.01    0.04
  23  615   26.37   21.08    0.00    0.61    6.03    0.20
   5  645   26.97   20.55    5.59    2.65   10.09    0.17
   7  645   27.30   21.04    0.00    1.96    8.25   -0.16
   3  645   27.46   21.11    0.00    2.77    7.97   -0.25
  31  645   27.46   21.22    0.00    2.21    6.90    0.30
  27  645  -99.00  -99.00  -99.00  -99.00  -99.00  -99.00
  17  645   27.26   20.73    0.00    1.94    7.09    0.29
  11  645   27.02   20.89    0.00    2.05    8.43   -0.02
  19  645   27.31   21.16    0.00    0.83    7.23   -0.17
  21  645   27.38   21.17    0.00    1.41    7.93    0.01
  23  645   26.37   20.94    0.00    1.21    6.25    0.19
   5  715   26.81   20.36    5.59    2.73    9.55    0.19
   7  715   27.33   20.86    0.00    2.17    8.61   -0.19
   3  715   27.47   20.94    0.00    3.15    7.97   -0.23
  31  715   27.55   21.04    0.00    2.47    7.20    0.33
  27  715   27.88   21.03    9.91  -99.00  -99.00  -99.00
  17  715   27.24   20.51    0.00    2.23    6.89    0.35
  11  715   27.12   20.66    0.00    2.36    8.84   -0.05
  19  715   27.44   20.93    0.00    1.31    7.57   -0.20
  21  715   27.31   20.90    0.00    1.39    8.10    0.01
  23  715   26.37   20.71    0.00    1.52    6.71    0.18
   5  745   26.71   20.13    5.59    2.88    9.14    0.17
   7  745   27.16   20.64   50.04    2.04    8.14   -0.19
   3  745   27.40   20.71    0.00    3.33    7.78   -0.27
  31  745   27.68   20.81    0.00    3.00    7.35    0.39
  27  745   27.81   20.78    9.91  -99.00  -99.00  -99.00
  17  745   27.07   20.32    0.00    2.52    7.06    0.33
  11  745   27.00   20.41    0.00    2.31    8.37   -0.05
  19  745   27.18   20.74    0.00    1.47    7.11   -0.17
  21  745   27.17   20.70    0.00    1.71    8.14    0.03
  23  745   26.38   20.50    0.00    1.71    6.59    0.15
   5  815   26.37   19.93    5.59    3.27    8.94    0.15
   7  815   26.88   20.45   50.04    2.16    8.26   -0.14
   3  815   27.08   20.51    0.00    3.73    7.93   -0.24
  31  815   27.57   20.63    0.00    3.43    7.57    0.44
  27  815   27.76   20.59    9.91  -99.00  -99.00  -99.00
  17  815   26.71   20.11    0.00    2.65    6.74    0.31
  11  815   26.85   20.22    0.00    2.77    8.73   -0.05
  19  815   26.89   20.56    0.00    1.61    7.13   -0.17
  21  815   26.98   20.54    0.00    1.65    7.94    0.05
  23  815   26.34   20.38    0.00    2.07    7.07    0.19
   5  845   26.20   19.79    5.59    3.40   15.76    0.15
   7  845   26.75   20.32   50.04    1.18    8.43   -5.64
   3  845   26.90   20.39    0.00    3.49    7.88   -0.21
  31  845   27.37   20.53    0.00    3.35    7.44    0.47
  27  845   27.72   20.50    9.91  -99.00  -99.00  -99.00
  17  845   26.60   19.99    0.00    2.77    6.78    0.34
  11  845   26.81   20.18    0.00    2.78    8.92   -0.07
  19  845   26.79   20.49    0.00    1.67    7.21   -0.20
  21  845   27.00   20.56    0.00    1.62    8.54    0.05
  23  845   26.30   20.41    0.00    2.23    7.37    0.16
   5  915   25.95   19.75    5.59    3.23    9.06    0.13
   7  915   26.46   20.28   50.04    2.15    7.95   -0.13
   3  915   26.54   20.33    0.00    3.28    7.72   -0.26
  31  915   26.88   20.48    0.00    3.14    6.69    0.45
  27  915   27.45   20.49    9.91  -99.00  -99.00  -99.00
  17  915   26.20   19.92    0.00    2.50    6.21    0.29
  11  915   26.46   20.15    0.00    2.65    8.39   -0.05
  19  915   26.32   20.43    0.00    1.45    6.59   -0.13
  21  915   26.59   20.53    0.00    1.49    7.23    0.00
  23  915   25.89   20.38    0.00    2.04    6.77    0.15
   5  945   25.68   19.67    5.59    2.95    9.43    0.15
   7  945   26.10   20.20   50.04    1.94    8.08   -0.17
   3  945   26.26   20.26    0.00    3.08    7.94   -0.20
  31  945   26.69   20.40    0.00    3.09    7.27    0.40
  27  945   27.23   20.39    9.91  -99.00  -99.00  -99.00
  17  945   25.95   19.85    0.00    2.25    6.69    0.31
  11  945   25.99   20.02    0.00    2.43    7.99   -0.04
  19  945   25.92   20.33    0.00    1.20    6.51   -0.13
  21  945   26.31   20.42    0.00    1.40    7.85    0.01
  23  945   25.56   20.26    0.00    2.05    6.74    0.15
   5 1015   25.30   19.53    5.59    3.14    9.11    0.15
   7 1015   25.70   20.05   50.04    1.77    7.81   -0.17
   3 1015   25.83   20.10    0.00    2.98    7.41   -0.19
  31 1015   26.34   20.24    0.00    3.04    7.27    0.37
  27 1015   26.94   20.25    9.91  -99.00  -99.00  -99.00
  17 1015   25.53   19.67    0.00    2.35    5.78    0.25
  11 1015   25.67   19.88    0.00    2.41    7.77   -0.05
  19 1015   25.60   20.18    0.00    1.11    6.15   -0.15
  21 1015   25.91   20.27    0.00    1.29    7.29    0.00
  23 1015   25.48   20.13    0.00    2.19    7.00    0.15
   5 1045   24.87   19.36    5.59    2.92    8.74    0.15
   7 1045   25.29   19.88   50.04    1.61    7.47   -0.22
   3 1045   25.47   19.94    0.00    2.97    7.40   -0.20
  31 1045   25.89   20.10    0.00    2.87    7.11    0.41
  27 1045   26.52   20.13    9.91  -99.00  -99.00  -99.00
  17 1045   25.16   19.50    0.00    2.39    5.19    0.24
  11 1045   25.17   19.72    0.00    2.35    7.06   -0.06
  19 1045   25.35   20.03    0.00    1.17    6.04   -0.20
  21 1045   25.45   20.10    0.00    1.03    7.33   -0.01
  23 1045   24.97   19.98    0.00    2.03    6.50    0.20
   5 1115   24.52   19.22    5.59    2.80    8.80    0.15
   7 1115   25.03   19.75   50.04    1.57    7.55   -0.25
   3 1115   25.18   19.82    0.00    2.81    7.68   -0.21
  31 1115   25.56   19.98    0.00    2.89    7.28    0.36
  27 1115   26.18   20.01    9.91  -99.00  -99.00  -99.00
  17 1115   24.85   19.38    0.00    2.29    5.15    0.22
  11 1115   24.98   19.61    0.00    2.73    6.67   -0.03
  19 1115   24.99   19.87    0.00    1.69    4.91   -0.06
  21 1115   25.31   19.95    0.00    1.98    6.56    0.01
  23 1115   24.86   19.81    0.00    2.89    6.31    0.09
   5 1145   24.46   19.11    5.59    2.82    9.23    0.17
   7 1145   24.85   19.61   50.04    1.38    7.75   -0.31
   3 1145   25.12   19.70    0.00    2.96    8.15   -0.24
  31 1145   25.44   19.84    0.00    2.91    7.64    0.37
  27 1145   26.20   19.86    9.91  -99.00  -99.00  -99.00
  17 1145   24.70   19.23    0.00    2.31    5.33    0.23
  11 1145   24.91   19.46    0.00    3.05    6.33   -0.01
  19 1145   24.91   19.71    0.00    1.77    4.75   -0.09
  21 1145   25.33   19.77    0.00    2.40    6.34    0.05
  23 1145   25.10   19.63    0.00    3.06    6.43    0.09
   5 1215   24.68   19.06    5.59    2.91    9.45    0.17
   7 1215   25.07   19.56   50.04    1.59    7.94   -0.24
   3 1215   25.22   19.64    0.00    2.90    7.99   -0.24
  31 1215   25.48   19.78    0.00    3.04    7.49    0.35
  27 1215   26.14   19.78    9.91  -99.00  -99.00  -99.00
  17 1215   25.05   19.24    0.00    2.50    5.31    0.25
  11 1215   24.91   19.44    0.00    3.00    6.69   -0.05
  19 1215   25.15   19.73    0.00    1.89    4.99   -0.09
  21 1215   25.25   19.74    0.00    2.18    5.81    0.01
  23 1215   24.91   19.64    0.00    2.85    6.00    0.09
   5 1245   25.27   19.24    5.59    3.07    9.25    0.15
   7 1245   25.55   19.70   50.04    1.65    7.80   -0.24
   3 1245   25.75   19.81    0.00    2.87    7.93   -0.23
  31 1245   25.99   19.92    0.00    3.11    7.61    0.41
  27 1245   26.29   19.86    9.91  -99.00  -99.00  -99.00
  17 1245   25.65   19.47    0.00    2.89    5.40    0.30
  11 1245   25.35   19.62    0.00    2.78    6.49   -0.01
  19 1245   25.82   19.98    0.00    2.15    5.83   -0.14
  21 1245   25.80   19.96    0.00    2.27    6.03    0.03
  23 1245   25.46   19.88    0.00    3.07    5.75    0.05
   5 1315   25.98   19.56    5.59    4.02    9.13    0.12
   7 1315   26.25   19.95   50.04    2.61    9.09   -0.13
   3 1315   26.43   20.11    0.00    4.01    8.08   -0.25
  31 1315   26.69   20.18    0.00    3.76    8.07    0.43
  27 1315   26.74   20.07    9.91  -99.00  -99.00  -99.00
  17 1315   26.31   19.76    0.00    3.53    5.83    0.29
  11 1315   26.09   19.94    0.00    3.49    6.98   -0.04
  19 1315   26.49   20.33    0.00    2.87    5.84   -0.13
  21 1315   26.52   20.25    0.00    2.75    7.28    0.05
  23 1315   26.32   20.18    0.00    3.83    6.67    0.12
   5 1345   26.79   19.85    5.59    4.81   10.09    0.09
   7 1345   27.07   20.30   50.04    3.26    9.07   -0.08
   3 1345   27.20   20.45    0.00    4.85    8.41   -0.29
  31 1345   27.40   20.54    0.00    4.05    7.85    0.50
  27 1345   27.26   20.35    9.91  -99.00  -99.00  -99.00
  17 1345   27.03   20.09    0.00    4.01    5.76    0.27
  11 1345   26.87   20.32    0.00    3.69    6.85   -0.01
  19 1345   27.34   20.67    0.00    3.55    6.19   -0.13
  21 1345   27.30   20.59    0.00    3.32    7.05    0.11
  23 1345   27.15   20.51    0.00    4.52    6.68    0.01
   5 1415   27.76   20.23    5.59    5.01    9.80    0.09
   7 1415   28.09   20.70   50.04    3.57    9.03   -0.01
   3 1415   28.16   20.86    0.00    5.03    8.39   -0.29
  31 1415   28.41   20.88    0.00    4.23    7.97    0.53
  27 1415   28.11   20.69    9.91  -99.00  -99.00  -99.00
  17 1415   28.02   20.51    0.00    4.19    5.86    0.25
  11 1415   27.85   20.73    0.00    3.85    7.08   -0.03
  19 1415   28.33   21.11    0.00    3.89    6.07   -0.11
  21 1415   28.19   20.99    0.00    3.67    6.90    0.09
  23 1415   28.11   20.93    0.00    4.49    6.45    0.09
   5 1445   28.98   20.64    5.59    5.56    9.27    0.05
   7 1445   29.23   20.96   50.04    4.28    9.95    0.01
   3 1445   29.32   21.30    0.00    5.45    8.27   -0.31
  31 1445   29.49   21.32    0.00    4.45    7.70    0.57
  27 1445   29.03   21.03    9.91  -99.00  -99.00  -99.00
  17 1445   29.12   20.83    0.00    4.65    6.20    0.29
  11 1445   28.88   21.09    0.00    4.21    7.20    0.01
  19 1445   29.32   21.45    0.00    4.11    6.03   -0.09
  21 1445   29.18   21.32    0.00    4.05    6.71    0.07
  23 1445   29.03   21.27    0.00    5.15    6.65    0.03
   5 1515   29.97   20.91    5.59    5.87    9.42    0.06
   7 1515   30.29   21.30   50.04    4.56    9.57    0.09
   3 1515   30.35   21.57    0.00    5.96    8.31   -0.31
  31 1515   30.57   21.68    0.00    4.59    7.41    0.60
  27 1515   29.96   21.37    9.91  -99.00  -99.00  -99.00
  17 1515   30.18   21.21    0.00    4.66    6.15    0.32
  11 1515   29.83   21.33    0.00    4.59    8.37   -0.01
  19 1515   30.46   21.84    0.00    4.15    6.39   -0.14
  21 1515   30.20   21.76    0.00    3.87    6.69    0.05
  23 1515   29.91   21.67    0.00    5.12    6.59    0.00
   5 1545   31.01   21.22    5.59    6.17    8.93    0.05
   7 1545   31.40   21.62   50.04    4.48    8.81    0.17
   3 1545   31.49   21.93    0.00    6.25    7.75   -0.27
  31 1545   31.81   22.02    0.00    4.81    7.07    0.65
  27 1545   24.70   23.28    0.00  -99.00  -99.00  -99.00
  17 1545   31.05   21.28    0.00    5.60    6.69    0.29
  11 1545   30.97   21.70    0.00    4.66    7.94   -0.03
  19 1545   31.38   21.96    0.00    5.20    6.65   -0.09
  21 1545   31.30   21.99    0.00    4.54    6.99    0.03
  23 1545   30.88   22.02    0.00    4.99    6.67    0.04
   5 1615   31.80   21.56    5.59    6.13    8.71    0.07
   7 1615   32.11   21.90   50.04    4.73    8.94    0.17
   3 1615   32.26   22.27    0.00    6.28    7.59   -0.23
  31 1615   32.62   22.22    0.00    5.15    7.12    0.67
  27 1615   18.74   21.76  116.08   -1.11   10.82   -9.04
  17 1615   31.74   21.68    0.00    5.36    6.17    0.23
  11 1615   31.71   21.92    0.00    5.11    8.03   -0.03
  19 1615   31.92   22.15    0.00    5.73    6.46   -0.11
  21 1615   32.22   22.05    0.00    5.37    7.58    0.11
  23 1615   31.97   22.23    0.00    5.79    6.72   -0.01
   5 1645   32.34   21.85    5.59    6.46    8.88    0.05
   7 1645   32.65   22.12   50.04    4.96    9.80    0.11
   3 1645   32.72   22.41    0.00    6.96    8.47   -0.33
  31 1645   33.22   22.50    0.00    4.93    7.43    0.67
  27 1645    7.44    3.83    0.00  -12.09  -99.00  -24.11
  17 1645   32.35   22.08    0.00    5.50    6.05    0.27
  11 1645   32.33   22.17    0.00    5.30    8.25   -0.05
  19 1645   32.58   22.52    0.00    5.55    6.69   -0.09
  21 1645   32.99   22.37    0.00    5.35    7.35    0.10
  23 1645   32.72   22.55    0.00    5.93    6.57   -0.01
   5 1715   33.06   22.27    5.59    6.31    8.11    0.04
   7 1715   33.32   22.32   50.04    5.19    9.59    0.19
   3 1715   33.39   22.68    0.00    7.50    7.73   -0.29
  31 1715   34.05   22.93    0.00    5.41    6.67    0.77
  27 1715   27.52   14.72    0.00   -0.74   -1.91  -10.63
  17 1715   33.00   22.23    0.00    5.77    6.25    0.27
  11 1715   33.14   22.55    0.00    5.59    7.49    0.00
  19 1715   33.33   22.88    0.00    5.45    6.55   -0.11
  21 1715   33.72   22.66    0.00    5.40    7.50    0.09
  23 1715   33.37   22.82    0.00    5.94    6.93    0.01
   5 1745   33.75   22.45    5.59    6.11    9.14    0.03
   7 1745   34.16   22.78   50.04    4.77    8.56    0.19
   3 1745   34.16   23.08    0.00    6.61    7.78   -0.27
  31 1745   34.64   23.02    0.00    5.83    7.44    0.77
  27 1745   33.91   22.70    0.00    4.89    6.97    1.63
  17 1745   33.72   22.53    0.00    5.62    5.81    0.26
  11 1745   33.78   22.80    0.00    5.60    7.27    0.03
  19 1745   34.01   22.94    0.00    5.52    7.24   -0.09
  21 1745   34.32   22.76    0.00    5.49    8.05    0.11
  23 1745   33.89   22.94    0.00    5.85    7.54    0.01
   5 1815   34.43   22.45    5.59    6.48    9.96    0.07
   7 1815   34.82   22.79   50.04    4.91    9.63    0.13
   3 1815   34.91   23.27    0.00    6.42    8.23   -0.21
  31 1815   35.35   23.10    0.00    5.41    8.04    0.73
  27 1815   34.60   22.98    0.00    4.19    7.62    1.69
  17 1815   34.45   22.60    0.00    5.49    6.52    0.26
  11 1815   34.29   22.86    0.00    4.98    8.59   -0.03
  19 1815   35.09   12.93  148.59  -30.93  -26.10   -2.57
  21 1815   34.82   23.02    0.00    5.01    8.41    0.07
  23 1815   34.29   23.26    0.00    5.29    7.73    0.05
   5 1845   35.01   22.48    5.59    6.38   10.33    0.09
   7 1845   35.35   22.69   50.04    5.24   10.58    0.11
   3 1845   35.33   23.02    0.00    7.39    9.20   -0.37
  31 1845   35.98   23.09    0.00    5.66    8.25    0.76
  27 1845   35.19   22.85    0.00    4.69    8.64    1.83
  17 1845   35.00   22.60    0.00    5.62    6.81    0.29
  11 1845   34.88   22.65    0.00    5.85    8.86    0.03
  19 1845   -0.47   13.70    0.00   -2.73   -8.35   -8.49
  21 1845   35.39   23.14    0.00    4.17    8.99    0.09
  23 1845   34.66   23.16    0.00    5.21    8.69    0.09
   5 1915   35.41   22.26    5.59    6.97   10.46    0.10
   7 1915   35.85   22.55   50.04    5.35   10.79    0.18
   3 1915   35.79   22.97    0.00    6.86    9.13   -0.29
  31 1915   36.32   22.85    0.00    5.66    8.46    0.76
  27 1915   35.68   22.66    0.00    4.19    9.09    1.61
  17 1915   35.39   22.37    0.00    5.93    6.83    0.31
  11 1915   35.29   22.61    0.00    5.61    8.73    0.03
  19 1915   30.25   18.88    0.00   12.27   -3.94   -3.56
  21 1915   35.61   23.03    0.00    4.43    9.71    0.11
  23 1915   35.05   22.95    0.00    5.65    8.52    0.10
   5 1945   35.64   22.21    5.59    6.81   11.08    0.14
   7 1945   36.08   22.46   50.04    5.55   10.83    0.21
   3 1945   35.98   22.77    0.00    7.80    9.45   -0.29
  31 1945   36.65   23.01    0.00    5.46    8.21    0.75
  27 1945   35.88   22.94    0.00    3.76    9.55    1.51
  17 1945   23.80   31.64  309.88   -0.39    6.01   10.45
  11 1945   35.46   22.80    0.00    5.07    8.69    0.00
  19 1945   35.83   22.80    0.00    5.31    7.94   -0.15
  21 1945   35.84   22.82    0.00    4.53    9.45    0.10
  23 1945   35.17   22.78    0.00    5.58    9.11    0.08
   5 2015   35.75   22.06    5.59    7.13   10.54    0.09
   7 2015   36.28   22.43   50.04    5.49   10.62    0.16
   3 2015   36.18   22.87    0.00    7.33    8.59   -0.30
  31 2015   36.68   22.91    0.00    5.32    8.27    0.73
  27 2015   36.00   22.69    0.00    4.16    9.27    1.62
  17 2015   29.77   32.31    0.00    6.60   -8.79   10.86
  11 2015   35.50   22.69    0.00    4.77    9.42   -0.01
  19 2015   35.92   22.96    0.00    4.85    8.11   -0.17
  21 2015   36.01   22.80    0.00    4.51    9.37    0.09
  23 2015   35.27   22.77    0.00    5.32    9.11    0.13
   5 2045   36.00   22.45    5.59    5.85   10.01    0.10
   7 2045   36.52   22.81   50.04    4.68   10.15    0.11
   3 2045   36.30   23.10    0.00    6.13    8.50   -0.29
  31 2045  -99.00  -99.00  -99.00  -99.00  -99.00  -99.00
  27 2045   36.20   22.95    0.00    4.33    8.15    1.57
  17 2045   36.03   22.40    0.00    4.95    7.68    0.38
  11 2045   35.65   22.66    0.00    5.09    9.63   -0.03
  19 2045   36.08   22.83    0.00    5.03    9.19   -0.13
  21 2045   36.12   22.81    0.00    4.53    9.73    0.12
  23 2045   35.40   22.67    0.00    5.43    9.29    0.12
   5 2115   35.96   22.36    5.59    5.67   10.61    0.13
   7 2115   36.49   22.88   50.04    4.37    9.99    0.09
   3 2115   36.19   23.00    0.00    5.99    9.49   -0.31
  31 2115  -99.00  -99.00  -99.00  -99.00  -99.00  -99.00
  27 2115   36.24   22.92    0.00    3.85    9.71    1.63
  17 2115   36.00   22.37    0.00    4.99    7.31    0.37
  11 2115   35.65   22.73    0.00    4.96    8.69   -0.03
  19 2115   36.06   23.01    0.00    4.70    8.09   -0.16
  21 2115   36.10   22.62    0.00    4.53   10.47    0.09
  23 2115   35.43   22.67    0.00    5.34    8.99    0.14
   5 2145   35.80   22.30    5.59    5.82    9.98    0.13
   7 2145   36.34   22.63   50.04    4.58   10.62    0.03
   3 2145   36.05   22.79    0.00    6.12    9.55   -0.33
  31 2145  -99.00  -99.00  -99.00  -99.00  -99.00  -99.00
  27 2145   36.25   22.78    0.00    4.07    9.23    1.55
  17 2145   35.88   22.23    0.00    4.68    7.36    0.35
  11 2145   35.57   22.50    0.00    4.70    9.25   -0.03
  19 2145   35.97   22.46    0.00    5.37    9.05   -0.17
  21 2145   36.08   22.45    0.00    4.15   10.25    0.09
  23 2145   35.33   22.41    0.00    5.39    9.36    0.13
   5 2215   35.57   21.94    5.59    5.48   10.09    0.15
   7 2215   36.19   22.26   50.04    4.39   10.59    0.03
   3 2215   35.89   22.51    0.00    5.76    8.82   -0.28
  31 2215  -99.00  -99.00  -99.00  -99.00  -99.00  -99.00
  27 2215   36.19   22.51    0.00    3.55    9.02    1.46
  17 2215   35.69   21.93    0.00    4.35    7.26    0.36
  11 2215   35.42   22.12    0.00    4.80    8.89    0.01
  19 2215   35.84   22.30    0.00    4.59    7.92   -0.15
  21 2215   36.09   22.02    0.00    4.39    9.36    0.05
  23 2215   35.38   22.06    0.00    5.55    8.61    0.07
   5 2245   35.39   21.48    5.59    6.04   10.07    0.10
   7 2245   36.02   21.94   50.04    4.40    9.89    0.04
   3 2245   35.62   22.24    0.00    5.71    8.20   -0.27
  31 2245   25.42   16.14    0.00   -5.13    7.03    6.05
  27 2245   36.01   22.27    0.00    3.39    7.51    1.37
  17 2245   35.57   21.48    0.00    4.69    7.18    0.31
  11 2245   35.25   21.66    0.00    4.65    8.41   -0.05
  19 2245   35.76   21.84    0.00    4.25    8.85   -0.16
  21 2245   35.81   22.20    0.00    3.55    8.90    0.08
  23 2245   35.04   22.19    0.00    4.81    8.22    0.14
   5 2315   34.93   21.28    5.59    5.22    9.40    0.10
   7 2315   35.50   21.81   50.04    3.75    8.95    0.02
   3 2315   35.14   21.98    0.00    5.17    7.72   -0.28
  31 2315   35.68   21.97    0.00    4.34    7.20    0.55
  27 2315   35.55   22.54    0.00    2.83    6.99    1.09
  17 2315   35.13   21.29    0.00    3.79    6.95    0.31
  11 2315   34.59   22.20    0.00    3.53    7.07   -0.06
  19 2315   35.25   21.88    0.00    3.55    7.36   -0.11
  21 2315   35.22   22.32    0.00    2.99    8.13    0.07
  23 2315   34.44   22.24    0.00    4.01    7.51    0.09
   5 2345   34.13   21.08    5.59    4.57    8.89    0.11
   7 2345   34.87   21.45   50.04    3.63    9.07    0.01
   3 2345   34.66   21.65    0.00    5.11    8.22   -0.26
  31 2345   34.86   22.06    0.00    3.41    6.48    0.48
  27 2345   34.88   22.49    0.00    2.13    7.16    0.99
  17 2345   34.33   21.14    0.00    3.09    6.14    0.29
  11 2345   33.90   21.86    0.00    3.33    7.38   -0.03
  19 2345   34.40   21.91    0.00    2.22    6.31   -0.13
  21 2345   34.47   22.04    0.00    2.46    7.29    0.03
  23 2345   33.44   21.99    0.00    2.88    6.55    0.09
