   5   15   32.93   20.92    5.59    3.45    7.81    0.11
   7   15   33.60   21.62   50.04    2.32    7.35   -0.08
   3   15   33.26   21.73    0.00    3.37    6.49   -0.21
  31   15   33.56   21.98    0.00    2.31    5.90    0.32
  27   15   33.78   22.24    0.00    1.17    6.79    0.75
  17   15   33.23   20.98    0.00    2.19    5.27    0.27
  11   15   32.72   21.64    0.00    2.17    7.03   -0.04
  19   15   33.09   21.98    0.00    1.01    5.64   -0.19
  21   15   33.51   21.98    0.00    1.41    7.33    0.02
  23   15   32.40   21.95    0.00    1.86    6.36    0.17
   5   45   31.40   21.08    5.59    2.25    7.64    0.15
   7   45   31.94   21.66   50.04    1.43    6.63   -0.18
   3   45   32.05   21.73    0.00    2.49    6.22   -0.21
  31   45   32.00   21.79    0.00    1.59    5.55    0.22
  27   45   32.84   21.87    0.00    1.01    7.30    0.75
  17   45   31.84   21.24    0.00    1.59    5.15    0.24
  11   45   31.78   21.27    0.00    1.73    7.25   -0.01
  19   45   31.91   21.83    0.00    0.83    5.59   -0.20
  21   45   32.62   21.36    0.00    1.13    7.30    0.04
  23   45   31.37   21.24    0.00    1.51    5.97    0.17
   5  115   30.69   20.54    5.59    1.98    8.39    0.15
   7  115   31.10   21.00   50.04    1.34    6.80   -0.21
   3  115   31.28   21.07    0.00    2.25    6.55   -0.21
  31  115   31.38   21.00    0.00    1.91    6.33    0.25
  27  115   32.25   21.12    0.00    1.22    7.77    0.83
  17  115   31.04   20.74    0.00    1.57    5.60    0.30
  11  115   31.24   20.54    0.00    1.76    7.72   -0.03
  19  115   31.35   21.01    0.00    0.84    6.11   -0.18
  21  115   31.81   20.83    0.00    1.10    7.48    0.03
  23  115   30.48   20.73    0.00    1.36    5.95    0.19
   5  145   30.31   20.01    5.59    2.43    8.69    0.14
   7  145   30.70   20.50   50.04    1.61    7.06   -0.18
   3  145   30.83   20.58    0.00    2.62    6.73   -0.21
  31  145   30.94   20.60    0.00    2.19    6.37    0.29
  27  145   31.56   20.82    0.00    1.53    7.57    0.94
  17  145   30.87   20.24    0.00    1.95    6.31    0.31
  11  145   30.62   20.22    0.00    1.96    7.52   -0.05
  19  145   30.99   20.61    0.00    1.08    6.49   -0.18
  21  145   31.08   20.54    0.00    1.13    7.38    0.05
  23  145   29.84   20.46    0.00    1.49    6.01    0.18
   5  215   29.87   19.65    5.59    2.98    8.33    0.11
   7  215   30.46   20.16   50.04    1.95    7.32   -0.14
   3  215   30.52   20.24    0.00    3.28    6.88   -0.23
  31  215   30.54   20.27    0.00    2.69    5.75    0.33
  27  215   31.05   20.52    0.00    1.48    7.47    0.87
  17  215   30.43   19.89    0.00    2.28    6.10    0.29
  11  215   30.14   19.88    0.00    2.15    7.37   -0.02
  19  215   30.60   20.25    0.00    1.28    6.35   -0.16
  21  215   30.49   20.24    0.00    1.38    7.03    0.02
  23  215   29.04   20.17    0.00    1.37    5.39    0.15
   5  245   29.28   19.33    5.59    3.27    7.69    0.11
   7  245   29.90   19.85   50.04    2.01    7.10   -0.11
   3  245   29.92   19.94    0.00    3.39    6.68   -0.20
  31  245   30.11   19.99    0.00    3.00    5.69    0.37
  27  245   30.50   20.26    0.00    1.65    7.23    0.81
  17  245   29.79   19.54    0.00    2.54    5.37    0.25
  11  245   29.62   19.59    0.00    2.38    6.93   -0.03
  19  245   29.93   19.95    0.00    1.82    5.63   -0.10
  21  245   29.90   20.10    0.00    1.59    6.48    0.00
  23  245   28.59   20.00    0.00    1.75    5.34    0.09
   5  315   28.71   19.07    5.59    3.63    7.00    0.11
   7  315   29.49   19.61   50.04    2.08    6.67   -0.07
   3  315   29.52   19.73    0.00    3.61    6.50   -0.19
  31  315   29.68   19.81    0.00    3.18    5.25    0.40
  27  315   30.21   20.14    0.00    1.75    6.47    0.78
  17  315   29.66   19.35    0.00    2.97    5.14    0.27
  11  315   29.34   19.48    0.00    2.97    6.29   -0.05
  19  315   29.42   19.74    0.00    2.10    4.67   -0.06
  21  315   29.21   19.83    0.00    1.81    5.85    0.03
  23  315   28.15   19.63    0.00    1.93    4.93    0.09
   5  345   28.53   18.90    5.59    4.00    6.69    0.05
   7  345   28.86   19.38   50.04    2.15    5.92   -0.03
   3  345   28.68   19.46    0.00    3.62    5.34   -0.17
  31  345   28.99   19.60    0.00    2.99    4.70    0.36
  27  345   29.62   19.90    0.00    1.77    5.41    0.73
  17  345   29.27   19.16    0.00    3.13    4.14    0.19
  11  345   28.41   19.27    0.00    2.70    5.19   -0.03
  19  345   28.56   19.51    0.00    1.71    3.85   -0.10
  21  345   28.30   19.50    0.00    1.73    5.59    0.03
  23  345   27.62   19.34    0.00    2.09    4.86    0.05
   5  415   27.04   18.57    5.59    3.66    2.76   -0.03
   7  415   27.96   19.15   50.04    1.44    3.25   -0.07
   3  415   26.73   18.98    0.00    3.33    2.65   -0.06
  31  415   27.74   19.27    0.00    3.48    2.47    0.39
  27  415   28.72   19.67    0.00    1.69    3.01    0.56
  17  415   28.06   18.87    0.00    3.03    1.87    0.03
  11  415   27.38   18.97    0.00    2.87    3.71    0.00
  19  415   27.23   19.19    0.00    1.55    2.85   -0.07
  21  415   27.47   19.22    0.00    1.91    5.31    0.05
  23  415   27.18   19.08    0.00    2.59    5.03    0.07
   5  445   25.71   18.41    5.59    3.24    2.88   -0.01
   7  445   26.44   18.88   50.04    0.71    1.87   -0.10
   3  445   24.86   18.55    0.00    2.95    2.37   -0.07
  31  445   26.39   18.96    0.25    3.11    1.44    0.31
  27  445   27.59   19.40    0.00    0.92    2.15    0.25
  17  445   26.20   18.56    0.00    2.16    0.71    0.01
  11  445   25.49   18.56    0.00    2.69    1.77    0.03
  19  445   25.93   18.84    0.00    1.55    0.65    0.00
  21  445   27.17   19.09    0.00    2.75    4.84    0.02
  23  445   26.65   18.97    0.00    3.15    3.09   -0.01
   5  515   24.80   18.40    5.59    2.35    2.31   -0.05
   7  515   26.25   19.06   50.04    0.54    0.79   -0.06
   3  515   24.72   18.74    0.00    2.67    1.85   -0.05
  31  515   26.36   19.23    0.25    3.35    0.42    0.33
  27  515   26.67   19.23    0.00    0.77    0.95    0.15
  17  515   24.65   18.37    0.00    1.67   -0.05    0.01
  11  515   24.61   18.39    0.00    2.69    0.62    0.06
  19  515   24.24   18.55    0.00    1.51    0.11    0.05
  21  515   25.06   18.66    0.00    3.07    0.64    0.03
  23  515   24.33   18.46    0.00    2.95   -0.29   -0.08
   5  545   25.74   18.64    5.59    3.21    3.11   -0.02
   7  545   26.45   19.15   50.04    1.03    1.65   -0.07
   3  545   26.20   19.17    0.00    3.73    2.71   -0.09
  31  545   27.64   19.53    0.25    3.95    1.33    0.37
  27  545   27.14   19.49    0.00    0.83    2.23    0.23
  17  545   25.09   18.59    0.00    2.09    0.91    0.03
  11  545   24.42   18.56    0.00    2.09    1.68    0.01
  19  545   24.34   18.71    0.00    1.19    0.65    0.00
  21  545   24.25   18.53    0.00    2.76   -0.55    0.04
  23  545   23.16   18.26    0.00    2.12   -0.08   -0.03
   5  615   25.16   18.52    5.59    2.44    1.48   -0.07
   7  615   26.23   19.15   50.04    0.76    1.13   -0.07
   3  615   25.48   19.02    0.00    2.91    1.59   -0.06
  31  615  -99.00  -99.00  -99.00  -99.00  -99.00  -99.00
  27  615   27.09   19.47    0.00    1.48    1.77    0.34
  17  615   25.27   18.63    0.00    2.05    0.08    0.02
  11  615   24.82   18.66    0.00    2.43    1.56    0.02
  19  615   24.90   18.87    0.00    1.59    0.97   -0.01
  21  615   24.99   18.75    0.00    2.69    0.91   -0.01
  23  615   22.64   18.24    0.00    2.05    0.94   -0.05
   5  645   25.03   18.90    5.59    1.73    0.37   -0.04
   7  645   25.07   19.10   50.04    1.69    0.74    0.23
   3  645   24.64   18.97    0.00    1.51    0.89   -0.07
  31  645   25.45   19.31    0.25    3.17    0.44    0.34
  27  645   26.03   19.35    0.00    1.08    1.41    0.25
  17  645   25.10   18.59    0.00    1.47    0.18    0.00
  11  645   24.38   18.59    0.00    2.25    1.43    0.01
  19  645   23.30   18.62    0.00    2.04    0.77   -0.01
  21  645   24.54   18.69    0.00    2.57    1.30    0.01
  23  645   22.90   18.32    0.00    2.42    1.01   -0.03
   5  715   25.44   19.76    5.59    0.56   -0.17   -0.01
   7  715   25.40   20.85   50.04    0.35   -0.13    0.10
   3  715   25.99   20.38    0.00    0.53    0.28   -0.01
  31  715   23.94   20.07    0.25    1.03   -0.08    0.17
  27  715   25.64   19.73    0.00    0.09    1.01    0.01
  17  715   25.04   18.70    0.00    0.43   -0.03   -0.01
  11  715   24.44   18.68    0.00    1.48    0.68    0.01
  19  715   23.23   18.68    0.00    1.64    0.89   -0.02
  21  715   24.05   18.58    0.00    2.12    1.27    0.00
  23  715   22.08   18.18    0.00    2.57    0.28   -0.09
   5  745   25.25   20.39    5.59    0.01    0.09    0.00
   7  745   25.29   21.04   50.04   -0.03    0.04   -0.01
   3  745   26.13   21.49    0.00    0.27   -0.09    0.00
  31  745   23.16   20.55    0.25    0.57   -0.31    0.07
  27  745   25.24   20.34    0.00    0.11    0.49    0.05
  17  745   23.96   18.51    0.00   -0.28   -0.11    0.00
  11  745   25.04   19.41    0.00    0.83   -0.01    0.01
  19  745   23.16   18.69    0.00    0.37    0.46    0.00
  21  745   24.05   18.58    0.00    1.44    0.25    0.03
  23  745   22.50   18.27    0.00    2.67    0.25   -0.13
   5  815   24.92   20.81    5.59    0.24   -0.92   -0.01
   7  815   24.62   21.31   50.04   -0.06   -0.55    0.06
   3  815   25.25   21.45    0.00    0.10   -0.59    0.03
  31  815   23.80   21.38    0.25    0.82   -1.37    0.10
  27  815   23.38   19.76    0.00    0.08    0.17    0.03
  17  815   23.88   18.78    0.00    0.00   -0.22    0.01
  11  815   24.65   20.11    0.00    0.49   -0.97    0.05
  19  815   22.57   18.67    0.00    0.19    0.30    0.01
  21  815   23.81   18.56    0.00    0.99    0.18    0.06
  23  815   23.40   19.07    0.00    1.92   -1.50   -0.11
   5  845   23.59   21.61    5.59   -0.28   -2.05    0.03
   7  845   24.14   21.95   50.04   -0.34   -2.06    0.23
   3  845   23.74   21.75    0.00   -0.01   -0.53    0.06
  31  845   24.88   22.99    0.25   -0.99   -2.91   -0.05
  27  845   23.63   20.82    0.00   -0.09   -0.63   -0.05
  17  845   23.77   20.18    0.00   -0.09   -1.29   -0.05
  11  845   23.69   21.34    0.00   -0.25   -2.41    0.09
  19  845   21.25   18.53    0.00    0.02    0.22    0.01
  21  845   23.62   19.20    0.00    0.85   -0.61    0.03
  23  845   22.61   19.76    0.00    1.43   -1.65   -0.05
   5  915   22.82   21.61    5.59   -1.46   -1.53    0.12
   7  915   23.56   22.19   50.04   -0.43   -1.21    0.12
   3  915   23.82   22.64    0.00   -2.54   -1.35    0.17
  31  915   24.19   23.00    0.25   -0.79   -1.10   -0.03
  27  915   23.35   21.50    0.00   -0.22   -0.37   -0.01
  17  915   24.02   22.11    0.00   -1.32   -1.31   -0.01
  11  915   24.06   22.66    0.00   -2.01   -2.81    0.10
  19  915   22.73   20.34    0.00    0.50   -0.47    0.02
  21  915   22.87   20.12    0.00    0.79   -1.49    0.05
  23  915   22.48   20.72    0.00    0.25   -2.05   -0.01
   5  945   23.08   22.15    5.59   -3.05   -1.83    0.17
   7  945   23.72   22.58   50.04   -0.66   -1.10    0.01
   3  945   24.09   22.86    0.00   -3.60   -1.09    0.19
  31  945   16.79   22.72  -99.00  -99.00  -99.00  -99.00
  27  945   23.51   22.01    0.00   -0.38   -0.37   -0.04
  17  945   22.24   21.36    0.00   -1.72    0.06    0.07
  11  945   23.32   22.21    0.00   -3.09   -1.86    0.05
  19  945   23.62   21.55    0.00    0.08   -0.05    0.02
  21  945   22.65   20.96    0.00   -2.07   -1.85    0.03
  23  945   22.77   21.44    0.00   -1.15   -1.91    0.05
   5 1015   23.11   22.21    5.59   -3.54   -2.57    0.18
   7 1015   23.81   22.72   50.04   -1.83   -2.82    0.05
   3 1015   23.73   22.68    0.00   -3.67   -1.75    0.23
  31 1015  -99.00  -99.00  -99.00  -99.00  -99.00  -99.00
  27 1015   23.99   22.72    0.00   -1.03   -0.79   -0.17
  17 1015   22.93   22.02    0.00   -2.47   -1.01    0.05
  11 1015   23.16   22.24    0.00   -3.55   -2.35    0.05
  19 1015   23.24   21.87    0.00    0.01   -0.19    0.00
  21 1015   22.81   21.83    0.00   -2.46   -1.27    0.05
  23 1015   23.14   22.24    0.00   -1.31   -1.28    0.06
   5 1045   23.39   22.31    5.59   -3.60   -4.21    0.24
   7 1045   23.84   22.78   50.04   -3.01   -4.66    0.07
   3 1045   23.86   22.77    0.00   -3.44   -3.61    0.37
  31 1045   24.04   22.95    0.25   -2.51   -3.05   -0.15
  27 1045   24.06   22.76    0.00   -1.47   -2.37   -0.35
  17 1045   23.44   22.37    0.00   -3.95   -3.71    0.04
  11 1045   23.17   22.36    0.00   -3.00   -3.27    0.12
  19 1045   23.07   22.04    0.00   -0.09   -1.47    0.07
  21 1045   23.33   22.48    0.00   -2.31   -2.50    0.09
  23 1045   23.35   22.44    0.00   -2.13   -2.75    0.12
   5 1115   23.22   21.59    5.59   -4.47   -6.08    0.31
   7 1115   23.79   22.24   50.04   -3.98   -6.03    0.08
   3 1115   23.72   22.10    0.00   -4.44   -4.97    0.52
  31 1115   23.92   22.29    0.25   -2.93   -4.32   -0.17
  27 1115   24.17   22.39    0.00   -2.25   -3.82   -0.57
  17 1115   23.36   21.90    0.00   -4.64   -4.68    0.01
  11 1115   23.43   22.26    0.00   -3.33   -4.79    0.23
  19 1115   23.56   22.45    0.00   -1.81   -2.99    0.16
  21 1115   23.47   22.57    0.00   -2.94   -3.68    0.14
  23 1115   23.60   22.56    0.00   -3.02   -3.93    0.16
   5 1145   22.64   20.76    5.59   -5.35   -5.71    0.33
   7 1145   23.27   21.39   50.04   -5.10   -6.72   -0.06
   3 1145   23.12   21.31    0.00   -5.05   -4.41    0.49
  31 1145   23.29   21.53    0.25   -3.81   -3.78   -0.27
  27 1145   23.60   21.62    0.00   -2.45   -2.63   -0.59
  17 1145   22.87   21.07    0.00   -5.33   -4.74    0.07
  11 1145   22.98   21.47    0.00   -4.60   -5.29    0.20
  19 1145   23.46   21.90    0.00   -3.27   -4.03    0.21
  21 1145   23.44   22.31    0.00   -2.86   -3.85    0.19
  23 1145   23.23   22.05    0.00   -3.41   -3.97    0.23
   5 1215   22.22   20.19    5.59   -3.93   -4.77    0.25
   7 1215   22.71   20.76   50.04   -3.51   -5.00    0.03
   3 1215   22.56   20.69    0.00   -3.80   -3.50    0.36
  31 1215   22.94   20.88    0.25   -3.22   -3.30   -0.26
  27 1215   23.21   20.86    0.00   -1.98   -1.95   -0.45
  17 1215   22.47   20.42    0.00   -4.27   -3.85    0.00
  11 1215   22.56   20.66    0.00   -4.32   -4.84    0.18
  19 1215   22.99   21.11    0.00   -3.01   -3.51    0.18
  21 1215   22.96   21.42    0.00   -3.67   -3.84    0.19
  23 1215   22.68   21.12    0.00   -3.81   -3.75    0.29
   5 1245   22.21   19.84    5.59   -4.04   -5.68    0.29
   7 1245   22.60   20.42   50.04   -3.23   -6.01    0.24
   3 1245   22.63   20.39    0.00   -3.99   -4.82    0.47
  31 1245   22.94   20.61    0.25   -2.80   -4.26   -0.19
  27 1245   23.06   20.58    0.00   -1.81   -3.55   -0.45
  17 1245   22.33   20.14    0.00   -3.33   -4.27   -0.03
  11 1245   22.46   20.25    0.00   -3.41   -5.51    0.21
  19 1245   22.94   20.72    0.00   -2.19   -3.95    0.23
  21 1245   22.95   20.87    0.00   -2.96   -4.12    0.20
  23 1245   22.58   20.33    0.00   -3.49   -4.88    0.23
   5 1315   22.16   19.50    5.59   -4.15   -5.39    0.29
   7 1315   22.64   20.00   50.04   -4.04   -6.33    0.12
   3 1315   22.59   20.02    0.00   -4.21   -4.95    0.49
  31 1315   22.92   20.25    0.25   -3.36   -3.93   -0.25
  27 1315   22.81   20.24    0.00   -2.23   -2.91   -0.52
  17 1315   22.55   19.72    0.00   -4.78   -4.24    0.03
  11 1315   22.69   20.09    0.00   -4.33   -4.93    0.21
  19 1315   22.82   20.39    0.00   -3.21   -3.05    0.17
  21 1315   23.01   20.40    0.00   -4.10   -4.26    0.17
  23 1315   22.91   20.15    0.00   -4.74   -4.73    0.33
   5 1345   21.53   19.19    5.59   -4.91   -5.69    0.31
   7 1345   22.17   19.75   50.04   -4.44   -6.11   -0.02
   3 1345   22.31   19.87    0.00   -5.01   -4.57    0.51
  31 1345   22.57   20.04    0.25   -4.25   -4.45   -0.33
  27 1345   22.75   20.17    0.00   -2.14   -2.69   -0.47
  17 1345   22.31   19.63    0.00   -4.60   -4.41    0.02
  11 1345   22.28   19.80    0.00   -4.81   -5.32    0.19
  19 1345   23.16   20.36    0.00   -3.95   -3.81    0.24
  21 1345   23.69   20.37    0.00   -4.80   -4.63    0.21
  23 1345   23.49   20.32    0.00   -4.77   -4.54    0.39
   5 1415   21.94   19.38    5.59   -5.31   -6.18    0.33
   7 1415   22.48   19.85   50.04   -4.88   -6.83    0.00
   3 1415   22.46   19.90    0.00   -5.41   -5.44    0.59
  31 1415   22.72   20.12    0.25   -3.87   -4.59   -0.26
  27 1415   22.86   20.18    0.00   -2.53   -3.69   -0.60
  17 1415   22.61   19.66    0.00   -5.65   -4.87    0.11
  11 1415   22.34   19.84    0.00   -4.83   -5.40    0.23
  19 1415   23.07   20.29    0.00   -4.21   -4.29    0.25
  21 1415   23.21   20.17    0.00   -4.65   -4.93    0.22
  23 1415   23.14   19.85    0.00   -5.49   -4.85    0.38
   5 1445   21.84   19.13    5.59   -5.11   -6.85    0.30
   7 1445   22.54   19.78   50.04   -4.55   -7.26    0.14
   3 1445   22.58   19.80    0.00   -5.41   -5.73    0.63
  31 1445   22.93   20.10    0.25   -4.02   -4.77   -0.27
  27 1445   22.64   19.93    0.00   -2.78   -4.17   -0.65
  17 1445   22.44   19.58    0.00   -5.33   -5.21    0.01
  11 1445   22.42   19.83    0.00   -4.65   -6.05    0.26
  19 1445   22.98   20.25    0.00   -3.94   -5.27    0.33
  21 1445   23.67   20.40    0.00   -4.52   -5.30    0.29
  23 1445   23.16   20.05    0.00   -5.15   -6.23    0.34
   5 1515   22.53   19.12    5.59   -6.27   -5.49    0.40
   7 1515   22.88   19.53   50.04   -4.95   -6.44   -0.06
   3 1515   23.22   19.71    0.00   -6.59   -4.49    0.53
  31 1515    8.19   13.67    0.00    4.01   12.99  -14.72
  27 1515   23.38   19.83    0.00   -2.61   -2.45   -0.53
  17 1515   23.12   19.56    0.00   -6.16   -4.35    0.10
  11 1515   22.82   19.59    0.00   -5.64   -5.43    0.21
  19 1515   23.25   20.14    0.00   -4.48   -3.93    0.26
  21 1515   23.38   19.74    0.00   -5.51   -5.49    0.27
  23 1515   23.22   19.49    0.00   -6.15   -5.18    0.47
   5 1545   23.32   18.90    5.59   -5.62   -5.92    0.37
   7 1545   23.55   19.23   50.04   -4.30   -6.07    0.06
   3 1545   23.69   19.32    0.00   -6.51   -4.85    0.54
  31 1545   12.32    6.43  147.32   -7.23   -7.17  -13.89
  27 1545   23.96   19.41    0.00   -2.79   -2.49   -0.58
  17 1545   23.48   19.11    0.00   -6.50   -4.21    0.14
  11 1545   23.48   19.27    0.00   -6.01   -4.82    0.21
  19 1545   23.86   19.89    0.00   -5.19   -3.94    0.24
  21 1545   23.90   19.64    0.00   -3.87   -3.75    0.25
  23 1545   23.65   19.52    0.00   -6.92   -3.90    0.53
   5 1615   23.81   18.23    5.59   -6.05   -5.77    0.37
   7 1615   24.25   18.82   50.04   -4.79   -6.35   -0.06
   3 1615   24.42   18.88    0.00   -5.89   -5.17    0.59
  31 1615  -99.00  -99.00  -99.00  -99.00  -99.00  -99.00
  27 1615   24.43   18.91    0.00   -2.83   -2.64   -0.69
  17 1615   24.14   19.02    0.00   -6.15   -4.02    0.14
  11 1615   23.87   18.87    0.00   -5.77   -5.05    0.25
  19 1615   24.03   19.45    0.00   -4.78   -4.64    0.24
  21 1615   24.17   19.66    0.00   -5.62   -4.33    0.26
  23 1615   23.76   19.11    0.00   -6.21   -4.59    0.44
   5 1645   23.38   17.39    5.59   -5.42   -5.99    0.33
   7 1645  -99.00  -99.00  -99.00  -99.00  -99.00  -99.00
   3 1645   24.02   18.05    0.00   -5.57   -5.38    0.57
  31 1645   24.23   18.28    0.00   -4.84   -4.51   -0.36
  27 1645   24.51   18.48    0.00   -2.87   -3.35   -0.66
  17 1645   24.20   18.05    0.00   -5.51   -4.85    0.07
  11 1645   24.05   18.35    0.00   -4.71   -6.16    0.28
  19 1645   24.18   18.97    0.00   -4.31   -4.49    0.27
  21 1645   24.74   19.29    0.00   -4.62   -5.71    0.23
  23 1645   24.40   18.94    0.00   -5.41   -5.19    0.40
   5 1715   23.45   16.95    5.59   -5.44   -6.50    0.34
   7 1715  -99.00  -99.00  -99.00  -99.00  -99.00  -99.00
   3 1715   24.13   17.62    0.00   -5.92   -6.17    0.63
  31 1715   24.68   18.05    0.00   -4.41   -5.20   -0.32
  27 1715   24.73   18.14    0.00   -3.40   -3.61   -0.81
  17 1715   23.84   17.57    0.00   -5.73   -5.35    0.04
  11 1715   24.24   18.10    0.00   -4.95   -6.49    0.25
  19 1715   24.26   18.58    0.00   -4.33   -4.84    0.31
  21 1715   25.01   19.08    0.00   -4.64   -5.42    0.25
  23 1715   24.24   18.53    0.00   -5.64   -5.35    0.39
   5 1745   23.34   16.86    5.59   -4.95   -7.43    0.27
   7 1745   17.85   16.30    0.00  -12.41   -0.93    5.21
   3 1745   24.18   17.71    0.00   -4.83   -6.02    0.62
  31 1745   24.39   17.83    0.00   -3.23   -5.80   -0.19
  27 1745   24.67   18.13    0.00   -2.46   -4.48   -0.62
  17 1745   23.92   17.27    0.00   -4.95   -5.21    0.05
  11 1745   24.58   18.02    0.00   -4.38   -6.16    0.31
  19 1745   24.26   18.18    0.00   -4.02   -5.17    0.29
  21 1745   24.58   18.51    0.00   -3.86   -6.33    0.27
  23 1745   24.05   18.15    0.00   -4.39   -5.80    0.31
   5 1815   16.03   19.83    1.52   17.95   -4.33    6.55
   7 1815   24.51   17.52    0.00   -4.75   -8.10    0.25
   3 1815   24.40   17.62    0.00   -5.13   -7.16    0.72
  31 1815   24.75   17.95    0.00   -3.57   -6.27   -0.24
  27 1815   24.51   17.97    0.00   -2.76   -5.29   -0.78
  17 1815   24.25   17.44    0.00   -5.06   -5.98    0.00
  11 1815   23.98   17.73    0.00   -3.91   -6.81    0.30
  19 1815   24.11   17.97    0.00   -3.79   -6.10    0.38
  21 1815   25.16   18.63    0.00   -3.72   -6.56    0.28
  23 1815   24.59   18.31    0.00   -4.59   -6.21    0.35
   5 1845    6.65   14.10    0.00  -14.25   -0.81   19.16
   7 1845   23.88   17.69    0.00   -4.73   -8.19    0.23
   3 1845   23.78   17.85    0.00   -5.08   -7.01    0.67
  31 1845   24.05   18.17    0.00   -3.49   -5.78   -0.15
  27 1845   24.21   18.24    0.00   -2.71   -5.26   -0.77
  17 1845   23.77   17.45    0.00   -5.08   -5.85   -0.02
  11 1845   23.55   17.54    0.00   -4.36   -7.02    0.27
  19 1845   24.21   18.03    0.00   -4.23   -5.70    0.35
  21 1845   24.99   18.50    0.00   -3.93   -6.37    0.32
  23 1845   24.34   18.03    0.00   -4.99   -6.39    0.37
   5 1915   23.59   17.08    0.00   -5.68   -6.60    0.43
   7 1915   23.29   17.19    0.00   -5.23   -7.94    0.10
   3 1915   23.83   17.60    0.00   -5.94   -6.11    0.68
  31 1915   24.09   18.02    0.00   -4.07   -5.49   -0.27
  27 1915   23.81   17.82    0.00   -2.90   -4.85   -0.68
  17 1915   22.88   17.00    0.00   -5.47   -5.67    0.00
  11 1915   22.89   17.47    0.00   -4.59   -6.85    0.29
  19 1915   23.57   18.19    0.00   -3.48   -5.31    0.37
  21 1915   24.83   18.42    0.00   -3.99   -6.60    0.27
  23 1915   23.92   18.03    0.00   -4.71   -6.51    0.27
   5 1945   23.60   16.68    0.00   -6.27   -6.43    0.41
   7 1945   23.87   16.80    0.00   -5.13   -8.59    0.25
   3 1945   24.28   17.25    0.00   -6.22   -6.36    0.73
  31 1945   24.51   17.46    0.00   -4.76   -5.58   -0.34
  27 1945   24.52   17.51    0.00   -3.17   -4.25   -0.78
  17 1945   23.56   16.56    0.00   -5.86   -5.97    0.07
  11 1945   23.62   17.01    0.00   -5.16   -6.49    0.25
  19 1945   23.35   17.31    0.00   -4.43   -4.91    0.28
  21 1945   23.98   17.80    0.00   -4.37   -6.03    0.25
  23 1945   24.02   17.67    0.00   -5.31   -5.97    0.39
   5 2015   23.53   16.51    0.00   -5.59   -6.35    0.35
   7 2015   23.97   16.70    0.00   -4.97   -7.06    0.03
   3 2015   24.25   17.08    0.00   -6.27   -5.39    0.62
  31 2015   24.91   17.38    0.00   -5.12   -4.71   -0.39
  27 2015   24.54   17.32    0.00   -3.05   -2.95   -0.67
  17 2015   23.63   16.38    0.00   -6.15   -5.52    0.01
  11 2015   23.70   16.74    0.00   -4.91   -6.74    0.29
  19 2015   24.17   17.30    0.00   -4.63   -5.11    0.29
  21 2015   24.66   17.11    0.00   -4.93   -6.57    0.27
  23 2015   24.36   16.88    0.00   -5.91   -6.27    0.47
   5 2045   23.75   16.00    0.00   -5.69   -5.93    0.39
   7 2045   24.39   16.20    0.00   -4.86   -7.67    0.15
   3 2045   24.25   16.27    0.00   -6.05   -5.68    0.64
  31 2045   24.55   16.50    0.00   -4.58   -5.15   -0.32
  27 2045   24.33   16.79    0.00   -2.72   -3.06   -0.57
  17 2045   24.37   16.31    0.00   -5.29   -5.36    0.05
  11 2045   23.93   16.56    0.00   -4.70   -5.97    0.25
  19 2045   24.21   17.15    0.00   -4.21   -5.07    0.30
  21 2045   24.53   16.63    0.00   -5.02   -6.20    0.30
  23 2045  -99.00  -99.00  -99.00  -99.00  -99.00  -99.00
   5 2115   22.48   15.44    0.00   -4.36   -7.57    0.27
   7 2115   23.56   16.13    0.00   -4.49   -7.33    0.13
   3 2115   23.26   16.13    0.00   -5.68   -5.94    0.58
  31 2115   23.96   16.39    0.00   -4.19   -5.31   -0.30
  27 2115   24.04   16.71    0.00   -2.43   -4.16   -0.56
  17 2115   23.63   15.91    0.00   -5.39   -4.98    0.04
  11 2115   23.13   15.66    0.00   -5.30   -5.75    0.23
  19 2115   23.76   16.45    0.00   -3.91   -4.74    0.31
  21 2115   24.32   16.74    0.00   -3.79   -6.51    0.25
  23 2115   24.19   16.62    0.00   -5.37   -5.75    0.33
   5 2145   21.86   15.40    0.00   -4.84   -7.18    0.28
   7 2145   22.79   16.05    0.00   -3.99   -7.86    0.42
   3 2145   22.37   15.95    0.00   -4.94   -6.25    0.61
  31 2145   22.81   16.30    0.00   -3.34   -6.19   -0.24
  27 2145   22.74   16.35    0.00   -2.76   -5.63   -0.77
  17 2145   22.41   15.73    0.00   -4.23   -5.89   -0.03
  11 2145   22.21   15.81    0.00   -3.77   -6.85    0.27
  19 2145   22.77   16.12    0.00   -3.93   -5.32    0.30
  21 2145   23.31   16.20    0.00   -3.53   -7.07    0.31
  23 2145   23.17   16.20    0.00   -4.91   -5.99    0.39
   5 2215   21.33   15.18    0.00   -4.46   -6.59    0.28
   7 2215   21.95   15.63    0.00   -4.59   -7.07    0.09
   3 2215   21.78   15.65    0.00   -4.92   -5.89    0.56
  31 2215   22.23   16.04    0.00   -3.11   -5.19   -0.21
  27 2215   22.24   15.94    0.00   -2.66   -5.21   -0.73
  17 2215   21.89   15.56    0.00   -4.40   -4.85    0.04
  11 2215   21.63   15.52    0.00   -3.95   -6.69    0.29
  19 2215   21.97   16.06    0.00   -3.59   -5.03    0.34
  21 2215   22.77   16.26    0.00   -3.67   -6.16    0.29
  23 2215   22.23   15.90    0.00   -4.93   -5.65    0.32
   5 2245   20.96   14.87    0.00   -4.90   -6.24    0.33
   7 2245   21.71   15.49    0.00   -4.19   -6.73    0.15
   3 2245   21.45   15.45    0.00   -4.92   -5.67    0.57
  31 2245   21.90   15.80    0.00   -3.61   -4.59   -0.25
  27 2245   21.92   15.50    0.00   -2.61   -3.64   -0.63
  17 2245   21.38   15.17    0.00   -4.66   -4.85    0.01
  11 2245   21.34   15.19    0.00   -4.43   -5.75    0.26
  19 2245   21.65   15.65    0.00   -4.02   -4.57    0.25
  21 2245   21.95   15.73    0.00   -3.75   -5.97    0.28
  23 2245   21.82   15.42    0.00   -4.83   -5.33    0.37
   5 2315   20.50   14.37    0.00   -4.82   -6.06    0.33
   7 2315   21.19   14.94    0.00   -4.39   -6.07    0.03
   3 2315   21.03   14.98    0.00   -4.83   -4.89    0.53
  31 2315   21.28   15.09    0.00   -4.64   -4.39   -0.37
  27 2315   21.28   15.06    0.00   -2.80   -3.41   -0.67
  17 2315   21.00   14.77    0.00   -4.88   -4.29    0.03
  11 2315   20.74   14.45    0.00   -4.45   -5.53    0.23
  19 2315   21.20   15.01    0.00   -4.31   -4.89    0.28
  21 2315   21.46   15.16    0.00   -2.79   -5.20    0.27
  23 2315   21.18   14.94    0.00   -4.93   -4.92    0.41
   5 2345   20.05   14.58    0.00   -4.87   -5.18    0.29
   7 2345   20.60   14.90    0.00   -4.59   -6.41    0.01
   3 2345   20.49   15.04    0.00   -4.89   -4.83    0.49
  31 2345   20.86   15.40    0.00   -3.25   -3.81   -0.25
  27 2345   21.00   15.47    0.00   -2.24   -2.91   -0.53
  17 2345   20.40   14.51    0.00   -4.69   -4.34    0.04
  11 2345   20.36   14.73    0.00   -3.85   -5.21    0.25
  19 2345   20.68   14.91    0.00   -2.90   -4.17    0.26
  21 2345   20.85   14.91    0.00   -2.45   -4.57    0.21
  23 2345   20.56   14.76    0.00   -4.89   -4.77    0.39
