   5   15   19.74   15.09    0.00   -3.74   -5.87    0.25
   7   15   20.31   15.49    0.00   -3.49   -6.03    0.19
   3   15   20.23   15.59    0.00   -3.95   -4.75    0.48
  31   15   20.57   15.85    0.00   -2.66   -4.27   -0.15
  27   15   20.76   15.83    0.00   -1.95   -3.70   -0.51
  17   15   20.06   15.06    0.00   -4.02   -4.37    0.02
  11   15   20.05   15.19    0.00   -3.01   -5.49    0.21
  19   15   20.37   15.28    0.00   -3.04   -4.81    0.27
  21   15   20.40   15.18    0.00   -3.79   -5.45    0.21
  23   15   20.21   15.20    0.00   -4.38   -5.09    0.29
   5   45   18.91   14.72    0.00   -3.81   -6.41    0.27
   7   45   19.50   15.31    0.00   -3.44   -6.70    0.23
   3   45   19.42   15.32    0.00   -4.05   -5.39    0.51
  31   45   19.78   15.57    0.00   -2.80   -4.96   -0.14
  27   45   20.16   15.65    0.00   -2.34   -4.25   -0.56
  17   45   19.30   15.03    0.00   -3.61   -4.83   -0.03
  11   45   19.50   15.26    0.00   -3.08   -5.90    0.23
  19   45   19.94   15.61    0.00   -2.79   -4.65    0.27
  21   45   20.09   15.41    0.00   -3.22   -4.77    0.18
  23   45   19.87   15.31    0.00   -4.25   -4.82    0.28
   5  115   17.89   13.99    0.00   -4.03   -5.20    0.26
   7  115   18.60   14.54    0.00   -3.75   -5.59    0.05
   3  115   18.44   14.52    0.00   -4.33   -4.24    0.42
  31  115   18.78   14.75    0.00   -3.41   -3.79   -0.24
  27  115   19.19   14.82    0.00   -2.45   -2.93   -0.55
  17  115   18.37   14.28    0.00   -4.06   -3.55    0.02
  11  115   18.59   14.51    0.00   -4.19   -4.76    0.23
  19  115   19.06   15.04    0.00   -3.40   -3.61    0.25
  21  115   19.16   15.11    0.00   -2.80   -4.45    0.20
  23  115   18.85   14.84    0.00   -4.02   -3.97    0.27
   5  145   17.12   13.67    0.00   -4.25   -4.89    0.25
   7  145   17.69   14.17    0.00   -3.50   -5.19    0.04
   3  145   17.58   14.14    0.00   -4.41   -3.95    0.43
  31  145   17.93   14.39    0.00   -3.38   -3.27   -0.26
  27  145   18.42   14.52    0.00   -2.05   -2.29   -0.41
  17  145   17.47   13.89    0.00   -3.45   -3.30    0.05
  11  145   17.77   14.04    0.00   -4.15   -4.44    0.16
  19  145   18.36   14.46    0.00   -3.28   -3.62    0.22
  21  145   18.27   14.52    0.00   -2.84   -3.19    0.15
  23  145   17.96   14.26    0.00   -4.10   -3.63    0.30
   5  215   16.73   13.32    0.00   -3.34   -5.55    0.24
   7  215   17.25   13.79    0.00   -2.89   -5.67    0.27
   3  215   17.24   13.79    0.00   -3.77   -4.95    0.46
  31  215   17.51   14.03    0.00   -2.49   -4.32   -0.19
  27  215   17.80   14.20    0.00   -1.81   -3.75   -0.49
  17  215   17.17   13.57    0.00   -2.99   -4.02   -0.03
  11  215   17.26   13.83    0.00   -2.66   -4.83    0.18
  19  215   17.99   14.34    0.00   -1.87   -4.21    0.23
  21  215   18.02   14.31    0.00   -2.59   -4.52    0.17
  23  215   17.58   14.12    0.00   -3.16   -4.27    0.19
   5  245   15.65   12.88    0.00   -3.45   -5.46    0.21
   7  245   16.28   13.46    0.00   -2.63   -5.85    0.31
   3  245   16.16   13.40    0.00   -3.57   -5.27    0.46
  31  245   16.39   13.62    0.00   -2.37   -4.28   -0.16
  27  245   16.66   13.68    0.00   -1.92   -3.93   -0.51
  17  245   16.34   13.25    0.00   -2.67   -4.62   -0.03
  11  245   16.43   13.43    0.00   -2.97   -5.31    0.23
  19  245   17.23   13.94    0.00   -2.11   -4.73    0.30
  21  245   17.61   14.07    0.00   -2.83   -5.69    0.21
  23  245   17.00   13.88    0.00   -2.77   -4.94    0.17
   5  315   15.22   12.54    0.00   -3.35   -5.10    0.23
   7  315   15.78   13.09    0.00   -3.11   -5.94    0.24
   3  315   15.71   13.06    0.00   -3.58   -4.73    0.44
  31  315   16.05   13.31    0.00   -2.45   -3.65   -0.14
  27  315   16.25   13.38    0.00   -2.05   -3.55   -0.53
  17  315   15.63   12.83    0.00   -2.95   -4.15   -0.01
  11  315   15.73   13.05    0.00   -3.45   -5.55    0.21
  19  315   16.24   13.50    0.00   -2.15   -4.05    0.21
  21  315   15.80   13.73    0.25   -2.15   -4.83    0.21
  23  315   15.40   13.51    0.51   -2.83   -4.92    0.20
   5  345   15.12   11.83    0.00   -3.81   -4.78    0.25
   7  345  -99.00  -99.00  -99.00  -99.00  -99.00  -99.00
   3  345   15.60   12.38    0.00   -3.82   -4.31    0.39
  31  345   15.96   12.64    0.00   -2.97   -3.64   -0.23
  27  345   16.08   12.82    0.00   -1.89   -2.71   -0.45
  17  345   15.38   12.24    0.00   -3.05   -3.74   -0.01
  11  345   15.48   12.46    0.00   -3.27   -5.08    0.20
  19  345   15.96   12.98    0.00   -2.63   -4.02    0.23
  21  345   14.94   13.38    0.25   -2.35   -4.29    0.15
  23  345   15.23   13.14    0.51   -2.73   -4.66    0.19
   5  415   15.12   11.34    0.00   -4.10   -5.15    0.28
   7  415   15.64   11.85    0.00   -3.75   -5.84    0.08
   3  415   15.60   11.84    0.00   -4.19   -4.41    0.47
  31  415   15.94   12.13    0.00   -3.23   -3.91   -0.26
  27  415   16.12   12.33    0.00   -1.90   -3.13   -0.49
  17  415   15.27   11.61    0.00   -3.63   -4.39    0.00
  11  415   15.42   11.91    0.00   -3.51   -5.44    0.22
  19  415   15.63   12.31    0.00   -2.87   -4.55    0.25
  21  415   14.70   12.83    0.25   -2.29   -4.46    0.16
  23  415   15.22   12.50    0.51   -3.00   -4.59    0.20
   5  445   14.95   10.86    0.00   -4.51   -4.85    0.28
   7  445   15.47   11.39    0.00   -3.67   -5.10    0.00
   3  445   15.41   11.39    0.00   -4.47   -3.94    0.45
  31  445   15.77   11.62    0.00   -3.59   -3.55   -0.29
  27  445   15.95   11.83    0.00   -2.00   -2.24   -0.45
  17  445   15.24   11.15    0.00   -3.72   -3.44    0.02
  11  445   15.29   11.41    0.00   -3.57   -4.83    0.19
  19  445   15.67   11.83    0.00   -2.86   -3.58    0.21
  21  445   14.85   12.30    0.25   -2.33   -2.65    0.11
  23  445   15.34   11.57    0.51   -4.06   -4.66    0.28
   5  515   14.85   10.67    0.00   -4.93   -4.85    0.31
   7  515   15.40   11.15    0.00   -4.09   -5.44   -0.03
   3  515   15.31   11.19    0.00   -5.15   -4.11    0.45
  31  515   15.59   11.47    0.00   -3.48   -3.29   -0.28
  27  515  -99.00  -99.00  -99.00  -99.00  -99.00  -99.00
  17  515   15.12   10.83    0.00   -4.45   -3.59    0.09
  11  515   15.26   11.11    0.00   -3.91   -4.23    0.17
  19  515   15.60   11.47    0.00   -3.19   -2.94    0.18
  21  515   14.94   11.69    0.25   -3.17   -3.02    0.13
  23  515   15.32   11.22    0.51   -4.23   -3.92    0.29
   5  545   14.01   10.85    0.00   -4.16   -4.83    0.27
   7  545   14.48   11.18    0.00   -3.35   -5.46    0.15
   3  545   14.48   11.31    0.00   -4.29   -4.28    0.43
  31  545   14.70   11.59    0.00   -2.77   -3.37   -0.24
  27  545   14.37   11.73    0.00   -1.63   -2.12   -0.35
  17  545   13.91   10.76    0.00   -3.13   -3.42   -0.01
  11  545   13.62   11.00    0.00   -2.87   -4.12    0.17
  19  545   15.03   11.21    0.00   -2.20   -2.92    0.17
  21  545   14.62   11.15    0.25   -3.01   -3.73    0.16
  23  545   14.87   11.05    0.51   -3.82   -4.01    0.25
   5  615   13.78   11.38    0.00   -3.09   -3.47    0.21
   7  615   14.31   11.81    0.00   -2.66   -4.27    0.09
   3  615   14.35   11.88    0.00   -3.72   -3.25    0.35
  31  615   14.63   12.19    0.00  -99.00  -99.00  -99.00
  27  615   14.47   12.30    0.00   -1.41   -1.88   -0.31
  17  615   13.83   11.35    0.00   -2.65   -2.90   -0.01
  11  615   13.58   11.59    0.00   -2.50   -3.33    0.13
  19  615   14.38   11.50    0.00   -2.00   -2.80    0.15
  21  615   14.24   11.47    0.25   -2.33   -3.17    0.11
  23  615   14.21   11.60    0.51   -2.74   -3.36    0.19
   5  645   14.12   11.57    0.00   -3.05   -3.25    0.21
   7  645   14.65   11.98    0.00   -2.49   -3.69    0.00
   3  645   14.54   12.06    0.00   -3.86   -2.54    0.29
  31  645   14.76   12.34    0.00   -2.59   -3.57   -0.18
  27  645   14.78   12.48    0.00   -1.05   -1.11   -0.21
  17  645   14.25   11.58    0.00   -3.01   -2.07    0.03
  11  645   13.83   11.91    0.00   -2.76   -2.37    0.08
  19  645   14.36   12.00    0.00   -1.82   -1.97    0.13
  21  645   14.36   12.02    0.25   -2.66   -2.56    0.09
  23  645   14.50   11.87    0.51   -3.89   -2.84    0.27
   5  715   13.39   11.87    0.00   -1.76   -3.45    0.12
   7  715   13.79   12.32    0.00   -1.57   -3.38    0.16
   3  715   13.69   12.35    0.25   -2.15   -2.69    0.25
  31  715  -99.00  -99.00  -99.00  -99.00  -99.00  -99.00
  27  715   14.41   14.44    0.00   -0.88   -2.57   -0.23
  17  715   14.11   11.82    0.00   -1.84   -2.93   -0.03
  11  715   13.84   12.09    0.00   -1.89   -3.38    0.13
  19  715   14.57   12.18    0.00   -1.07   -2.55    0.15
  21  715   14.50   12.09    0.25   -1.79   -3.40    0.14
  23  715   14.59   11.97    0.51   -2.41   -3.37    0.15
   5  745   13.15   12.01    0.00   -1.85   -3.41    0.13
   7  745   13.43   12.47    0.00   -1.36   -2.96    0.15
   3  745   13.57   12.45    0.25   -2.21   -2.79    0.25
  31  745  -99.00  -99.00  -99.00  -99.00  -99.00  -99.00
  27  745  -99.00  -99.00  -99.00  -99.00  -99.00  -99.00
  17  745   13.49   12.03    0.00   -1.54   -3.17   -0.05
  11  745   13.36   12.29    0.00   -2.28   -3.15    0.12
  19  745   14.32   12.34    0.00   -1.79   -2.88    0.18
  21  745  -99.00  -99.00  -99.00  -99.00  -99.00  -99.00
  23  745   14.38   11.99    0.51   -3.20   -3.59    0.23
   5  815   12.90   11.98    0.00   -1.25   -3.32    0.10
   7  815   13.33   12.55    0.25   -0.53   -1.79    0.11
   3  815   13.35   12.47    0.76   -1.21   -2.11    0.18
  31  815  -99.00  -99.00  -99.00  -99.00  -99.00  -99.00
  27  815  -99.00  -99.00  -99.00  -99.00  -99.00  -99.00
  17  815   13.36   12.20    0.00   -0.11   -1.73   -0.04
  11  815   13.39   12.40    0.00   -1.07   -2.13    0.09
  19  815   14.21   12.46    0.00   -0.69   -2.73    0.15
  21  815  -99.00  -99.00  -99.00  -99.00  -99.00  -99.00
  23  815   13.77   12.43    0.51   -1.53   -3.19    0.10
   5  845  -99.00  -99.00  -99.00  -99.00  -99.00  -99.00
   7  845   13.53   12.61    0.25   -0.58   -0.85   -0.01
   3  845   13.45   12.62    0.76   -0.76   -0.23    0.03
  31  845  -99.00  -99.00  -99.00  -99.00  -99.00  -99.00
  27  845  -99.00  -99.00  -99.00  -99.00  -99.00  -99.00
  17  845   13.39   12.31    0.00   -0.69   -0.47    0.03
  11  845   13.43   12.49    0.00   -1.13   -0.81    0.03
  19  845   14.20   12.59    0.00   -0.75   -2.29    0.13
  21  845   14.10   12.70    0.25   -1.17   -1.78    0.07
  23  845   13.84   12.69    0.51   -0.33   -2.28    0.03
   5  915  -99.00  -99.00  -99.00  -99.00  -99.00  -99.00
   7  915   13.60   12.80    0.25   -0.97   -0.64   -0.08
   3  915   13.66   12.78    0.76   -1.83   -0.23    0.07
  31  915  -99.00  -99.00  -99.00  -99.00  -99.00  -99.00
  27  915   14.16   13.36    0.25   -0.67    0.70   -0.10
  17  915   13.44   12.46    0.00   -1.97   -1.00    0.05
  11  915   13.52   12.70    0.00   -1.73   -1.20    0.03
  19  915   14.21   12.65    0.00   -1.65   -2.32    0.15
  21  915   14.02   12.82    0.25   -1.74   -2.19    0.09
  23  915   13.99   12.71    0.51   -1.84   -3.21    0.08
   5  945   13.12   12.52    0.25   -1.43   -1.95    0.11
   7  945   13.57   12.88    0.25   -0.87   -1.85    0.09
   3  945   13.57   12.90    0.76   -1.75   -1.49    0.17
  31  945  -99.00  -99.00  -99.00  -99.00  -99.00  -99.00
  27  945   14.12   13.30    0.25   -0.60   -0.37   -0.11
  17  945   13.51   12.44    0.00   -1.75   -1.85    0.01
  11  945   13.53   12.70    0.00   -2.14   -2.03    0.09
  19  945   14.25   12.69    0.00   -1.51   -2.25    0.13
  21  945   14.16   12.75    0.25   -2.00   -3.00    0.11
  23  945   14.04   12.69    0.51   -2.23   -3.70    0.13
   5 1015  -99.00  -99.00  -99.00  -99.00  -99.00  -99.00
   7 1015   13.47   13.00    0.25   -0.70   -2.55    0.19
   3 1015   13.58   13.04    0.76   -1.50   -2.19    0.20
  31 1015  -99.00  -99.00  -99.00  -99.00  -99.00  -99.00
  27 1015  -99.00  -99.00  -99.00  -99.00  -99.00  -99.00
  17 1015   13.41   12.56    0.00   -0.93   -2.33   -0.05
  11 1015   13.47   12.75    0.00   -1.37   -2.59    0.11
  19 1015   13.90   12.88    0.00   -1.09   -3.33    0.18
  21 1015   14.06   12.80    0.25   -1.60   -3.53    0.13
  23 1015   13.96   12.77    0.51   -1.82   -3.62    0.11
   5 1045   13.19   12.77    0.25   -1.45   -2.39    0.10
   7 1045   13.55   13.18    0.25   -0.99   -2.69    0.17
   3 1045   13.73   13.24    0.76   -1.69   -2.13    0.21
  31 1045  -99.00  -99.00  -99.00  -99.00  -99.00  -99.00
  27 1045  -99.00  -99.00  -99.00  -99.00  -99.00  -99.00
  17 1045   13.48   12.80    0.00   -1.29   -1.85   -0.01
  11 1045   13.52   12.97    0.00   -1.65   -2.46    0.11
  19 1045   13.83   13.04    0.00   -1.09   -2.26    0.13
  21 1045   13.86   13.10    0.25   -1.60   -3.83    0.11
  23 1045   13.83   13.10    0.51   -1.55   -3.55    0.09
   5 1115   13.53   13.07    0.25   -1.59   -2.53    0.11
   7 1115   13.86   13.50    0.25   -0.97   -2.59    0.15
   3 1115   14.13   13.57    0.76   -2.03   -2.21    0.21
  31 1115  -99.00  -99.00  -99.00  -99.00  -99.00  -99.00
  27 1115  -99.00  -99.00  -99.00  -99.00  -99.00  -99.00
  17 1115   13.79   13.09    0.00   -1.19   -2.61   -0.03
  11 1115   13.83   13.31    0.00   -1.76   -2.65    0.09
  19 1115   14.03   13.35    0.00   -0.79   -1.73    0.09
  21 1115   14.07   13.43    0.25   -1.59   -3.27    0.12
  23 1115   14.18   13.49    0.51   -1.87   -3.47    0.07
   5 1145   13.86   13.27    0.25   -1.31   -1.81    0.10
   7 1145   14.23   13.76    0.25   -0.67   -1.96    0.12
   3 1145   14.39   13.76    0.76   -1.58   -1.67    0.17
  31 1145   14.74   14.04    0.25   -1.15   -1.24   -0.08
  27 1145   14.84   14.17    0.25   -0.47   -0.52   -0.11
  17 1145   14.08   13.31    0.00   -0.51   -1.95   -0.05
  11 1145   14.12   13.56    0.00   -1.32   -2.33    0.11
  19 1145   14.40   13.67    0.00   -0.13   -1.43    0.07
  21 1145   14.37   13.70    0.25   -1.13   -2.55    0.07
  23 1145   14.55   13.71    0.51   -1.69   -2.96    0.11
   5 1215   14.05   13.32    0.25   -1.10   -1.50    0.07
   7 1215   14.48   13.88    0.25   -0.65   -1.50    0.08
   3 1215   14.54   13.86    0.76   -1.11   -1.11    0.11
  31 1215   14.90   14.06    0.25   -1.24   -1.17   -0.07
  27 1215  -99.00  -99.00  -99.00  -99.00  -99.00  -99.00
  17 1215   14.35   13.47    0.00   -0.91   -1.41   -0.01
  11 1215   14.42   13.65    0.00   -1.33   -1.69    0.06
  19 1215   14.66   13.90    0.00   -0.66   -1.43    0.07
  21 1215   14.66   13.90    0.25   -1.08   -1.79    0.09
  23 1215   14.72   13.73    0.51   -1.89   -2.73    0.10
   5 1245   14.31   13.48    0.25   -1.09   -1.37    0.07
   7 1245   14.72   14.03    0.25   -0.72   -1.31    0.03
   3 1245   14.72   13.88    0.76   -1.35   -1.19    0.14
  31 1245   15.07   14.08    0.25   -1.17   -1.30   -0.07
  27 1245   15.29   14.20    0.25   13.33   -0.44   -0.07
  17 1245   14.65   13.51    0.00   -1.48   -1.87   -0.01
  11 1245   14.65   13.73    0.00   -1.41   -1.93    0.09
  19 1245   14.94   14.02    0.00   -0.71   -1.45    0.09
  21 1245   14.94   13.95    0.25   -1.42   -2.52    0.09
  23 1245   14.97   13.78    0.51   -2.00   -2.57    0.09
   5 1315   14.54   13.52    0.25   -1.77   -1.98    0.13
   7 1315   15.00   13.97    0.25   -1.43   -2.43    0.07
   3 1315   14.95   13.96    0.76   -1.83   -1.64    0.19
  31 1315   15.29   14.15    0.25   -1.68   -1.68   -0.11
  27 1315  -99.00  -99.00  -99.00  -99.00  -99.00  -99.00
  17 1315   14.94   13.53    0.00   -2.05   -2.33    0.01
  11 1315   14.83   13.77    0.00   -1.78   -2.43    0.09
  19 1315   15.30   14.11    0.00   -1.11   -1.95    0.13
  21 1315   15.29   14.03    0.25   -2.09   -2.37    0.11
  23 1315   15.20   13.88    0.51   -2.43   -2.47    0.14
   5 1345   14.80   13.52    0.25   -2.49   -2.93    0.17
   7 1345   15.31   14.08    0.25   -1.83   -2.82    0.02
   3 1345   15.24   14.08    0.76   -2.37   -2.31    0.25
  31 1345   15.62   14.30    0.25   -2.01   -2.07   -0.11
  27 1345   15.80   14.52    0.25   -0.77   -1.05   -0.15
  17 1345   15.31   13.58    0.00   -2.80   -2.59    0.01
  11 1345   15.14   13.95    0.00   -2.00   -2.67    0.13
  19 1345   15.75   14.20    0.00   -1.81   -1.99    0.15
  21 1345   15.79   14.06    0.25   -2.94   -2.57    0.13
  23 1345   15.64   13.79    0.51   -3.40   -2.47    0.25
   5 1415   15.27   13.63    0.25   -2.99   -2.97    0.21
   7 1415   15.76   14.12    0.25   -2.07   -2.87   -0.01
   3 1415   15.65   14.10    0.76   -3.21   -2.51    0.31
  31 1415   16.04   14.23    0.25   -2.63   -2.46   -0.19
  27 1415   16.35   14.53    0.25   -1.05   -1.31   -0.23
  17 1415   15.82   13.61    0.00   -3.80   -2.67    0.03
  11 1415   15.69   14.09    0.00   -2.51   -2.55    0.09
  19 1415   16.25   14.17    0.00   -2.90   -2.13    0.12
  21 1415   16.23   13.87    0.25   -3.88   -2.87    0.13
  23 1415   16.15   13.75    0.51   -3.63   -2.57    0.26
   5 1445   16.15   13.64    0.25   -4.35   -3.37    0.27
   7 1445   16.60   14.17    0.25   -2.95   -2.81   -0.12
   3 1445   16.36   14.04    0.76   -4.58   -3.04    0.38
  31 1445   16.83   14.37    0.25   -3.53   -2.52   -0.27
  27 1445   17.01   14.40    0.25   -1.21   -0.89   -0.19
  17 1445   16.73   13.72    0.00   -4.77   -2.23    0.13
  11 1445  -99.00  -99.00  -99.00  -99.00  -99.00  -99.00
  19 1445   16.98   14.05    0.00   -4.19   -2.25    0.13
  21 1445   16.72   13.83    0.25   -4.94   -2.49    0.11
  23 1445   15.36   13.04    0.51   -3.79   10.44  -11.94
   5 1515   16.97   13.53    0.25   -4.76   -2.95    0.27
   7 1515   17.14   13.98    0.25   -3.03   -2.67   -0.22
   3 1515   17.05   14.01    0.76   -4.73   -2.27    0.29
  31 1515   17.63   14.31    0.25   -3.75   -2.13   -0.32
  27 1515   17.66   14.23    0.25   -1.78   -0.95   -0.39
  17 1515   17.30   13.63    0.00   -4.84   -1.99    0.13
  11 1515  -99.00  -99.00  -99.00  -99.00  -99.00  -99.00
  19 1515   17.38   14.06    0.00   -4.23   -1.93    0.13
  21 1515   17.18   14.01    0.25   -4.42   -2.43    0.14
  23 1515   16.17   13.26    0.00   -3.86   10.98  -11.89
   5 1545   17.74   13.72    0.25   -4.79   -3.11    0.29
   7 1545   18.05   14.18    0.25   -3.40   -3.09   -0.25
   3 1545   17.90   14.18    0.76   -5.37   -2.17    0.33
  31 1545   18.50   14.54    0.25   -3.94   -2.05   -0.30
  27 1545   18.53   14.71    0.25   -1.53   -0.95   -0.32
  17 1545   18.01   13.78    0.00   -5.25   -1.37    0.22
  11 1545  -99.00  -99.00  -99.00  -99.00  -99.00  -99.00
  19 1545   18.04   14.37    0.00   -3.81   -1.88    0.11
  21 1545   18.05   14.27    0.25   -4.79   -2.36    0.11
  23 1545   17.70   13.86    0.00   -5.09   -2.05    0.37
   5 1615   17.86   13.60    0.25   -4.64   -2.95    0.26
   7 1615   18.21   14.08    0.25   -3.25   -3.03   -0.17
   3 1615   18.12   14.22    0.76   -4.55   -2.35    0.32
  31 1615   18.60   14.40    0.25   -4.29   -1.82   -0.37
  27 1615   18.69   14.55    0.25   -1.75   -1.25   -0.41
  17 1615   18.24   13.81    0.00   -4.85   -1.63    0.14
  11 1615   26.30   19.81    0.00   -2.31    4.95    3.89
  19 1615   18.63   14.46    0.00   -4.16   -1.71    0.10
  21 1615   18.77   14.41    0.25   -4.29   -2.96    0.14
  23 1615   13.72   16.64    0.00   -4.03   -0.47    4.99
   5 1645   18.48   13.78    0.25   -3.99   -2.43    0.30
   7 1645   18.77   14.26    0.25   -2.97   -2.83   -0.15
   3 1645   18.48   14.11    0.76   -4.34   -2.78    0.29
  31 1645   19.08   14.48    0.25   -3.76   -1.90   -0.33
  27 1645   19.23   14.70    0.25   -1.63   -1.13   -0.36
  17 1645   18.96   14.12    0.00   -4.77   -2.46    0.11
  11 1645   18.71   14.33    0.00   -3.75   -3.10    0.09
  19 1645   19.36   15.00    0.00   -2.97   -2.56    0.19
  21 1645   19.20   14.56    0.25   -4.42   -2.58    0.14
  23 1645  -99.00  -99.00  -99.00  -99.00  -99.00  -99.00
   5 1715   19.11   13.76    0.25   -4.07   -2.79    0.21
   7 1715   19.87   14.19    0.25   -3.31   -3.71   -0.15
   3 1715   19.45   14.15    0.76   -4.75   -2.57    0.35
  31 1715   20.24   14.57    0.25   -3.93   -2.40   -0.28
  27 1715   20.24   14.82    0.25   -1.65   -0.77   -0.34
  17 1715   19.73   14.04    0.00   -5.05   -2.44    0.12
  11 1715   19.90   14.81    0.00   -3.53   -3.29    0.15
  19 1715   20.11   15.11    0.00   -3.95   -2.25    0.16
  21 1715   19.53   14.60    0.25   -4.45   -2.61    0.11
  23 1715  -99.00  -99.00  -99.00  -99.00  -99.00  -99.00
   5 1745   20.34   14.26    0.25   -3.96   -2.41    0.23
   7 1745   20.78   14.42    0.25   -3.21   -2.63   -0.23
   3 1745   20.47   14.66    0.76   -4.01   -2.29    0.34
  31 1745   20.86   14.67    0.25   -3.95   -1.89   -0.33
  27 1745   20.97   14.90    0.25   -1.67   -1.69   -0.39
  17 1745   20.38   14.13    0.00   -4.31   -2.57    0.07
  11 1745   20.23   14.57    0.00   -3.49   -3.25    0.11
  19 1745   20.34   14.98    0.00   -3.83   -1.92    0.12
  21 1745   20.30   14.94    0.25   -4.36   -2.41    0.12
  23 1745   20.29   14.96    0.00   -4.79   -1.74    0.33
   5 1815   20.77   13.71    0.25   -3.87   -3.03    0.22
   7 1815   21.22   14.52    0.25   -2.90   -2.22   -0.28
   3 1815   21.18   14.65    0.76   -4.13   -1.51    0.27
  31 1815   21.84   14.84    0.25   -3.90   -1.41   -0.31
  27 1815   21.53   14.78    0.25   -1.99   -2.20   -0.45
  17 1815   20.65   14.04    0.00   -3.97   -2.02    0.09
  11 1815   20.64   14.51    0.00   -3.60   -1.92    0.04
  19 1815   20.69   15.11    0.00   -2.59   -2.35    0.14
  21 1815   20.69   14.91    0.25   -4.05   -1.69    0.10
  23 1815   20.59   15.03    0.00   -3.67   -1.73    0.24
   5 1845   21.43   13.98    0.25   -3.97   -2.93    0.25
   7 1845   21.96   14.30    0.25   -3.22   -2.53   -0.28
   3 1845   21.63   14.40    0.76   -4.77   -1.47    0.26
  31 1845   21.91   14.63    0.25   -3.88   -1.87   -0.34
  27 1845   22.18   14.99    0.25   -1.65   -1.16   -0.35
  17 1845   20.94   13.65    0.00   -4.19   -2.45    0.05
  11 1845   20.94   14.34    0.00   -3.37   -3.15    0.08
  19 1845   20.97   14.97    0.00   -2.79   -2.09    0.12
  21 1845   21.05   15.00    0.25   -3.79   -2.27    0.12
  23 1845   21.11   15.12    0.00   -3.52   -2.70    0.25
   5 1915   21.31   14.06    0.25   -4.01   -2.57    0.23
   7 1915   21.82   14.38    0.25   -2.93   -2.65   -0.17
   3 1915   21.55   14.49    0.76   -4.63   -1.87    0.28
  31 1915   22.55   15.21    0.25   -3.78   -1.21   -0.23
  27 1915   22.78   15.51    0.25   -1.62   -0.81   -0.33
  17 1915   21.06   13.28    0.00   -5.61   -1.23    0.20
  11 1915   20.98   13.76    0.00   -3.94   -3.15    0.11
  19 1915   21.03   14.67    0.00   -3.17   -2.19    0.14
  21 1915   21.25   14.74    0.25   -3.43   -2.81    0.09
  23 1915   20.90   14.65    0.00   -3.77   -2.93    0.29
   5 1945   21.38   14.29    0.25   -3.91   -2.26    0.23
   7 1945   21.93   14.62    0.25   -2.72   -2.15   -0.24
   3 1945   21.69   14.71    0.76   -4.71   -0.66    0.19
  31 1945   22.38   15.23    0.25   -4.00   -1.29   -0.33
  27 1945   22.97   15.82    0.25   -1.52   -0.47   -0.29
  17 1945   21.34   13.65    0.00   -5.05   -0.35    0.19
  11 1945   21.34   14.41    0.00   -4.08   -1.59    0.07
  19 1945   21.70   14.66    0.00   -3.56   -1.85    0.12
  21 1945   21.62   14.79    0.25   -4.13   -2.38    0.07
  23 1945   21.35   14.59    0.00   -4.21   -2.36    0.31
   5 2015   21.80   14.32    0.25   -4.27   -3.05    0.25
   7 2015   22.32   14.93    0.25   -2.99   -3.05   -0.14
   3 2015   22.26   14.93    0.76   -4.14   -2.71    0.35
  31 2015   22.87   15.35    0.25   -3.37   -2.29   -0.29
  27 2015   23.41   15.85    0.25   -1.65   -1.35   -0.30
  17 2015   21.98   14.63    0.00   -4.69   -1.46    0.16
  11 2015   21.81   15.00    0.00   -3.92   -2.11    0.07
  19 2015   21.73   14.85    0.00   -3.61   -1.51    0.09
  21 2015   21.89   14.76    0.25   -3.67   -3.11    0.10
  23 2015   21.56   15.06    0.00   -4.15   -1.81    0.28
   5 2045   22.18   14.30    0.25   -4.47   -3.95    0.23
   7 2045   22.82   14.88    0.25   -3.27   -3.51   -0.15
   3 2045   22.71   14.97    0.76   -4.22   -3.45    0.39
  31 2045   23.22   15.42    0.25   -3.78   -2.71   -0.31
  27 2045   23.44   15.63    0.25   -2.05   -1.77   -0.48
  17 2045   22.39   14.43    0.00   -4.75   -2.29    0.11
  11 2045   22.24   14.87    0.00   -3.85   -2.93    0.13
  19 2045   22.40   15.32    0.00   -4.14   -2.15    0.11
  21 2045   22.38   15.42    0.25   -4.09   -2.33    0.13
  23 2045   22.16   15.56    0.00   -4.40   -2.14    0.35
   5 2115   22.12   14.22    0.25   -3.71   -3.93    0.22
   7 2115   22.97   14.99    0.25   -3.15   -3.39   -0.15
   3 2115   22.67   14.89    0.76   -4.79   -2.78    0.30
  31 2115   22.95   15.20    0.25   -3.11   -2.71   -0.23
  27 2115   22.95   15.05    0.25   -2.05   -1.76   -0.50
  17 2115   22.15   14.26    0.00   -4.26   -2.43    0.07
  11 2115  -99.00  -99.00  -99.00  -99.00  -99.00  -99.00
  19 2115   22.59   15.05    0.00   -3.21   -2.77    0.13
  21 2115   22.94   15.76    0.25   -3.43   -2.37    0.15
  23 2115   22.21   15.30    0.00   -3.87   -2.67    0.29
   5 2145   21.93   13.95    0.25   -3.87   -2.66    0.23
   7 2145   22.78   14.41    0.25   -3.21   -2.44   -0.31
   3 2145   22.36   14.45    0.76   -4.11   -1.49    0.28
  31 2145   23.18   14.97    0.25   -4.01   -1.36   -0.34
  27 2145   23.39   15.54    0.25   -1.07   -0.56   -0.18
  17 2145   22.40   13.98    0.00   -4.65   -2.42    0.09
  11 2145   25.43    7.72    0.00  -15.75    3.97    1.39
  19 2145   22.65   14.87    0.00   -3.46   -2.32    0.11
  21 2145   22.92   15.24    0.25   -3.73   -2.53    0.15
  23 2145   22.43   15.04    0.00   -3.96   -2.45    0.31
   5 2215   22.35   14.47    0.25   -4.42   -2.43    0.28
   7 2215   23.00   14.92    0.25   -3.26   -2.61   -0.29
   3 2215   22.71   14.90    0.76   -4.39   -2.50    0.33
  31 2215   23.17   15.29    0.25   -3.66   -2.25   -0.33
  27 2215   23.60   15.46    0.25   -1.92   -1.29   -0.42
  17 2215   22.27   14.14    0.00   -4.39   -1.84    0.12
  11 2215   22.21   14.42    0.00   -4.47   -2.19    0.05
  19 2215   22.31   14.35    0.00   -3.45   -2.38    0.16
  21 2215   22.50   14.61    0.25   -3.73   -2.96    0.17
  23 2215   22.11   14.41    0.00   -4.17   -2.81    0.28
   5 2245   21.59   13.81    0.25   -4.17   -3.15    0.28
   7 2245   22.40   14.31    0.25   -3.13   -2.87   -0.22
   3 2245   21.93   14.18    0.76   -4.52   -2.40    0.31
  31 2245   22.36   14.59    0.25   -3.86   -1.91   -0.34
  27 2245   23.03   15.19    0.25   -1.93   -1.52   -0.40
  17 2245   21.96   13.95    0.00   -4.91   -1.81    0.12
  11 2245   21.67   13.98    0.00   -3.78   -3.15    0.09
  19 2245   22.00   14.43    0.00   -4.36   -1.69    0.11
  21 2245   22.24   14.42    0.25   -3.85   -2.51    0.13
  23 2245   21.78   14.49    0.00   -4.63   -2.48    0.34
   5 2315   20.90   13.72    0.25   -3.61   -3.32    0.23
   7 2315   21.73   14.19    0.25   -3.10   -3.31   -0.13
   3 2315   21.45   14.30    0.76   -4.01   -2.55    0.32
  31 2315   21.62   14.47    0.25   -3.45   -2.29   -0.26
  27 2315   21.84   14.57    0.25   -1.77   -1.55   -0.39
  17 2315   21.49   13.82    0.00   -5.03   -2.07    0.13
  11 2315   21.43   14.24    0.00   -4.07   -2.80    0.09
  19 2315   21.44   14.03    0.00   -4.04   -1.77    0.10
  21 2315   21.59   14.22    0.25   -3.95   -2.66    0.18
  23 2315   21.33   14.17    0.00   -4.59   -1.67    0.31
   5 2345   19.84   13.47    0.25   -3.65   -3.28    0.24
   7 2345   20.60   13.73    0.25   -2.99   -2.75   -0.16
   3 2345   20.37   13.74    0.76   -4.29   -2.54    0.33
  31 2345   20.67   14.12    0.25   -3.13   -2.24   -0.25
  27 2345   20.94   14.35    0.25   -1.79   -1.49   -0.37
  17 2345   20.53   13.42    0.00   -4.94   -2.29    0.12
  11 2345   20.29   13.82    0.00   -3.23   -3.00    0.12
  19 2345   20.73   14.06    0.00   -3.65   -1.96    0.12
  21 2345   20.99   14.10    0.25   -3.97   -2.12    0.11
  23 2345   20.55   14.29    0.00   -4.26   -2.88    0.31
