   5   15   19.00   12.95    0.25   -3.48   -3.83    0.21
   7   15   19.69   13.38    0.25   -2.99   -4.07   -0.03
   3   15   19.46   13.46    0.76   -3.54   -3.16    0.34
  31   15   19.78   13.76    0.25   -2.37   -2.71   -0.19
  27   15   20.12   13.72    0.25   -1.69   -1.33   -0.29
  17   15   19.52   13.04    0.00   -3.58   -2.91    0.04
  11   15   19.56   13.53    0.00   -2.95   -2.81    0.10
  19   15   19.96   13.95    0.00   -2.91   -1.81    0.09
  21   15   19.97   14.05    0.25   -3.16   -2.55    0.12
  23   15   19.69   14.02    0.00   -3.63   -2.61    0.26
   5   45   18.34   12.91    0.25   -3.31   -2.74    0.19
   7   45   19.07   13.30    0.25   -2.50   -2.87   -0.10
   3   45   18.89   13.35    0.76   -4.09   -2.31    0.31
  31   45   19.25   13.62    0.25   -3.30   -1.94   -0.26
  27   45   19.53   13.83    0.25   -1.35   -0.85   -0.27
  17   45   18.72   12.92    0.00   -3.63   -2.15    0.08
  11   45   18.72   13.21    0.00   -3.05   -2.55    0.09
  19   45   19.18   13.58    0.00   -2.71   -1.81    0.12
  21   45   19.19   13.40    0.25   -3.55   -2.21    0.11
  23   45   18.91   13.06    0.00   -3.84   -2.23    0.27
   5  115   17.40   12.90    0.25   -2.25   -2.33    0.15
   7  115   18.45   13.28    0.25   -1.96   -2.29   -0.04
   3  115   18.09   13.30    0.76   -3.02   -1.93    0.25
  31  115   18.51   13.66    0.25   -2.43   -1.55   -0.18
  27  115   18.98   13.97    0.25   -1.04   -0.57   -0.19
  17  115   18.09   12.85    0.00   -3.43   -1.83    0.06
  11  115   18.00   13.32    0.00   -2.57   -1.83    0.05
  19  115   18.53   13.38    0.00   -2.71   -1.43    0.07
  21  115   18.31   12.92    0.25   -3.19   -1.75    0.07
  23  115   18.00   13.21    0.00   -3.05   -1.68    0.21
   5  145   16.87   12.81    0.25   -2.63   -2.43    0.19
   7  145   17.82   13.33    0.25   -1.94   -2.61    0.02
   3  145   17.51   13.33    0.76   -3.10   -2.09    0.24
  31  145   17.86   13.63    0.25   -2.36   -1.68   -0.17
  27  145   18.19   13.90    0.25   -0.61   -0.35   -0.12
  17  145   17.40   12.92    0.00   -2.78   -1.92    0.04
  11  145   17.57   13.33    0.00   -2.81   -2.24    0.08
  19  145   17.96   13.42    0.00   -2.24   -1.20    0.09
  21  145   17.66   13.26    0.25   -1.55   -1.35    0.07
  23  145   17.50   13.50    0.00   -2.73   -1.60    0.19
   5  215   16.00   12.71    0.25   -2.17   -2.43    0.16
   7  215   17.26   13.28    0.25   -1.89   -2.69    0.00
   3  215   16.80   13.22    0.76   -2.39   -1.90    0.20
  31  215   17.16   13.54    0.25   -1.73   -1.50   -0.10
  27  215   17.70   13.87    0.25   -0.68   -0.52   -0.10
  17  215   16.99   12.92    0.00   -2.77   -2.28    0.01
  11  215   16.89   13.29    0.00   -2.29   -1.95    0.07
  19  215   17.45   13.48    0.00   -1.83   -1.55    0.10
  21  215   17.08   13.41    0.25   -1.88   -1.65    0.07
  23  215   16.71   13.50    0.00   -1.87   -2.02    0.12
   5  245   15.68   12.61    0.25   -2.19   -2.26    0.17
   7  245   16.23   13.04    0.25   -1.13   -1.97    0.07
   3  245   16.17   13.09    0.76   -2.19   -1.77    0.20
  31  245   16.58   13.38    0.25   -1.47   -1.35   -0.09
  27  245   17.23   13.70    0.25   -0.57   -0.48   -0.09
  17  245   16.45   12.79    0.00   -2.13   -2.35    0.01
  11  245   16.10   13.21    0.00   -1.76   -1.53    0.05
  19  245   16.74   13.38    0.00   -1.31   -1.26    0.09
  21  245   16.22   13.35    0.25   -1.53   -1.46    0.05
  23  245   16.45   13.51    0.00   -2.01   -2.11    0.13
   5  315   15.22   12.36    0.25   -2.31   -1.64    0.13
   7  315   16.15   12.92    0.25   -1.29   -1.67    0.00
   3  315   15.67   12.81    0.76   -2.27   -1.40    0.17
  31  315   15.68   13.07    0.25   -1.21   -0.95   -0.06
  27  315   16.64   13.50    0.25   -0.25   -0.09   -0.05
  17  315   16.07   12.62    0.00   -2.75   -2.00    0.04
  11  315   15.42   13.01    0.00   -1.67   -1.35    0.04
  19  315   16.07   13.29    0.00   -1.23   -1.17    0.07
  21  315   15.82   13.30    0.25   -1.73   -1.54    0.05
  23  315   15.87   13.29    0.00   -2.00   -2.05    0.13
   5  345   14.94   12.30    0.25   -2.20   -1.73    0.12
   7  345   16.13   12.96    0.25   -1.31   -1.81   -0.01
   3  345   15.80   12.92    0.76   -2.42   -1.65    0.20
  31  345   15.47   13.11    0.25   -1.24   -1.17   -0.05
  27  345   16.16   13.51    0.25   -0.09   -0.05   -0.03
  17  345   16.26   12.73    0.00   -3.02   -1.93    0.05
  11  345   15.44   13.07    0.00   -1.89   -1.43    0.05
  19  345   16.12   13.40    0.00   -1.43   -1.10    0.05
  21  345   15.96   13.40    0.25   -2.14   -1.41    0.07
  23  345   15.91   13.26    0.00   -2.48   -2.21    0.15
   5  415   14.93   12.47    0.25   -1.56   -1.49    0.10
   7  415   15.60   12.95    0.25   -0.53   -1.31    0.05
   3  415   15.39   12.97    0.76   -1.15   -1.05    0.11
  31  415   15.49   13.33    0.25   -0.95   -1.09   -0.03
  27  415   16.01   13.60    0.25   -0.15   -0.01   -0.05
  17  415   15.99   12.76    0.00   -2.30   -1.60    0.04
  11  415   15.70   13.14    0.00   -1.75   -1.30    0.04
  19  415   16.10   13.48    0.00   -1.15   -0.91    0.05
  21  415   16.06   13.48    0.25   -2.06   -1.12    0.05
  23  415   16.22   13.42    0.00   -2.36   -1.69    0.17
   5  445   14.95   12.68    0.25   -1.83   -1.25    0.12
   7  445   15.66   13.12    0.25   -0.79   -1.28    0.04
   3  445   15.73   13.17    0.76   -1.83   -0.37    0.07
  31  445   15.68   13.49    0.25   -1.36   -0.93   -0.07
  27  445   16.13   13.76    0.25   -0.19   -0.04   -0.03
  17  445   15.84   12.87    0.00   -2.58   -1.02    0.07
  11  445   15.83   13.27    0.00   -2.21   -0.96    0.03
  19  445   16.04   13.54    0.00   -1.72   -0.59    0.05
  21  445   16.01   13.54    0.25   -2.41   -0.89    0.05
  23  445   16.07   13.53    0.00   -2.37   -1.32    0.15
   5  515   15.13   12.86    0.25   -1.51   -1.65    0.09
   7  515   15.63   13.32    0.25   -0.72   -1.56    0.07
   3  515   15.65   13.34    0.76   -1.39   -0.88    0.11
  31  515  -99.00  -99.00  -99.00  -99.00  -99.00  -99.00
  27  515  -99.00  -99.00  -99.00  -99.00  -99.00  -99.00
  17  515  -99.00  -99.00  -99.00  -99.00  -99.00  -99.00
  11  515   16.00   13.46    0.00   -2.18   -1.22    0.05
  19  515   16.21   13.57    0.00   -1.99   -0.93    0.06
  21  515   16.06   13.64    0.25   -2.45   -1.04    0.07
  23  515   16.12   13.65    0.00   -2.77   -1.45    0.18
   5  545   15.15   12.91    0.25   -1.91   -1.41    0.13
   7  545   15.64   13.42    0.25   -0.93   -1.19    0.01
   3  545   15.67   13.45    0.76   -1.75   -0.75    0.11
  31  545  -99.00  -99.00  -99.00  -99.00  -99.00  -99.00
  27  545  -99.00  -99.00  -99.00  -99.00  -99.00  -99.00
  17  545  -99.00  -99.00  -99.00  -99.00  -99.00  -99.00
  11  545   15.90   13.48    0.00   -2.02   -1.27    0.05
  19  545   16.26   13.75    0.00   -1.65   -0.81    0.05
  21  545   16.06   13.77    0.25   -2.25   -0.91    0.05
  23  545   16.14   13.81    0.00   -2.85   -1.28    0.18
   5  615   14.94   13.08    0.25   -1.65   -0.23    0.09
   7  615   15.76   13.56    0.25   -1.21   -0.97   -0.09
   3  615   15.72   13.59    0.76   -2.48   -0.21    0.11
  31  615   15.74   13.89    0.25   -1.78   -0.68   -0.10
  27  615   16.10   13.98    0.25   -0.43   -0.04   -0.04
  17  615   15.67   13.24    0.00   -2.66   -0.41    0.10
  11  615   15.95   13.67    0.00   -2.51   -0.59    0.02
  19  615   16.43   13.92    0.00   -2.19   -0.17    0.02
  21  615   16.12   13.89    0.25   -2.82   -0.64    0.07
  23  615   16.00   13.93    0.00   -2.63   -0.56    0.20
   5  645   15.00   13.22    0.25   -2.27   -0.37    0.12
   7  645   15.80   13.66    0.25   -1.41   -1.11   -0.09
   3  645   15.76   13.69    0.76   -2.85   -0.31    0.11
  31  645  -99.00  -99.00  -99.00  -99.00  -99.00  -99.00
  27  645  -99.00  -99.00  -99.00  -99.00  -99.00  -99.00
  17  645   15.55   13.40    0.00   -2.14   -0.20    0.07
  11  645   16.05   13.82    0.00   -3.05   -0.56    0.01
  19  645   16.51   14.06    0.00   -2.84   -0.05    0.03
  21  645   16.15   13.97    0.25   -3.33   -0.73    0.07
  23  645   15.89   13.95    0.00   -3.05   -0.63    0.23
   5  715   15.03   13.23    0.25   -2.33   -0.88    0.11
   7  715   15.61   13.73    0.25   -0.90   -0.79   -0.05
   3  715   15.77   13.73    0.76   -2.49   -0.58    0.11
  31  715  -99.00  -99.00  -99.00  -99.00  -99.00  -99.00
  27  715  -99.00  -99.00  -99.00  -99.00  -99.00  -99.00
  17  715   15.61   13.48    0.00   -2.69    0.01    0.09
  11  715   15.94   13.74    0.00   -3.45   -0.37    0.01
  19  715   15.98   14.08    0.00   -2.87   -0.04    0.06
  21  715   15.72   14.04    0.51   -3.45   -0.12    0.07
  23  715   15.78   13.93    0.00   -3.39   -0.01    0.23
   5  745   14.84   13.25    0.25   -2.27   -0.93    0.13
   7  745   15.46   13.82    0.25   -0.94   -0.78   -0.06
   3  745   15.61   13.76    0.76   -2.52   -0.43    0.10
  31  745  -99.00  -99.00  -99.00  -99.00  -99.00  -99.00
  27  745   16.20   14.17    0.25   -0.59   -0.09   -0.09
  17  745   15.29   13.56    0.00   -3.13   -0.03    0.12
  11  745   15.35   13.80    0.00   -3.52   -0.70    0.01
  19  745   15.42   14.09    0.00   -2.08   -0.55    0.07
  21  745   15.24   14.09    0.51   -3.03   -0.37    0.06
  23  745   15.19   13.96    0.00   -3.03   -0.27    0.20
   5  815   14.64   13.35    0.25   -2.25   -1.03    0.13
   7  815   15.10   13.93    0.25   -1.15   -1.03   -0.05
   3  815   15.21   13.85    0.76   -2.46   -0.65    0.11
  31  815  -99.00  -99.00  -99.00  -99.00  -99.00  -99.00
  27  815  -99.00  -99.00  -99.00  -99.00  -99.00  -99.00
  17  815   14.84   13.68    0.00   -2.89   -0.24    0.09
  11  815   14.97   13.91    0.25   -3.25   -0.31   -0.01
  19  815   15.34   14.11    0.00   -2.35    0.12    0.03
  21  815   15.14   14.16    0.51   -2.69   -0.67    0.05
  23  815   14.95   14.04    0.00   -2.13   -0.04    0.16
   5  845  -99.00  -99.00  -99.00  -99.00  -99.00  -99.00
   7  845   14.99   13.92    0.25   -1.67   -1.27   -0.13
   3  845   15.02   13.92    0.76   -3.20   -0.55    0.15
  31  845  -99.00  -99.00  -99.00  -99.00  -99.00  -99.00
  27  845  -99.00  -99.00  -99.00  -99.00  -99.00  -99.00
  17  845   14.70   13.73    0.00   -3.55   -0.51    0.11
  11  845   14.92   13.96    0.25   -3.52   -0.45    0.01
  19  845   15.39   14.11    0.00   -3.12    0.18    0.02
  21  845   15.16   14.18    0.51   -3.39   -0.49    0.06
  23  845   14.93   14.06    0.00   -2.92   -0.34    0.19
   5  915   14.55   13.41    0.25   -3.72   -0.50    0.19
   7  915   14.94   13.99    0.51   -1.47   -1.07   -0.15
   3  915   15.01   13.93    1.02   -3.63   -0.13    0.15
  31  915  -99.00  -99.00  -99.00  -99.00  -99.00  -99.00
  27  915  -99.00  -99.00  -99.00  -99.00  -99.00  -99.00
  17  915   14.66   13.76    0.25   -3.54   -0.24    0.12
  11  915   15.01   13.94    0.25   -3.73   -0.66   -0.01
  19  915   15.41   14.13    0.00   -2.89    0.36    0.05
  21  915   15.11   14.21    0.51   -3.29   -0.14    0.07
  23  915   14.96   14.05    0.00   -3.27    0.11    0.22
   5  945   14.31   13.43    0.25   -3.63   -0.19    0.19
   7  945   15.01   13.96    0.51   -1.81   -1.01   -0.35
   3  945   14.97   13.93    1.02   -4.22    0.16    0.12
  31  945  -99.00  -99.00  -99.00  -99.00  -99.00  -99.00
  27  945   15.18   14.40    0.25   -0.73   -0.11   -0.07
  17  945   14.82   13.66    0.25   -4.50    0.70    0.19
  11  945   14.91   13.88    0.25   -3.52   -0.81    0.01
  19  945   15.29   14.10    0.00   -2.58    0.01    0.02
  21  945   15.07   14.19    0.51   -3.43   -0.54    0.07
  23  945   14.84   14.02    0.00   -3.05    0.41    0.23
   5 1015   14.21   13.40    0.25   -3.27   -0.17    0.19
   7 1015  -99.00  -99.00  -99.00  -99.00  -99.00  -99.00
   3 1015   14.73   13.93    1.02   -3.00   -0.04    0.11
  31 1015  -99.00  -99.00  -99.00  -99.00  -99.00  -99.00
  27 1015   15.03   14.39    0.25   -0.60   -0.22   -0.08
  17 1015   14.70   13.59    0.25   -3.82    0.22    0.19
  11 1015   14.84   13.76    0.25   -3.60   -0.75    0.03
  19 1015   15.20   14.08    0.00   -2.71    0.13   -0.01
  21 1015   15.06   14.15    0.51   -3.61   -0.39    0.07
  23 1015   14.80   13.96    0.00   -3.59    0.36    0.27
   5 1045   14.15   13.39    0.25   -2.93   -0.47    0.15
   7 1045   14.74   13.90    0.51   -1.25   -0.96   -0.06
   3 1045   14.69   13.87    1.02   -2.83   -0.21    0.12
  31 1045  -99.00  -99.00  -99.00  -99.00  -99.00  -99.00
  27 1045   15.07   14.23    0.25   -0.80   -0.15   -0.10
  17 1045   14.67   13.50    0.25   -4.15    0.23    0.19
  11 1045   14.77   13.66    0.25   -3.71   -0.87    0.00
  19 1045   15.12   14.04    0.00   -2.59   -0.01    0.03
  21 1045   15.03   14.15    0.51   -3.77   -0.36    0.06
  23 1045   14.74   13.92    0.00   -3.40    0.37    0.25
   5 1115   14.10   13.24    0.25   -2.97   -0.69    0.17
   7 1115   14.70   13.71    0.51   -1.51   -1.18   -0.13
   3 1115   14.74   13.71    1.02   -3.23   -0.11    0.13
  31 1115  -99.00  -99.00  -99.00  -99.00  -99.00  -99.00
  27 1115  -99.00  -99.00  -99.00  -99.00  -99.00  -99.00
  17 1115   14.61   13.39    0.25   -4.31   -0.24    0.14
  11 1115   14.60   13.58    0.25   -3.47   -1.12    0.04
  19 1115   15.08   13.96    0.00   -2.63   -0.24    0.03
  21 1115  -99.00  -99.00  -99.00  -99.00  -99.00  -99.00
  23 1115   14.68   13.87    0.00   -3.61    0.43    0.26
   5 1145   14.09   13.10    0.25   -3.10   -1.44    0.17
   7 1145   14.72   13.58    0.51   -2.03   -1.72   -0.11
   3 1145   14.65   13.57    1.02   -2.89   -0.67    0.13
  31 1145   14.82   13.78    0.25   -2.87   -0.61   -0.21
  27 1145  -99.00  -99.00  -99.00  -99.00  -99.00  -99.00
  17 1145   14.50   13.31    0.25   -3.87   -0.72    0.11
  11 1145   14.55   13.49    0.25   -3.13   -1.51    0.04
  19 1145   15.09   13.92    0.00   -2.10   -0.17    0.01
  21 1145   14.96   13.99    0.51   -3.16   -1.01    0.08
  23 1145   14.70   13.70    0.00   -3.28    0.13    0.22
   5 1215   13.90   13.04    0.25   -3.92   -1.00    0.22
   7 1215   14.53   13.52    0.51   -2.31   -1.75   -0.16
   3 1215   14.47   13.50    1.02   -3.79   -0.66    0.15
  31 1215   14.63   13.79    0.51   -3.02   -0.43   -0.21
  27 1215  -99.00  -99.00  -99.00  -99.00  -99.00  -99.00
  17 1215   14.32   13.27    0.25   -4.51   -0.43    0.17
  11 1215   14.44   13.45    0.25   -3.57   -1.50    0.04
  19 1215   14.97   13.80    0.25   -3.20   -0.03    0.03
  21 1215   14.99   13.93    0.51   -3.83   -0.57    0.09
  23 1215   14.65   13.62    0.00   -3.38    0.18    0.25
   5 1245   13.98   13.11    0.25   -3.31   -1.25    0.18
   7 1245   14.60   13.58    0.51   -1.99   -1.77   -0.10
   3 1245   14.50   13.57    1.02   -3.29   -0.73    0.17
  31 1245   14.69   13.85    0.51   -2.95   -0.82   -0.22
  27 1245   14.79   13.99    0.51   -1.03   -0.65   -0.19
  17 1245   14.45   13.25    0.25   -4.11   -0.44    0.13
  11 1245   14.46   13.45    0.25   -3.30   -1.29    0.07
  19 1245   15.03   13.79    0.25   -2.43    0.14    0.00
  21 1245   15.16   13.86    0.51   -4.35    0.40    0.04
  23 1245   14.70   13.63    0.00   -4.11    0.65    0.31
   5 1315   14.03   13.18    0.25   -3.38   -0.24    0.16
   7 1315   14.58   13.68    0.51   -1.17   -0.68   -0.19
   3 1315   14.52   13.64    1.02   -3.16    0.17    0.11
  31 1315   14.71   13.89    0.51   -2.56    0.10   -0.17
  27 1315   14.87   13.99    0.51   -0.60    0.01   -0.03
  17 1315   14.37   13.38    0.25   -3.33    0.93    0.17
  11 1315   14.42   13.46    0.51   -3.19   -0.24    0.02
  19 1315   14.82   13.90    0.25   -2.53    0.33    0.01
  21 1315   14.84   13.85    1.02   -3.79    0.69    0.07
  23 1315   14.56   13.66    0.25   -3.25    0.85    0.24
   5 1345   14.11   13.30    0.25   -3.13   -0.28    0.18
   7 1345   14.70   13.79    0.00   -0.95   -0.54   -0.17
   3 1345   14.61   13.74    1.02   -2.93   -0.07    0.09
  31 1345   14.85   14.00    0.51   -2.40    0.23   -0.18
  27 1345   15.03   14.07    0.51   -0.73    0.25   -0.08
  17 1345   14.44   13.42    0.00   -3.65    0.59    0.17
  11 1345   14.33   13.50    0.51   -3.73    0.01   -0.01
  19 1345   14.71   13.98    0.51   -2.52    0.21    0.03
  21 1345   14.67   13.94    1.27   -3.58   -0.03    0.07
  23 1345   14.40   13.83    0.51   -3.02    0.05    0.23
   5 1415   14.05   13.19    0.25   -3.11   -0.55    0.17
   7 1415   14.62   13.71    0.25   -1.27   -0.75   -0.17
   3 1415   14.54   13.63    1.02   -3.21   -0.33    0.14
  31 1415   14.79   13.86    0.51   -2.37   -0.11   -0.17
  27 1415   14.89   13.85    0.51   -0.75    0.05   -0.12
  17 1415   14.30   13.35    0.25   -3.61   -0.07    0.12
  11 1415   14.30   13.58    1.02   -3.01   -1.03    0.03
  19 1415   14.77   14.01    0.76   -2.10   -0.13    0.01
  21 1415   14.62   13.89    2.03   -3.37   -0.16    0.07
  23 1415   14.45   13.81    0.51   -3.03    0.28    0.23
   5 1445   13.93   13.16    0.76   -3.00   -1.03    0.15
   7 1445   14.48   13.67    0.51   -1.63   -1.31   -0.10
   3 1445   14.45   13.56    1.52   -3.28   -0.67    0.15
  31 1445   14.71   13.94    0.76   -2.12   -0.64   -0.11
  27 1445   14.75   14.01    1.27   -0.71   -0.46   -0.13
  17 1445   14.21   13.43    0.51   -3.35   -0.73    0.11
  11 1445   14.36   13.68    1.52   -2.95   -1.22    0.06
  19 1445   14.72   13.96    0.76   -2.29   -0.98    0.05
  21 1445   14.51   13.78    2.03   -4.01   -0.93    0.12
  23 1445   14.30   13.65    1.02   -4.06    0.27    0.31
   5 1515   13.91   13.18    1.02   -4.41   -1.42    0.22
   7 1515   14.50   13.73    0.76   -2.30   -1.37   -0.25
   3 1515   14.42   13.60    1.78   -4.27   -0.83    0.18
  31 1515   14.66   13.97    1.02   -2.98   -0.79   -0.23
  27 1515   14.74   14.14    1.27   -0.89   -0.45   -0.16
  17 1515   14.30   13.43    0.51   -5.31   -0.54    0.20
  11 1515   14.41   13.63    1.52   -4.06   -1.29    0.07
  19 1515   14.75   13.94    1.27   -3.95   -0.64    0.06
  21 1515   14.38   13.73    3.05   -4.36   -1.69    0.13
  23 1515   14.26   13.59    2.29   -4.01   -0.55    0.32
   5 1545   14.17   13.47    1.02   -4.67   -1.61    0.23
   7 1545   14.87   14.10    0.76   -2.73   -1.57   -0.33
   3 1545   14.70   13.93    2.03   -4.51   -0.77    0.20
  31 1545   14.90   14.20    1.02   -3.98   -0.76   -0.30
  27 1545   14.94   14.28    1.52   -1.32   -0.21   -0.25
  17 1545   14.53   13.56    0.76   -5.85    0.07    0.28
  11 1545   14.57   13.69    1.52   -5.44   -0.93    0.01
  19 1545   14.86   13.93    1.27   -4.49   -0.11    0.05
  21 1545   14.63   13.91    3.05   -4.93   -0.66    0.09
  23 1545   14.39   13.71    2.29   -5.15   -1.04    0.40
   5 1615   14.37   13.40    1.02   -4.97   -0.34    0.27
   7 1615   15.01   13.95    0.76   -2.43   -0.91   -0.54
   3 1615   14.90   13.87    2.03   -4.62   -0.09    0.17
  31 1615   15.11   14.11    1.02   -4.27    0.20   -0.35
  27 1615   15.28   14.38    1.52   -1.21    0.23   -0.21
  17 1615   14.73   13.54    0.76   -5.91    0.76    0.31
  11 1615   14.70   13.72    1.52   -5.19    0.17   -0.01
  19 1615   15.05   13.97    1.27   -4.50    0.64   -0.02
  21 1615   14.86   13.98    3.30   -5.60    0.62    0.11
  23 1615   14.64   13.85    2.29   -4.91    0.88    0.37
   5 1645   14.73   13.62    1.02   -4.65    0.12    0.28
   7 1645   15.29   14.11    0.76   -0.16   -0.27   -0.06
   3 1645   15.25   14.05    2.03   -4.56    0.73    0.13
  31 1645   15.49   14.27    1.02   -4.15    0.94   -0.35
  27 1645   15.58   14.40    1.52   -1.57    0.51   -0.24
  17 1645   14.92   13.55    0.76   -6.03    1.63    0.30
  11 1645   15.01   13.87    1.52   -5.33    0.76   -0.02
  19 1645   15.19   14.05    1.27   -4.69    1.37   -0.02
  21 1645   15.23   14.24    3.30   -5.65    1.39    0.09
  23 1645   15.05   14.18    2.29   -5.11    1.17    0.43
   5 1715   15.00   13.70    1.02   -5.07    0.84    0.31
   7 1715   15.57   14.31    0.76    0.33   -0.05    0.13
   3 1715   15.48   14.12    2.03   -5.01    0.97    0.12
  31 1715   15.69   14.33    1.02   -4.31    1.25   -0.37
  27 1715   15.87   14.50    1.52   -1.89    0.67   -0.28
  17 1715   15.26   13.84    0.76   -6.07    1.80    0.31
  11 1715   15.39   14.23    1.52   -4.99    1.02   -0.01
  19 1715   15.83   14.60    1.27   -4.53    1.49    0.00
  21 1715   15.55   14.56    3.30   -5.75    1.36    0.09
  23 1715   15.33   14.36    2.29   -5.25    1.44    0.41
   5 1745   15.55   14.22    1.02   -4.85    1.41    0.27
   7 1745   16.32   14.96    0.76   -0.02    0.46   -0.12
   3 1745   16.09   14.68    2.03   -5.09    1.36    0.12
  31 1745   16.47   15.02    1.02   -4.21    1.50   -0.36
  27 1745   16.70   15.17    1.52   -1.91    0.81   -0.23
  17 1745   15.71   14.19    0.76   -6.14    2.58    0.33
  11 1745   15.95   14.62    1.52   -5.29    1.60   -0.05
  19 1745   16.03   14.74    1.27   -4.67    2.11   -0.05
  21 1745   15.71   14.74    3.30   -6.20    1.99    0.08
  23 1745   15.72   14.70    2.29   -5.29    2.03    0.41
   5 1815   15.66   14.24    1.02   -5.34    1.82    0.32
   7 1815   16.30   14.96    0.76    0.17    0.49    0.07
   3 1815   16.22   14.76    2.03   -4.86    1.63    0.10
  31 1815   16.44   14.95    1.02   -4.60    1.49   -0.37
  27 1815   16.79   15.08    1.52   -2.91    1.68   -0.41
  17 1815   15.71   14.32    0.76   -6.00    2.81    0.35
  11 1815   15.86   14.68    1.52   -5.00    2.02   -0.02
  19 1815   15.95   14.78    1.27   -4.77    2.36   -0.07
  21 1815   15.73   14.87    3.30   -5.82    2.41    0.08
  23 1815   15.45   14.59    2.29   -5.57    2.11    0.47
   5 1845   15.16   14.31    1.27   -5.18    1.98    0.35
   7 1845   15.65   14.91    1.02    0.19    0.53    0.02
   3 1845   15.68   14.76    2.03   -5.49    1.81    0.10
  31 1845   15.86   14.94    1.27   -4.44    1.67   -0.36
  27 1845   16.15   14.97    1.78   -2.61    1.51   -0.35
  17 1845   15.20   14.40    1.27   -5.59    2.51    0.32
  11 1845   15.31   14.59    2.29   -5.25    1.71   -0.02
  19 1845   15.81   14.85    1.27   -4.63    2.36   -0.07
  21 1845   15.76   15.00    3.30   -5.71    2.43    0.11
  23 1845   15.51   14.76    2.29   -5.02    2.12    0.44
   5 1915   14.99   14.34    1.52   -4.99    2.01    0.29
   7 1915   15.52   14.96    2.03   -0.28    0.69   -0.21
   3 1915   15.50   14.83    2.54   -4.90    1.72    0.10
  31 1915   15.59   14.97    1.52   -4.19    1.46   -0.33
  27 1915   15.83   15.08    1.78   -2.01    1.07   -0.25
  17 1915   15.15   14.57    4.06   -4.53    2.51    0.29
  11 1915   15.22   14.68    4.32   -4.57    2.03   -0.05
  19 1915   15.45   14.91    3.81   -3.58    2.03   -0.05
  21 1915   15.40   14.92    4.32   -5.62    2.70    0.07
  23 1915   15.22   14.78    3.81   -4.01    2.33    0.35
   5 1945   15.25   14.81    1.78   -5.30    1.21    0.33
   7 1945   15.45   15.11    3.56    0.18   -0.01    0.04
   3 1945   15.55   15.09    3.05   -5.95    1.40    0.13
  31 1945   15.60   15.20    2.54   -4.77    1.04   -0.32
  27 1945   15.65   15.16    4.57   -2.05    0.73   -0.29
  17 1945   14.93   14.55    7.37   -5.21    1.94    0.29
  11 1945   14.98   14.68    9.91   -5.05    1.01    0.00
  19 1945   15.45   14.99    3.81   -4.06    2.05   -0.04
  21 1945   15.61   15.15    4.57   -6.14    1.99    0.09
  23 1945   15.15   14.89    4.83   -5.11    1.57    0.41
   5 2015   14.84   14.48    1.78   -5.01    0.33    0.25
   7 2015   15.52   15.17    3.56    0.07    0.27    0.02
   3 2015   15.39   15.01    3.05   -5.25    0.92    0.12
  31 2015   15.50   15.15    2.54   -4.45    0.55   -0.32
  27 2015   15.49   15.15    4.83   -1.21    0.16   -0.17
  17 2015   15.26   14.75    7.37   -4.76    1.63    0.25
  11 2015   15.33   14.94    9.91   -4.49    1.91   -0.03
  19 2015   15.75   15.19    3.81   -4.09    2.13   -0.08
  21 2015   15.63   15.14    4.57   -5.56    2.03    0.09
  23 2015   15.31   15.01    4.83   -5.01    2.24    0.45
   5 2045   15.12   14.70    1.78   -4.50    1.15    0.27
   7 2045   15.78   15.35    3.56   -0.23    0.59   -0.16
   3 2045   15.66   15.18    3.05   -4.88    1.20    0.17
  31 2045   15.79   15.36    2.79   -4.18    1.13   -0.26
  27 2045   15.81   15.41    5.08   -1.14    0.23   -0.20
  17 2045   15.45   14.89    7.37   -5.21    2.01    0.31
  11 2045   15.53   15.08    9.91   -4.48    1.63   -0.02
  19 2045   15.95   15.31    3.81   -4.36    2.31   -0.07
  21 2045   15.93   15.32    4.57   -5.55    2.49    0.09
  23 2045   15.53   15.09    4.83   -4.82    2.61    0.45
   5 2115   15.37   14.79    2.03   -4.91    2.14    0.30
   7 2115   16.01   15.55    3.56   -0.41    0.94   -0.18
   3 2115   15.90   15.32    3.05   -4.97    1.69    0.09
  31 2115   15.94   15.44    2.79   -3.93    1.65   -0.29
  27 2115   15.92   15.38    5.08   -2.26    1.05   -0.35
  17 2115   15.68   15.06    7.37   -4.97    2.29    0.29
  11 2115   15.67   15.17    9.91   -4.50    2.01   -0.05
  19 2115   16.07   15.40    3.81   -4.17    2.21   -0.07
  21 2115   16.20   15.58    4.57   -5.62    3.05    0.06
  23 2115   15.68   15.26    4.83   -4.68    2.45    0.43
   5 2145   15.38   14.84    2.03   -5.03    2.27    0.33
   7 2145   16.08   15.59    3.56   -0.56    1.04   -0.25
   3 2145   15.92   15.35    3.05   -5.15    1.82    0.11
  31 2145   16.01   15.54    2.79   -3.81    1.29   -0.27
  27 2145   16.10   15.53    5.08   -2.30    1.23   -0.36
  17 2145   15.76   15.14    7.37   -5.10    2.48    0.30
  11 2145   15.71   15.26    9.91   -4.77    1.86   -0.03
  19 2145   16.32   15.67    3.81   -3.67    2.13   -0.05
  21 2145   16.32   15.71    4.57   -5.55    3.05    0.09
  23 2145   15.85   15.45    4.83   -4.53    2.45    0.38
   5 2215   15.44   14.95    2.03   -4.93    1.88    0.29
   7 2215   16.09   15.64    3.56   -0.61    1.14   -0.33
   3 2215   15.98   15.47    3.05   -4.91    1.63    0.12
  31 2215   16.03   15.61    2.79   -4.05    1.29   -0.29
  27 2215   16.12   15.62    5.08   -2.09    0.99   -0.30
  17 2215   15.87   15.32    7.37   -5.04    2.11    0.29
  11 2215   15.82   15.40    9.91   -4.51    2.14   -0.04
  19 2215   16.43   15.79    3.81   -3.62    2.45   -0.07
  21 2215   16.33   15.78    4.57   -5.39    3.04    0.05
  23 2215   15.89   15.54    4.83   -4.15    2.09    0.40
   5 2245   15.57   15.08    2.03   -5.14    2.58    0.31
   7 2245   16.12   15.71    3.56   -0.70    1.43   -0.33
   3 2245   16.14   15.62    3.05   -4.66    2.29    0.07
  31 2245   16.19   15.75    2.79   -4.09    1.78   -0.33
  27 2245   16.30   15.77    5.08   -2.23    1.37   -0.31
  17 2245   15.95   15.41    7.37   -5.01    2.94    0.32
  11 2245   15.85   15.48   10.16   -4.78    2.57   -0.07
  19 2245   16.42   15.85    3.81   -3.81    2.55   -0.06
  21 2245   16.31   15.84    4.57   -5.82    3.61    0.07
  23 2245   15.77   15.48    4.83   -4.87    2.83    0.39
   5 2315   15.55   15.12    2.03   -4.79    2.79    0.27
   7 2315   16.09   15.74    3.56   -0.85    1.62   -0.42
   3 2315   16.10   15.66    3.05   -4.30    1.97    0.09
  31 2315   16.20   15.80    2.79   -3.52    1.80   -0.25
  27 2315   16.32   15.77    5.08   -2.45    1.56   -0.33
  17 2315   15.90   15.45    7.37   -4.63    2.49    0.29
  11 2315   15.80   15.52   10.16   -3.99    2.46   -0.05
  19 2315   16.32   15.84    3.81   -3.53    2.78   -0.08
  21 2315   16.28   15.85    4.57   -5.63    3.67    0.05
  23 2315   15.79   15.56    4.83   -4.05    2.45    0.38
   5 2345   15.56   15.19    2.03   -4.48    2.61    0.27
   7 2345   16.14   15.84    3.56   -0.81    1.83   -0.39
   3 2345   16.11   15.73    3.05   -3.89    2.19    0.04
  31 2345   16.22   15.88    2.79   -2.99    1.73   -0.16
  27 2345   16.41   15.87    5.08   -2.41    2.01   -0.30
  17 2345   15.82   15.47    7.37   -4.39    2.79    0.29
  11 2345   15.83   15.60   10.16   -3.87    3.11   -0.06
  19 2345   16.34   15.93    3.81   -3.27    2.95   -0.07
  21 2345   16.17   15.87    4.57   -4.62    3.33    0.07
  23 2345   15.83   15.64    4.83   -3.75    2.41    0.33
