   5   15   15.51   15.21    2.03   -3.54    2.58    0.28
   7   15   16.04   15.79    3.56   -0.90    1.86   -0.41
   3   15   16.04   15.73    3.05   -3.23    1.93    0.03
  31   15   16.18   15.89    2.79   -3.14    1.87   -0.21
  27   15   16.39   15.92    5.08   -1.96    1.74   -0.27
  17   15   15.74   15.44    7.37   -4.32    3.16    0.32
  11   15   15.77   15.59   10.16   -3.61    2.96   -0.08
  19   15   16.14   15.84    3.81   -3.32    2.61   -0.07
  21   15   16.03   15.82    4.57   -4.45    2.75    0.06
  23   15   15.79   15.67    4.83   -3.77    2.45    0.31
   5   45   15.42   15.21    2.03   -4.25    2.37    0.28
   7   45   16.03   15.85    3.56   -0.70    1.45   -0.38
   3   45   15.96   15.72    3.05   -3.81    2.20    0.03
  31   45   16.16   15.93    2.79   -3.20    1.55   -0.23
  27   45   16.37   15.93    5.08   -2.17    1.47   -0.33
  17   45   15.84   15.55    7.37   -3.98    2.78    0.31
  11   45   15.80   15.64   10.16   -3.87    2.27   -0.06
  19   45   16.18   15.91    3.81   -3.02    2.02   -0.06
  21   45   16.11   15.91    4.57   -4.63    2.73    0.09
  23   45   15.85   15.74    4.83   -3.52    2.01    0.31
   5  115   15.47   15.24    2.03   -4.57    2.43    0.29
   7  115   16.06   15.88    3.56   -0.53    1.11   -0.33
   3  115   16.01   15.76    3.05   -4.37    2.04    0.06
  31  115   16.21   15.97    2.79   -3.48    1.34   -0.29
  27  115   16.47   16.05    5.08   -1.54    0.65   -0.25
  17  115   15.93   15.62    7.37   -4.18    2.58    0.27
  11  115   15.86   15.71   10.16   -3.75    1.95   -0.02
  19  115   16.25   15.98    3.81   -2.85    1.98   -0.06
  21  115   16.15   15.95    4.57   -4.88    2.81    0.08
  23  115   15.92   15.82    4.83   -3.67    2.01    0.32
   5  145   15.62   15.37    2.03   -4.95    2.99    0.34
   7  145   16.18   15.98    3.56   -0.54    1.30   -0.31
   3  145   16.15   15.90    3.05   -4.24    1.97    0.06
  31  145   16.35   16.09    2.79   -3.32    1.44   -0.26
  27  145   16.57   16.13    5.08   -1.82    1.07   -0.23
  17  145   16.05   15.68    7.37   -4.65    3.06    0.31
  11  145   15.97   15.80   10.16   -4.03    2.37   -0.02
  19  145   16.32   16.03    3.81   -3.07    2.29   -0.07
  21  145   16.20   15.98    4.57   -5.37    3.14    0.06
  23  145   16.02   15.91    4.83   -3.78    2.41    0.35
   5  215   15.75   15.48    2.03   -5.25    2.93    0.33
   7  215   16.31   16.07    3.56   -0.67    1.25   -0.37
   3  215   16.28   16.00    3.05   -5.15    1.99    0.08
  31  215   16.47   16.20    2.79   -3.81    1.74   -0.31
  27  215   16.68   16.22    5.08   -1.78    1.05   -0.25
  17  215   16.09   15.76    7.37   -5.21    3.03    0.31
  11  215   16.09   15.89   10.16   -4.07    2.06   -0.05
  19  215   16.40   16.11    3.81   -3.07    2.25   -0.07
  21  215   16.24   16.04    4.57   -5.43    2.99    0.08
  23  215   16.09   15.98    4.83   -3.96    2.51    0.33
   5  245   15.76   15.52    2.03   -5.01    2.91    0.31
   7  245  -99.00  -99.00  -99.00  -99.00  -99.00  -99.00
   3  245   16.30   16.04    3.05   -5.05    2.04    0.10
  31  245   16.51   16.25    2.79   -3.59    1.65   -0.28
  27  245   16.69   16.23    5.08   -1.98    1.07   -0.32
  17  245   16.19   15.90    7.37   -4.12    2.63    0.29
  11  245   16.13   15.95   10.16   -4.08    2.38   -0.07
  19  245   16.42   16.17    3.81   -3.19    2.59   -0.12
  21  245   16.26   16.10    4.57   -5.60    2.87    0.05
  23  245   16.11   16.00    4.83   -4.15    2.25    0.38
   5  315   15.84   15.61    2.03   -5.77    2.98    0.36
   7  315   16.42   16.21    3.56   -0.48    1.07   -0.28
   3  315   16.37   16.12    3.30   -4.93    1.99    0.10
  31  315   16.52   16.30    2.79   -3.59    1.47   -0.26
  27  315   16.72   16.29    5.08   -1.76    1.11   -0.25
  17  315   16.25   15.96    7.37   -5.18    2.70    0.35
  11  315   16.20   16.02   10.16   -4.33    2.65   -0.07
  19  315   16.54   16.26    3.81   -3.41    2.73   -0.11
  21  315   16.37   16.21    4.57   -6.05    2.99    0.09
  23  315   16.22   16.11    4.83   -3.90    2.22    0.35
   5  345   15.92   15.67    2.03   -6.02    2.77    0.41
   7  345   16.53   16.29    6.60   -0.63    1.29   -0.34
   3  345   16.44   16.17    3.30   -5.91    2.01    0.12
  31  345   16.58   16.35    2.79   -4.00    1.56   -0.28
  27  345   16.78   16.35    5.08   -1.49    0.52   -0.27
  17  345   16.36   16.04    7.37   -4.87    2.91    0.35
  11  345   16.30   16.10   10.16   -4.62    2.73    0.00
  19  345   16.64   16.35    3.81   -2.80    2.33   -0.03
  21  345   16.43   16.27    4.57   -6.18    3.05    0.09
  23  345   16.28   16.18    4.83   -3.79    1.91    0.32
   5  415   16.03   15.70    2.03   -6.23    3.30    0.39
   7  415   16.61   16.32    6.60   -0.71    1.64   -0.31
   3  415   16.53   16.22    3.30   -5.16    2.27    0.15
  31  415   16.70   16.40    2.79   -3.73    1.85   -0.29
  27  415   16.89   16.36    5.08   -1.68    1.48   -0.17
  17  415   16.49   16.07    7.37   -4.47    3.36    0.33
  11  415   16.35   16.12   10.16   -4.59    3.15   -0.05
  19  415   16.72   16.37    3.81   -3.50    3.21   -0.10
  21  415   16.46   16.27    4.57   -6.31    3.10    0.08
  23  415   16.28   16.15    4.83   -4.17    2.24    0.36
   5  445   16.12   15.75    2.03   -5.32    4.01    0.35
   7  445   16.65   16.32    6.60   -1.27    2.71   -0.54
   3  445   16.64   16.26    3.30   -4.93    3.03    0.04
  31  445   16.82   16.43    2.79   -3.68    2.39   -0.29
  27  445   16.96   16.37    5.08   -1.49    1.72   -0.11
  17  445   16.62   16.14    7.37   -4.61    3.34    0.34
  11  445   16.37   16.10   10.16   -4.25    3.34   -0.06
  19  445   16.81   16.40    3.81   -3.91    3.46   -0.09
  21  445   16.50   16.25    4.57   -5.77    3.19    0.08
  23  445   16.30   16.15    4.83   -3.93    2.35    0.35
   5  515   16.15   15.75    2.03   -4.93    3.55    0.35
   7  515   16.65   16.30    6.60   -0.95    2.09   -0.43
   3  515   16.66   16.26    3.30   -4.27    2.64    0.03
  31  515   16.81   16.43    2.79   -3.51    1.95   -0.26
  27  515  -99.00  -99.00  -99.00  -99.00  -99.00  -99.00
  17  515   16.54   16.08    7.37   -4.79    2.89    0.31
  11  515   16.34   16.05   10.16   -4.12    2.69   -0.07
  19  515  -99.00  -99.00  -99.00  -99.00  -99.00  -99.00
  21  515  -99.00  -99.00  -99.00  -99.00  -99.00  -99.00
  23  515  -99.00  -99.00  -99.00  -99.00  -99.00  -99.00
   5  545   15.99   15.61    2.03   -4.49    2.88    0.30
   7  545   16.59   16.24    6.60   -0.81    1.57   -0.37
   3  545   16.51   16.13    3.30   -3.79    2.14    0.07
  31  545   16.67   16.28    2.79   -3.52    1.84   -0.25
  27  545  -99.00  -99.00  -99.00  -99.00  -99.00  -99.00
  17  545   16.45   16.01    7.37   -5.13    2.77    0.32
  11  545   16.30   16.00   10.16   -4.01    2.04   -0.05
  19  545  -99.00  -99.00  -99.00  -99.00  -99.00  -99.00
  21  545  -99.00  -99.00  -99.00  -99.00  -99.00  -99.00
  23  545  -99.00  -99.00  -99.00  -99.00  -99.00  -99.00
   5  615   15.85   15.45    2.03   -4.78    1.93    0.27
   7  615   16.41   16.08    6.60   -0.42    1.01   -0.27
   3  615   16.37   15.98    3.30   -4.61    1.74    0.09
  31  615   16.58   16.19  -99.00  -99.00  -99.00  -99.00
  27  615   16.59   16.11    5.08   -1.11    0.27   -0.17
  17  615   16.40   15.92    7.37   -4.77    2.30    0.29
  11  615   16.19   15.89   10.16   -4.61    1.87   -0.04
  19  615   16.76   16.32    3.81   -3.29    1.79   -0.07
  21  615   16.44   16.15    4.57   -4.93    2.53    0.07
  23  615   16.13   15.94    4.83   -4.18    2.13    0.33
   5  645   15.76   15.42    2.03   -3.78    1.13    0.22
   7  645   16.38   16.05    6.60   -0.22    0.70   -0.15
   3  645   16.29   15.94    3.30   -4.26    1.21    0.09
  31  645   16.45   16.12    2.79   -3.67    0.97   -0.24
  27  645  -99.00  -99.00  -99.00  -99.00  -99.00  -99.00
  17  645   16.30   15.85    7.37   -4.43    2.29    0.26
  11  645   16.15   15.86   10.16   -4.21    1.63   -0.03
  19  645   16.70   16.24    3.81   -3.17    1.91   -0.06
  21  645   16.38   16.10    4.57   -4.65    2.26    0.05
  23  645   16.09   15.91    4.83   -4.25    2.06    0.36
   5  715   15.70   15.40    2.03   -4.44    1.73    0.27
   7  715   16.45   16.13    6.60   -0.53    1.29   -0.31
   3  715   16.22   15.92    3.30   -4.35    1.84    0.08
  31  715  -99.00  -99.00  -99.00  -99.00  -99.00  -99.00
  27  715   16.33   15.88    5.08   -1.27    0.38   -0.19
  17  715   16.31   15.87    7.37   -4.61    2.67    0.31
  11  715   16.13   15.87   10.16   -4.45    1.93   -0.03
  19  715   16.65   16.23    3.81   -2.98    2.21   -0.08
  21  715   16.34   16.09    4.57   -4.94    2.72    0.07
  23  715   16.06   15.92    4.83   -3.93    2.11    0.34
   5  745   15.92   15.56    2.03   -4.01    2.49    0.27
   7  745   16.47   16.16    6.60   -0.62    2.07   -0.33
   3  745   16.26   15.95    3.30   -3.79    2.31    0.05
  31  745  -99.00  -99.00  -99.00  -99.00  -99.00  -99.00
  27  745  -99.00  -99.00  -99.00  -99.00  -99.00  -99.00
  17  745   16.33   15.92    7.37   -3.99    2.65    0.29
  11  745   16.08   15.86   10.16   -3.81    2.06   -0.03
  19  745   16.68   16.28    3.81   -2.81    2.41   -0.08
  21  745   16.42   16.19    4.57   -4.33    3.21    0.02
  23  745   16.02   15.89    0.00   -3.71    2.38    0.32
   5  815   15.88   15.57    2.03   -4.18    2.81    0.26
   7  815   16.51   16.24    6.60   -0.61    2.43   -0.31
   3  815   16.33   16.02    3.30   -3.93    2.77    0.02
  31  815  -99.00  -99.00  -99.00  -99.00  -99.00  -99.00
  27  815  -99.00  -99.00  -99.00  -99.00  -99.00  -99.00
  17  815   16.49   16.10    7.37   -4.27    2.95    0.31
  11  815   16.24   16.01   10.16   -4.23    3.50   -0.05
  19  815   16.95   16.53    3.81   -3.16    3.66   -0.11
  21  815   16.58   16.32    4.57   -4.71    4.16    0.05
  23  815   16.03   15.90    0.00   -3.59    2.81    0.31
   5  845   16.17   15.85    2.03   -2.73    3.37    0.23
   7  845   16.82   16.54    6.60   -0.31    2.55   -0.19
   3  845   16.65   16.34    3.30   -2.57    3.12   -0.08
  31  845  -99.00  -99.00  -99.00  -99.00  -99.00  -99.00
  27  845  -99.00  -99.00  -99.00  -99.00  -99.00  -99.00
  17  845   16.82   16.41    7.37   -3.07    3.45    0.27
  11  845   16.61   16.34   10.16   -3.46    4.35   -0.08
  19  845   17.20   16.78    3.81   -2.23    3.44   -0.10
  21  845  -99.00  -99.00  -99.00  -99.00  -99.00  -99.00
  23  845   16.18   16.06    0.00   -3.43    3.25    0.39
   5  915   16.66   16.29    2.03   -2.41    4.50    0.21
   7  915   17.12   16.84    6.60   -0.19    2.63   -0.13
   3  915   17.17   16.80    3.30   -1.87    3.61   -0.09
  31  915  -99.00  -99.00  -99.00  -99.00  -99.00  -99.00
  27  915  -99.00  -99.00  -99.00  -99.00  -99.00  -99.00
  17  915   17.22   16.79    7.37   -2.49    3.77    0.25
  11  915   16.86   16.63   10.16   -2.77    5.29   -0.09
  19  915   17.56   17.15    3.81   -2.29    4.28   -0.13
  21  915  -99.00  -99.00  -99.00  -99.00  -99.00  -99.00
  23  915   16.62   16.48    0.00   -3.10    4.16    0.35
   5  945   17.04   16.70    2.03   -1.38    4.45    0.18
   7  945   17.46   17.21    6.60   -0.05    2.53   -0.14
   3  945   17.55   17.20    3.30   -1.46    3.91   -0.14
  31  945  -99.00  -99.00  -99.00  -99.00  -99.00  -99.00
  27  945  -99.00  -99.00  -99.00  -99.00  -99.00  -99.00
  17  945   17.56   17.17    7.37   -1.62    2.76    0.19
  11  945   17.28   17.06   10.16   -1.77    4.37   -0.07
  19  945   17.94   17.53    3.81   -1.85    4.09   -0.11
  21  945   17.52   17.30    4.57   -2.85    5.73    0.04
  23  945   17.18   17.04    0.00   -2.47    4.46    0.30
   5 1015  -99.00  -99.00  -99.00  -99.00  -99.00  -99.00
   7 1015   18.19   17.81    6.60    0.05    3.99   -0.27
   3 1015   18.35   17.85    3.30   -0.64    5.01   -0.17
  31 1015  -99.00  -99.00  -99.00  -99.00  -99.00  -99.00
  27 1015  -99.00  -99.00  -99.00  -99.00  -99.00  -99.00
  17 1015   17.98   17.54    7.37   -0.86    2.70    0.15
  11 1015   18.05   17.70   10.16   -1.02    4.74   -0.07
  19 1015   18.79   18.15    3.81   -1.76    5.33   -0.18
  21 1015   18.17   17.83    4.57   -2.17    5.93    0.02
  23 1015   17.93   17.71    0.00   -1.73    5.35    0.28
   5 1045   18.66   17.99    2.03    0.42    6.29    0.16
   7 1045   19.15   18.55    6.60    0.43    5.05   -0.30
   3 1045   19.32   18.60    3.30    0.48    5.71   -0.19
  31 1045  -99.00  -99.00  -99.00  -99.00  -99.00  -99.00
  27 1045  -99.00  -99.00  -99.00  -99.00  -99.00  -99.00
  17 1045   18.90   18.27    7.37    0.02    3.73    0.21
  11 1045   18.75   18.25   10.16   -0.32    5.62   -0.05
  19 1045   19.35   18.61    3.81   -1.31    5.59   -0.15
  21 1045   18.72   18.21    4.57   -1.30    6.79    0.01
  23 1045   18.22   17.95    0.00   -1.40    5.13    0.23
   5 1115   18.95   18.29    2.03    1.57    5.01    0.08
   7 1115   19.46   18.84    6.60    0.85    4.53   -0.13
   3 1115   19.57   18.85    3.30    1.47    4.72   -0.13
  31 1115  -99.00  -99.00  -99.00  -99.00  -99.00  -99.00
  27 1115  -99.00  -99.00  -99.00  -99.00  -99.00  -99.00
  17 1115   19.29   18.58    7.37    0.59    3.83    0.17
  11 1115   19.27   18.66   10.16    0.41    5.73   -0.05
  19 1115   19.52   18.78    3.81   -0.95    5.84   -0.15
  21 1115   18.86   18.35    4.57   -1.11    7.10    0.01
  23 1115   18.60   18.27    0.00   -0.74    5.64    0.25
   5 1145   19.19   18.48    2.03    2.27    5.06    0.06
   7 1145  -99.00  -99.00  -99.00  -99.00  -99.00  -99.00
   3 1145   19.86   19.09    3.30    1.89    5.15   -0.15
  31 1145  -99.00  -99.00  -99.00  -99.00  -99.00  -99.00
  27 1145   20.15   19.11    5.08    1.11    3.25    0.51
  17 1145   19.52   18.75    7.37    1.05    4.45    0.19
  11 1145   19.53   18.86   10.16    1.01    6.63   -0.04
  19 1145   19.81   19.01    3.81   -0.35    5.85   -0.17
  21 1145  -99.00  -99.00  -99.00  -99.00  -99.00  -99.00
  23 1145   18.88   18.50    0.00    0.05    5.81    0.20
   5 1215   19.77   18.89    2.03    2.66    5.83    0.07
   7 1215   20.26   19.42    6.60    1.25    5.62   -0.12
   3 1215   20.50   19.52    3.30    2.15    5.81   -0.19
  31 1215  -99.00  -99.00  -99.00  -99.00  -99.00  -99.00
  27 1215   20.48   19.29    5.08    1.65    4.91    0.73
  17 1215   20.06   19.15    7.37    0.89    4.53    0.25
  11 1215   20.05   19.22   10.16    1.23    6.61   -0.04
  19 1215   20.25   19.32    3.81    0.18    5.43   -0.11
  21 1215   19.74   19.04    4.57   -0.80    7.11    0.03
  23 1215   19.36   18.87    0.00    0.20    5.79    0.21
   5 1245   20.43   19.30    2.03    2.45    7.40    0.13
   7 1245   20.86   19.83    6.60    1.23    6.21   -0.19
   3 1245   21.15   19.93    3.30    2.26    6.66   -0.23
  31 1245   21.46   20.20    2.79    2.33    6.07    0.31
  27 1245  -99.00  -99.00  -99.00  -99.00  -99.00  -99.00
  17 1245   20.87   19.65    7.37    1.16    5.44    0.27
  11 1245   20.79   19.76   10.16    1.14    6.79   -0.03
  19 1245   21.00   19.84    3.81    0.34    5.95   -0.15
  21 1245   20.69   19.71    4.57   -0.15    7.38    0.04
  23 1245   20.07   19.41    0.00    0.66    5.97    0.21
   5 1315   21.27   19.83    2.03    2.86    7.61    0.09
   7 1315   21.72   20.36    6.60    1.79    7.14   -0.16
   3 1315   21.95   20.43    3.30    3.03    6.67   -0.21
  31 1315   22.18   20.61    2.79    2.62    6.39    0.35
  27 1315  -99.00  -99.00  -99.00  -99.00  -99.00  -99.00
  17 1315   21.88   20.26    7.37    1.69    5.76    0.29
  11 1315   21.62   20.24   10.16    2.05    8.00   -0.02
  19 1315   22.04   20.49    3.81    0.71    6.11   -0.12
  21 1315   21.62   20.28    4.57    0.57    7.32    0.04
  23 1315   20.85   19.99    0.00    0.88    6.23    0.17
   5 1345   22.67   20.49    2.03    3.09    7.48    0.12
   7 1345   23.16   21.02    6.60    2.05    7.33   -0.13
   3 1345   23.18   20.98    3.30    3.30    6.73   -0.27
  31 1345   23.35   21.12    2.79    3.05    6.35    0.41
  27 1345   18.24   16.23    5.08    2.17    6.58    0.93
  17 1345   23.56   20.96    7.37    2.37    5.84    0.25
  11 1345   22.95   20.82   10.16    2.62    7.63   -0.03
  19 1345   23.95   21.31    3.81    2.14    7.01   -0.17
  21 1345   23.76   21.26    4.57    1.87    7.99    0.04
  23 1345   22.65   21.01    0.25    1.99    6.53    0.13
   5 1415  -99.00  -99.00  -99.00  -99.00  -99.00  -99.00
   7 1415   25.01   21.62    6.60    3.13    7.80    0.03
   3 1415   25.16   21.72    3.30    4.30    6.82   -0.23
  31 1415   25.41   21.85    2.79    3.70    6.30    0.47
  27 1415   23.39   19.73    5.08    2.71    6.67    1.08
  17 1415   25.18   21.49    7.37    3.56    5.95    0.25
  11 1415   24.65   21.36   10.16    3.55    7.99   -0.02
  19 1415   24.97   21.61    3.81    2.73    6.84   -0.14
  21 1415   24.68   21.54    4.57    2.41    7.47    0.09
  23 1415   24.43   21.56    0.25    3.43    7.19    0.15
   5 1445   25.54   21.28    2.03    4.91    8.21    0.06
   7 1445   25.84   21.68    6.60    3.80    8.15    0.07
   3 1445   25.98   21.79    3.30    5.16    7.11   -0.28
  31 1445   26.30   22.00    2.79    3.61    6.21    0.46
  27 1445   26.04   21.76    5.08    3.39    6.17    1.30
  17 1445   26.03   21.56    7.37    4.16    5.97    0.26
  11 1445   25.74   21.63   10.16    3.83    7.01   -0.03
  19 1445   26.25   21.92    4.06    3.47    6.47   -0.13
  21 1445   26.02   21.92    4.57    2.97    6.76    0.07
  23 1445   25.58   21.94    0.25    3.77    6.61    0.11
   5 1515   26.56   21.48    2.03    5.07    7.95    0.05
   7 1515   26.86   21.91    6.60    3.51    7.89    0.08
   3 1515   27.08   22.09    3.30    4.81    6.86   -0.25
  31 1515   27.34   22.12    2.79    4.09    6.61    0.50
  27 1515   27.00   21.93    0.00    3.07    6.67    1.19
  17 1515   26.86   21.73    7.37    4.13    5.61    0.27
  11 1515   26.73   21.83   10.16    3.64    7.01   -0.02
  19 1515   27.03   22.08    4.06    3.71    6.49   -0.13
  21 1515   26.96   22.03    4.57    3.24    7.49    0.03
  23 1515   26.67   22.21    0.25    3.44    6.37    0.07
   5 1545   27.43   21.81    2.03    4.82    6.89    0.03
   7 1545   27.68   22.20    6.60    3.86    7.21    0.14
   3 1545   27.86   22.37    3.30    4.83    6.31   -0.24
  31 1545   28.05   22.37    2.79    4.17    5.70    0.53
  27 1545   27.68   22.06    0.00    3.17    6.37    1.20
  17 1545   27.60   22.00    7.37    4.23    5.05    0.22
  11 1545   27.55   22.06   10.16    4.08    6.81   -0.01
  19 1545   27.69   22.26    4.06    4.21    6.63   -0.13
  21 1545   27.78   22.35    4.57    3.35    6.87    0.09
  23 1545   27.62   22.34    0.25    4.16    6.75    0.04
   5 1615   27.95   22.07    2.03    5.09    6.35    0.01
   7 1615   28.15   22.30    6.60    4.02    7.35    0.09
   3 1615   28.40   22.54    3.30    5.53    5.84   -0.26
  31 1615   28.80   22.69    2.79    4.59    5.47    0.62
  27 1615   28.39   22.41    0.00    3.58    5.09    1.31
  17 1615   27.98   22.13    7.37    4.71    4.66    0.21
  11 1615   28.16   22.21   10.16    4.50    7.11    0.01
  19 1615   28.49   22.65    4.06    4.06    5.91   -0.03
  21 1615   28.72   22.59    4.57    3.96    7.07    0.05
  23 1615   28.51   22.70    0.25    4.37    6.25    0.07
   5 1645   29.30   22.34    2.03    5.26    7.71    0.05
   7 1645   29.46   22.68    6.60    3.96    7.45    0.11
   3 1645   29.69   22.99    3.30    5.45    6.27   -0.22
  31 1645   29.97   23.06    2.79    4.59    5.67    0.67
  27 1645   29.33   22.91    0.00    3.00    5.03    1.23
  17 1645   29.38   22.47    7.37    4.77    4.79    0.15
  11 1645   29.22   22.56   10.16    4.49    6.83   -0.03
  19 1645   29.56   22.88    4.06    3.95    5.87   -0.07
  21 1645   29.88   22.86    4.57    3.49    7.41    0.07
  23 1645   29.59   22.93    0.25    4.74    6.57    0.03
   5 1715   30.41   22.57    2.03    4.87    7.31    0.03
   7 1715   30.57   22.92    6.60    3.75    7.73    0.13
   3 1715   30.75   23.17    3.30    5.23    6.51   -0.21
  31 1715   30.92   23.17    2.79    4.03    6.30    0.56
  27 1715   30.15   22.77    0.00    3.23    6.41    1.29
  17 1715   30.35   22.73    7.37    3.69    5.46    0.24
  11 1715   30.14   22.70   10.16    4.33    6.94   -0.01
  19 1715   30.47   23.11    4.06    3.46    6.31   -0.13
  21 1715   30.50   22.89    4.57    3.29    7.40    0.03
  23 1715   30.31   23.01    0.25    4.69    6.71    0.05
   5 1745   30.97   22.63    2.03    4.27    7.77    0.05
   7 1745   31.14   23.06    6.60    3.06    8.09   -0.01
   3 1745   31.33   23.28    3.30    4.37    6.89   -0.24
  31 1745   31.51   23.08    2.79    3.83    6.99    0.50
  27 1745   30.79   22.85    0.00    2.92    7.04    1.24
  17 1745   30.78   22.59    7.37    3.74    6.13    0.21
  11 1745   30.66   22.82   10.16    3.61    7.48   -0.01
  19 1745   30.87   23.05    4.06    3.28    6.92   -0.16
  21 1745   30.90   22.98    4.57    2.77    7.26    0.04
  23 1745   30.75   23.00    0.25    3.89    6.71    0.11
   5 1815   31.06   22.57    2.03    4.51    8.04    0.08
   7 1815   31.23   22.95    6.60    3.62    8.44    0.03
   3 1815   31.48   23.20    3.30    4.45    7.29   -0.24
  31 1815   31.98   23.25    2.79    3.46    6.77    0.47
  27 1815   31.13   22.85    0.00    2.95    7.41    1.15
  17 1815   30.92   22.72    7.37    3.76    5.83    0.25
  11 1815   30.95   23.06   10.16    3.34    7.02   -0.03
  19 1815   31.17   23.18    4.06    3.50    6.96   -0.13
  21 1815   31.22   23.11    4.57    2.37    7.97    0.06
  23 1815   30.78   23.17    0.25    2.63    7.08    0.18
   5 1845   31.49   22.96    2.03    4.57    8.30    0.08
   7 1845   31.56   23.34    6.60    3.29    8.86   -0.06
   3 1845   31.59   23.31    3.30    4.69    8.05   -0.32
  31 1845   32.20   23.47    2.79    3.51    6.97    0.47
  27 1845   31.50   23.04    0.00    2.79    7.73    1.22
  17 1845   31.09   22.81    7.37    3.70    7.21    0.35
  11 1845   31.27   23.18   10.16    3.32    7.88   -0.01
  19 1845   31.56   23.56    4.06    3.51    7.33   -0.11
  21 1845   31.86   23.41    4.57    3.28    8.25    0.09
  23 1845   31.54   23.34    0.25    3.07    8.14    0.16
   5 1915   31.52   23.06    2.03    5.34    8.87    0.07
   7 1915   31.65   23.36    6.60    4.47    8.92    0.12
   3 1915   31.90   23.65    3.30    5.63    7.24   -0.23
  31 1915   32.20   23.57    2.79    4.17    7.58    0.54
  27 1915   31.57   23.28    0.00    3.50    6.93    1.41
  17 1915   31.21   23.08    7.37    4.87    6.28    0.25
  11 1915   31.21   23.28   10.16    4.04    8.46   -0.09
  19 1915   31.53   23.79    4.06    3.93    7.60   -0.19
  21 1915   31.59   23.42    4.57    3.64    9.10    0.08
  23 1915   31.48   23.60    0.25    3.86    7.73    0.14
   5 1945   31.69   23.30    2.03    5.64    7.77    0.06
   7 1945   31.98   23.73    6.60    4.27    8.24    0.17
   3 1945   32.03   23.85    3.30    5.82    7.10   -0.25
  31 1945   32.44   23.98    2.79    4.21    6.88    0.58
  27 1945   31.64   23.57    0.00    3.51    6.95    1.35
  17 1945   31.64   23.60    7.37    4.08    5.44    0.27
  11 1945   31.35   23.58   10.16    4.75    7.74   -0.02
  19 1945   31.76   23.97    4.06    3.96    6.95   -0.09
  21 1945   31.44   23.55    4.57    3.94    8.58    0.10
  23 1945   31.38   23.85    0.25    4.13    7.66    0.11
   5 2015   30.73   23.00    2.03    5.23    8.46    0.07
   7 2015   31.17   23.47    6.60    4.25    8.24    0.15
   3 2015   31.40   23.63    3.30    5.31    7.50   -0.21
  31 2015   31.87   23.72    2.79    4.33    7.57    0.56
  27 2015   31.30   23.49    0.00    3.45    7.45    1.33
  17 2015   30.38   22.97    7.37    4.34    6.04    0.23
  11 2015   30.31   23.19   10.16    3.95    7.39   -0.02
  19 2015   30.37   23.32    4.06    3.91    6.23   -0.15
  21 2015   30.56   23.53    4.57    3.44    6.97    0.07
  23 2015   30.24   23.56    0.25    4.23    5.96    0.02
   5 2045   30.16   23.02    2.03    4.78    7.10    0.05
   7 2045   30.66   23.46    6.60    3.69    7.21    0.10
   3 2045   30.58   23.55    3.30    4.97    5.87   -0.17
  31 2045   31.00   23.75    0.00    3.17    5.61    0.45
  27 2045   30.60   23.59    0.00    2.62    5.23    1.01
  17 2045   30.29   23.25    7.37    3.82    4.19    0.17
  11 2045   30.08   23.37   10.16    3.55    5.85    0.03
  19 2045   30.52   23.63    4.06    3.54    5.71   -0.11
  21 2045   30.95   23.54    4.57    3.61    6.93    0.07
  23 2045   30.54   23.55    0.25    4.32    6.04    0.07
   5 2115   30.66   23.22    2.03    5.45    5.75   -0.01
   7 2115   31.34   23.84    6.60    3.38    6.27    0.15
   3 2115   31.33   23.83    3.30    4.83    5.86   -0.20
  31 2115   31.79   23.92    0.00    3.80    6.25    0.51
  27 2115   31.00   23.66    0.00    2.79    5.15    1.13
  17 2115   31.03   23.50    7.37    4.12    4.35    0.18
  11 2115   30.67   23.36   10.16    4.22    6.53    0.00
  19 2115   31.40   23.72    4.06    3.97    6.17   -0.11
  21 2115   31.40   23.69    4.57    3.57    6.93    0.08
  23 2115   30.94   23.56    0.25    4.15    6.75    0.09
   5 2145   30.78   23.14    2.03    4.50    6.44    0.02
   7 2145   31.30   23.57    6.60    3.63    6.51    0.14
   3 2145   31.19   23.59    3.30    4.91    5.73   -0.20
  31 2145   31.92   23.67    0.00    4.51    5.73    0.59
  27 2145  -99.00  -99.00  -99.00  -99.00  -99.00  -99.00
  17 2145  -99.00  -99.00  -99.00  -99.00  -99.00  -99.00
  11 2145   31.43   23.77   10.16    3.85    6.07    0.02
  19 2145   31.62   23.91    4.06    4.10    5.81   -0.11
  21 2145   31.79   23.85    4.57    3.32    7.27    0.07
  23 2145   31.02   23.67    0.25    3.89    6.89    0.09
   5 2215   30.51   23.07    2.03    4.13    4.57    0.05
   7 2215   31.16   23.47    6.60    3.39    6.01    0.09
   3 2215   31.17   23.69    3.30    4.57    4.78   -0.21
  31 2215   31.69   23.76    0.00    3.73    5.38    0.48
  27 2215  -99.00  -99.00  -99.00  -99.00  -99.00  -99.00
  17 2215  -99.00  -99.00  -99.00  -99.00  -99.00  -99.00
  11 2215   31.07   23.25   10.16    3.85    6.69   -0.05
  19 2215   31.33   23.43    4.06    4.24    5.01   -0.09
  21 2215   31.77   23.91    4.57    3.39    5.66    0.05
  23 2215   31.34   23.91    0.25    3.51    5.77    0.08
   5 2245   29.77   22.62    2.03    3.49    4.29    0.02
   7 2245   30.33   23.15    6.60    2.43    4.24    0.05
   3 2245   30.22   23.14    3.30    3.93    3.65   -0.13
  31 2245   30.73   23.38    0.00    3.49    3.05    0.45
  27 2245   31.17   23.32    0.00    2.99    4.05    0.94
  17 2245   29.78   22.86    7.37    2.79    2.29    0.08
  11 2245   30.11   23.24   10.16    2.73    3.78   -0.01
  19 2245   30.17   23.63    4.06    2.19    2.15   -0.01
  21 2245   30.80   23.42    4.57    2.70    5.16    0.01
  23 2245   30.63   23.58    0.25    3.57    4.57    0.03
   5 2315   28.40   22.65    2.03    1.89    2.24   -0.01
   7 2315   29.33   23.14    6.60    1.34    2.84   -0.04
   3 2315  -99.00  -99.00  -99.00  -99.00  -99.00  -99.00
  31 2315  -99.00  -99.00  -99.00  -99.00  -99.00  -99.00
  27 2315  -99.00  -99.00  -99.00  -99.00  -99.00  -99.00
  17 2315   28.89   22.91    7.37    1.73    1.51    0.05
  11 2315   29.10   22.83   10.16    2.03    2.69    0.01
  19 2315   29.82   22.95    4.06    2.35    3.11   -0.08
  21 2315   30.24   22.91    4.57    2.54    4.71    0.02
  23 2315   29.58   23.01    0.25    2.64    3.60    0.03
   5 2345   27.71   22.77    2.03    0.51    1.41    0.00
   7 2345   28.52   23.22    6.60    0.53    2.21   -0.07
   3 2345   28.20   23.20    3.30    0.53    1.59   -0.04
  31 2345   28.37   23.50    0.00    0.43    0.75    0.04
  27 2345   29.54   23.04    0.00    0.73    2.29    0.25
  17 2345   28.32   22.73    7.37    0.80    1.54    0.07
  11 2345   28.61   22.43   10.16    1.43    3.37   -0.01
  19 2345   29.33   22.80    4.06    1.35    3.03   -0.07
  21 2345   29.50   22.71    4.57    1.64    3.66    0.05
  23 2345   28.77   22.76    0.25    1.39    3.06    0.05
