   5   15   26.98   22.61    2.03    1.40    0.63   -0.02
   7   15   28.12   22.89    6.60    1.00    0.65    0.13
   3   15   27.28   23.05    3.30    1.28    0.48    0.00
  31   15   27.85   23.01    0.00    1.50    0.83    0.18
  27   15   29.01   22.81    0.00    0.76    1.81    0.26
  17   15   27.77   22.43    7.37    1.83    0.08   -0.01
  11   15   28.17   22.08   10.16    1.47    2.48   -0.01
  19   15   29.19   22.31    4.06    1.84    2.36   -0.05
  21   15   28.75   22.67    4.57    1.01    2.79    0.03
  23   15   27.58   22.71    0.25    0.76    2.01    0.03
   5   45   25.29   21.55    2.03    3.61   -1.47   -0.07
   7   45   26.70   22.06    6.60    2.15   -1.78    0.49
   3   45   25.94   22.24    3.30    2.73   -1.00    0.05
  31   45   26.46   22.80    0.00    1.77   -1.22    0.23
  27   45   27.45   22.62    0.00    1.52   -0.17    0.33
  17   45   26.28   21.73    7.37    4.04   -1.81   -0.08
  11   45   27.00   22.23   10.16    2.67   -0.73    0.09
  19   45   26.92   22.27    4.06    4.01   -2.45    0.25
  21   45   27.90   22.69    4.57    0.49    3.05    0.00
  23   45   26.81   22.56    0.25    0.18    1.98    0.06
   5  115   21.19   19.70    6.86    6.72   -0.85   -0.11
   7  115   21.62   20.01    6.60    4.29   -2.58    0.93
   3  115   21.91   20.21   10.41    6.64   -1.71    0.10
  31  115   22.48   20.61   10.41    7.80   -1.81    0.93
  27  115   23.85   21.24    3.56    7.29   -2.65    1.80
  17  115   21.29   19.77   17.27    6.05   -3.24   -0.12
  11  115  -99.00  -99.00  -99.00  -99.00  -99.00  -99.00
  19  115  -99.00  -99.00  -99.00  -99.00  -99.00  -99.00
  21  115  -99.00  -99.00  -99.00  -99.00  -99.00  -99.00
  23  115   24.78   21.26    0.25    6.27   -2.73   -0.25
   5  145   20.98   19.69    9.91    5.69    1.11   -0.11
   7  145   21.53   20.27    6.60    2.58    0.63    0.35
   3  145   21.23   20.22   11.18    4.24    0.61   -0.05
  31  145   21.51   20.43   12.45    4.43   -0.16    0.46
  27  145   21.57   20.53    9.40    5.23   -1.78    1.22
  17  145   20.62   19.86   21.84    4.88    0.05    0.02
  11  145   20.86   20.23   17.53    4.86   -0.97    0.14
  19  145   21.26   20.27    9.40    6.86   -0.99    0.23
  21  145   21.48   20.39    4.57    5.52   -1.71    0.13
  23  145   21.04   20.28    0.25    5.09   -1.57   -0.19
   5  215  -99.00  -99.00   16.00    2.51    2.87   -0.02
   7  215   20.42   19.65    6.60    1.64    3.16    0.01
   3  215   20.38   19.68   17.78    3.25    2.63   -0.09
  31  215   20.65   19.91   18.03    3.61    1.47    0.35
  27  215   21.06   20.03   12.19    4.19    1.51    1.14
  17  215  -99.00  -99.00   27.94    1.90    1.97    0.05
  11  215   20.30   19.64   24.89    4.80    2.43    0.05
  19  215   20.53   19.88   18.03    2.85    2.05   -0.01
  21  215   20.31   19.70   15.75    5.67    1.09    0.07
  23  215   20.43   19.71    4.83    5.59    0.46   -0.19
   5  245  -99.00  -99.00   16.26   -0.62    4.59    0.16
   7  245   20.54   19.95    6.60   -0.73    3.30   -0.29
   3  245   20.71   19.96   18.03   -0.29    4.39   -0.12
  31  245   20.82   20.14   18.54    0.89    3.76    0.09
  27  245   20.89   20.08   12.70    0.32    3.37    0.25
  17  245  -99.00  -99.00   27.94   -1.65    1.75    0.13
  11  245   20.49   19.97   25.40    0.26    3.37   -0.03
  19  245   20.66   20.15   18.29    0.05    2.06   -0.05
  21  245   20.98   20.63   17.27    0.22    1.30    0.02
  23  245   20.48   19.97    8.89    1.52    1.64    0.00
   5  315  -99.00  -99.00   16.51   -0.53    3.38    0.13
   7  315   20.94   20.43    6.60   -1.33    3.48   -0.45
   3  315   21.33   20.58   18.03   -0.85    3.87   -0.11
  31  315   21.35   20.73   18.54    0.31    2.41    0.03
  27  315   21.22   20.56   15.24   -0.28    1.80    0.09
  17  315  -99.00  -99.00   28.19   -0.63    1.22    0.07
  11  315   20.77   20.31   25.40   -0.48    1.82   -0.02
  19  315   20.74   20.33   18.29   -0.20    1.55   -0.06
  21  315   21.59   21.21   17.27    0.56    0.70    0.00
  23  315   21.20   20.54    9.14    0.01    0.42    0.00
   5  345  -99.00  -99.00   18.54    2.86    3.47    0.01
   7  345   21.20   20.70    6.60    1.26    2.86   -0.03
   3  345   21.23   20.69   19.81    2.53    3.05   -0.07
  31  345   21.38   20.85   20.57    2.20    2.76    0.26
  27  345   21.35   20.83   17.02    1.31    2.67    0.47
  17  345  -99.00  -99.00   30.23    2.12    1.93    0.08
  11  345   21.01   20.63   27.69    1.83    2.40    0.01
  19  345   21.87   21.01   19.56    2.74    3.79   -0.11
  21  345   21.85   20.97   18.03    3.29    6.15    0.07
  23  345   21.72   21.00   10.41    3.21    4.00    0.01
   5  415  -99.00  -99.00   19.81    2.21    4.16    0.05
   7  415   21.24   20.71    6.60    1.71    4.31   -0.02
   3  415   21.15   20.68   21.34    2.33    3.45   -0.09
  31  415   21.28   20.79   21.84    2.21    3.05    0.27
  27  415   21.66   20.88   18.03    1.37    3.66    0.55
  17  415  -99.00  -99.00   31.75    1.74    2.47    0.11
  11  415   20.98   20.40   28.45    2.64    3.95   -0.04
  19  415   21.18   20.53   20.57    2.46    4.37   -0.13
  21  415   21.00   20.40   18.54    1.89    3.92    0.01
  23  415   21.02   20.39   11.18    2.70    3.80    0.04
   5  445  -99.00  -99.00   20.57    2.35    3.85    0.02
   7  445   20.93   20.56    6.60    0.94    3.08   -0.04
   3  445   20.89   20.50   22.10    2.39    3.51   -0.10
  31  445   21.02   20.63   22.61    2.19    2.94    0.25
  27  445   21.17   20.55   18.54    1.11    2.17    0.38
  17  445  -99.00  -99.00   32.26    1.05    2.28    0.09
  11  445   20.63   20.28   29.72    1.83    2.97   -0.02
  19  445   21.02   20.59   21.08    1.00    3.29   -0.08
  21  445  -99.00  -99.00  -99.00  -99.00  -99.00  -99.00
  23  445   21.01   20.55   11.68    2.39    3.47    0.01
   5  515  -99.00  -99.00   21.34    1.26    3.11    0.04
   7  515   20.87   20.60    6.60    0.32    2.63   -0.11
   3  515   20.86   20.53   22.61    1.46    3.09   -0.10
  31  515  -99.00  -99.00  -99.00  -99.00  -99.00  -99.00
  27  515   21.12   20.64   19.30    0.67    2.19    0.28
  17  515  -99.00  -99.00   32.77    0.51    1.65    0.08
  11  515   20.77   20.48   30.23    1.15    2.48    0.00
  19  515   21.17   20.78   21.59    0.55    2.94   -0.09
  21  515  -99.00  -99.00  -99.00  -99.00  -99.00  -99.00
  23  515   21.27   20.78   12.70    1.85    2.71    0.05
   5  545  -99.00  -99.00   22.61    2.23    3.94    0.04
   7  545   21.10   20.70    6.60    0.95    3.47   -0.10
   3  545   21.07   20.63   23.88    2.29    3.53   -0.11
  31  545  -99.00  -99.00  -99.00  -99.00  -99.00  -99.00
  27  545   21.24   20.76   20.07    0.09    1.63    0.08
  17  545  -99.00  -99.00   34.04    1.13    1.59    0.07
  11  545   20.91   20.54   31.24    1.51    2.26    0.00
  19  545   21.31   20.80   22.10    1.28    2.25   -0.04
  21  545  -99.00  -99.00  -99.00  -99.00  -99.00  -99.00
  23  545   21.34   20.71   12.95    1.47    2.74    0.04
   5  615  -99.00  -99.00   23.37    1.86    4.13    0.08
   7  615   21.13   20.73    6.60    0.31    3.92   -0.24
   3  615   21.11   20.65   24.38    1.63    3.78   -0.11
  31  615  -99.00  -99.00  -99.00  -99.00  -99.00  -99.00
  27  615  -99.00  -99.00  -99.00  -99.00  -99.00  -99.00
  17  615  -99.00  -99.00   34.54    1.17    2.29    0.11
  11  615   20.90   20.52   31.50    1.07    2.59   -0.01
  19  615   21.20   20.77   22.10    0.44    2.01   -0.06
  21  615  -99.00  -99.00  -99.00  -99.00  -99.00  -99.00
  23  615   21.00   20.69   13.21    0.69    2.19    0.05
   5  645  -99.00  -99.00   24.64    1.54    4.57    0.07
   7  645  -99.00  -99.00  -99.00  -99.00  -99.00  -99.00
   3  645   21.10   20.65   25.65    1.57    4.19   -0.13
  31  645  -99.00  -99.00  -99.00  -99.00  -99.00  -99.00
  27  645  -99.00  -99.00  -99.00  -99.00  -99.00  -99.00
  17  645  -99.00  -99.00   36.07    0.37    2.95    0.15
  11  645   20.89   20.58   32.77    0.81    3.68   -0.03
  19  645   21.19   20.81   22.35   -0.13    3.05   -0.08
  21  645   21.10   20.72   22.35    0.85    2.38    0.01
  23  645   20.93   20.63   14.48    1.40    3.24    0.04
   5  715  -99.00  -99.00  -99.00  -99.00  -99.00  -99.00
   7  715   20.89   20.43    6.60    1.51    6.27   -0.14
   3  715   20.96   20.46   27.69    2.58    5.93   -0.19
  31  715  -99.00  -99.00  -99.00  -99.00  -99.00  -99.00
  27  715  -99.00  -99.00  -99.00  -99.00  -99.00  -99.00
  17  715  -99.00  -99.00   38.35    1.45    5.21    0.26
  11  715   20.67   20.20   34.29    2.18    6.47   -0.06
  19  715   20.80   20.18   22.35    1.63    6.49   -0.15
  21  715   20.55   20.04   26.16    1.99    4.99    0.09
  23  715  -99.00  -99.00  -99.00  -99.00  -99.00  -99.00
   5  745  -99.00  -99.00   28.45    2.66    7.17    0.13
   7  745   20.16   19.66    6.60    1.37    6.05   -0.19
   3  745   20.17   19.63   29.46    2.71    6.00   -0.17
  31  745  -99.00  -99.00  -99.00  -99.00  -99.00  -99.00
  27  745  -99.00  -99.00  -99.00  -99.00  -99.00  -99.00
  17  745  -99.00  -99.00   40.13    1.70    4.15    0.20
  11  745   19.98   19.47   36.32    2.26    4.99   -0.03
  19  745   20.27   19.65   22.35    1.80    3.96   -0.11
  21  745  -99.00  -99.00  -99.00  -99.00  -99.00  -99.00
  23  745   19.93   19.43   19.56    2.43    4.43    0.05
   5  815  -99.00  -99.00   30.23    1.89    5.02    0.06
   7  815   20.15   19.69    6.60    0.46    4.21   -0.21
   3  815   20.15   19.64   31.24    1.88    4.33   -0.12
  31  815  -99.00  -99.00  -99.00  -99.00  -99.00  -99.00
  27  815  -99.00  -99.00  -99.00  -99.00  -99.00  -99.00
  17  815  -99.00  -99.00   42.16    1.17    2.89    0.13
  11  815   19.88   19.48   38.35    1.21    3.55    0.00
  19  815   20.29   19.76   22.35    0.83    2.82   -0.07
  21  815  -99.00  -99.00  -99.00  -99.00  -99.00  -99.00
  23  815   20.01   19.61   21.59    1.47    2.15    0.02
   5  845  -99.00  -99.00  -99.00  -99.00  -99.00  -99.00
   7  845   20.14   19.76    6.60    0.84    3.65   -0.12
   3  845   20.12   19.70   33.27    2.27    3.83   -0.11
  31  845  -99.00  -99.00  -99.00  -99.00  -99.00  -99.00
  27  845  -99.00  -99.00  -99.00  -99.00  -99.00  -99.00
  17  845  -99.00  -99.00   44.20    1.01    1.75    0.08
  11  845   19.93   19.57   40.13    2.09    2.57   -0.01
  19  845   20.26   19.82   22.35    1.51    2.27   -0.01
  21  845  -99.00  -99.00  -99.00  -99.00  -99.00  -99.00
  23  845   20.06   19.69   23.62    2.74    1.89   -0.04
   5  915  -99.00  -99.00  -99.00  -99.00  -99.00  -99.00
   7  915   20.34   19.99    6.60    1.90    4.27    0.01
   3  915   20.26   19.93   35.31    3.37    3.78   -0.11
  31  915  -99.00  -99.00  -99.00  -99.00  -99.00  -99.00
  27  915  -99.00  -99.00  -99.00  -99.00  -99.00  -99.00
  17  915  -99.00  -99.00   46.48    2.75    2.05    0.05
  11  915   20.13   19.82   41.91    2.85    3.11    0.02
  19  915   20.46   20.03   22.35    2.79    2.95   -0.04
  21  915  -99.00  -99.00  -99.00  -99.00  -99.00  -99.00
  23  915   20.14   19.86   24.89    2.77    2.65   -0.01
   5  945  -99.00  -99.00  -99.00  -99.00  -99.00  -99.00
   7  945   20.49   20.17    6.60    2.21    4.03    0.05
   3  945   20.44   20.15   37.85    3.86    3.61   -0.10
  31  945  -99.00  -99.00  -99.00  -99.00  -99.00  -99.00
  27  945  -99.00  -99.00  -99.00  -99.00  -99.00  -99.00
  17  945  -99.00  -99.00   49.28    3.46    2.50    0.04
  11  945   20.26   20.00   43.94    3.39    3.26    0.02
  19  945   20.57   20.20   22.35    2.83    3.13   -0.06
  21  945  -99.00  -99.00  -99.00  -99.00  -99.00  -99.00
  23  945   20.37   20.12   26.16    3.05    2.85   -0.03
   5 1015  -99.00  -99.00  -99.00  -99.00  -99.00  -99.00
   7 1015   20.44   20.12    6.60    1.65    3.02    0.01
   3 1015   20.36   20.07   40.89    2.73    2.59   -0.06
  31 1015  -99.00  -99.00  -99.00  -99.00  -99.00  -99.00
  27 1015   20.61   20.22    7.87    1.37    1.43    0.41
  17 1015  -99.00  -99.00   51.82    2.20    1.32    0.07
  11 1015   20.21   19.95   46.74    2.97    1.77    0.02
  19 1015   20.58   20.16   22.35    3.05    1.69    0.02
  21 1015  -99.00  -99.00  -99.00  -99.00  -99.00  -99.00
  23 1015   20.38   20.07   28.19    3.54    1.18   -0.11
   5 1045  -99.00  -99.00  -99.00  -99.00  -99.00  -99.00
   7 1045   20.44   20.16    6.60    1.80    2.09    0.09
   3 1045   20.38   20.09   42.16    3.78    2.51   -0.08
  31 1045  -99.00  -99.00  -99.00  -99.00  -99.00  -99.00
  27 1045   20.60   20.17    8.64    0.96    1.93    0.35
  17 1045  -99.00  -99.00   53.09    3.29    1.42    0.03
  11 1045   20.25   20.01    0.25    2.53    2.13    0.04
  19 1045   20.64   20.26   22.35    2.68    2.09   -0.01
  21 1045  -99.00  -99.00  -99.00  -99.00  -99.00  -99.00
  23 1045   20.30   20.02   28.70    2.37    2.18    0.00
   5 1115  -99.00  -99.00  -99.00  -99.00  -99.00  -99.00
   7 1115   19.93   19.68    6.60    1.66    0.56    0.27
   3 1115   20.06   19.82   42.67    2.82    1.03   -0.02
  31 1115  -99.00  -99.00  -99.00  -99.00  -99.00  -99.00
  27 1115   20.67   20.20    9.14    1.13    2.07    0.37
  17 1115  -99.00  -99.00   53.59    2.02   -0.48   -0.04
  11 1115   20.29   20.06    1.02    1.88    1.73    0.03
  19 1115   20.64   20.30   22.35    1.56    1.30   -0.01
  21 1115  -99.00  -99.00  -99.00  -99.00  -99.00  -99.00
  23 1115   20.34   20.09   29.46    1.68    1.49   -0.01
   5 1145  -99.00  -99.00  -99.00  -99.00  -99.00  -99.00
   7 1145   17.24   17.10    6.60    1.58   -3.35    0.63
   3 1145   17.28   17.12   42.67    2.34   -2.25    0.15
  31 1145  -99.00  -99.00  -99.00  -99.00  -99.00  -99.00
  27 1145   19.05   18.76    9.40    1.95   -1.39    0.49
  17 1145  -99.00  -99.00   53.85    2.94   -2.61   -0.10
  11 1145   18.28   18.15    1.27    2.90   -1.75    0.17
  19 1145   17.93   17.70   22.35    3.15   -3.16    0.30
  21 1145  -99.00  -99.00  -99.00  -99.00  -99.00  -99.00
  23 1145   20.38   20.15   29.97    2.41    1.95   -0.03
   5 1215  -99.00  -99.00  -99.00  -99.00  -99.00  -99.00
   7 1215   16.26   16.08    6.60    1.21   -4.15    0.59
   3 1215   16.42   16.29   42.67    1.45   -2.49    0.17
  31 1215  -99.00  -99.00  -99.00  -99.00  -99.00  -99.00
  27 1215   16.96   16.61    9.40    2.17   -3.19    0.38
  17 1215  -99.00  -99.00   53.85    2.43   -3.21   -0.11
  11 1215   16.48   16.37    1.52    2.87   -2.91    0.15
  19 1215   16.69   16.43   22.35    2.50   -3.33    0.26
  21 1215  -99.00  -99.00  -99.00  -99.00  -99.00  -99.00
  23 1215   17.63   17.49   29.97    3.13   -2.88   -0.12
   5 1245  -99.00  -99.00   41.91    2.14   -2.58   -0.01
   7 1245   15.83   15.64    6.60    1.37   -3.53    0.59
   3 1245   15.94   15.80   42.67    1.65   -2.43    0.14
  31 1245   16.13   15.91   18.03    2.12   -3.27    0.27
  27 1245   16.28   15.90    9.40    1.29   -2.89    0.21
  17 1245  -99.00  -99.00   53.85    2.11   -2.79   -0.07
  11 1245   15.96   15.87    1.52    2.49   -2.72    0.17
  19 1245   16.14   15.83   22.35    2.17   -3.15    0.24
  21 1245   16.33   16.18   37.34    3.25   -2.26    0.15
  23 1245   16.51   16.38   30.23    2.71   -3.39   -0.13
   5 1315  -99.00  -99.00   41.91    1.41   -3.14   -0.01
   7 1315   15.77   15.46    6.60    0.75   -3.76    0.49
   3 1315   15.81   15.57   42.67    1.05   -2.38    0.16
  31 1315  -99.00  -99.00  -99.00  -99.00  -99.00  -99.00
  27 1315   16.02   15.55    9.40    0.67   -2.56    0.06
  17 1315  -99.00  -99.00  -99.00  -99.00  -99.00  -99.00
  11 1315   15.80   15.69    1.52    1.53   -2.43    0.13
  19 1315   15.99   15.68   22.35    1.60   -2.37    0.21
  21 1315   16.09   15.93   37.34    2.13   -2.02    0.15
  23 1315   16.05   15.91   30.23    1.48   -3.50   -0.07
   5 1345  -99.00  -99.00   41.91    1.96   -3.78   -0.04
   7 1345   15.55   15.30    6.60    1.41   -4.17    0.66
   3 1345   15.60   15.30   42.67    2.06   -3.47    0.24
  31 1345   15.84   15.49   18.03    2.15   -3.77    0.27
  27 1345   15.86   15.42    9.40    1.43   -3.73    0.16
  17 1345  -99.00  -99.00   53.85    2.83   -3.66   -0.15
  11 1345   15.59   15.37    1.52    2.28   -3.91    0.21
  19 1345   15.70   15.34   22.35    2.73   -4.18    0.29
  21 1345   16.01   15.79   37.34    2.60   -2.80    0.15
  23 1345   16.10   15.94   30.23    1.31   -3.42   -0.05
   5 1415  -99.00  -99.00   42.42    2.16   -3.77   -0.03
   7 1415   15.06   14.68    6.60    1.44   -4.79    0.73
   3 1415   15.09   14.75   42.93    2.19   -3.64    0.23
  31 1415   15.47   16.73   18.03    1.63   -4.40    0.24
  27 1415   15.43   14.82    9.40    1.99   -4.22    0.27
  17 1415  -99.00  -99.00   54.10    2.73   -3.55   -0.15
  11 1415   15.09   14.83    1.52    2.78   -3.93    0.23
  19 1415   15.37   14.92   22.35    2.74   -3.73    0.28
  21 1415   15.37   15.09   37.34    3.64   -2.69    0.18
  23 1415   15.57   15.35   30.23    2.37   -3.72   -0.15
   5 1445  -99.00  -99.00   43.18    1.10   -4.23    0.01
   7 1445   14.85   14.58    6.60    0.61   -4.43    0.57
   3 1445   14.86   14.56   43.94    1.21   -3.83    0.25
  31 1445   15.11   14.74   18.80    1.53   -3.78    0.27
  27 1445   15.12   14.64   10.16    1.26   -3.46    0.13
  17 1445  -99.00  -99.00   54.61    1.89   -3.48   -0.10
  11 1445   14.80   14.50    1.78    2.12   -4.09    0.21
  19 1445   14.95   14.62   22.35    2.83   -3.86    0.29
  21 1445   15.26   14.89   37.59    2.87   -3.18    0.17
  23 1445   15.15   14.77   30.23    1.80   -4.45   -0.07
   5 1515  -99.00  -99.00   43.18    1.02   -3.10    0.03
   7 1515   14.97   14.69    6.60    1.03   -3.89    0.57
   3 1515   15.07   14.72   43.94    0.86   -3.55    0.23
  31 1515   15.29   14.85   19.05    0.95   -4.05    0.17
  27 1515   15.09   14.57   10.16    1.62   -3.66    0.21
  17 1515  -99.00  -99.00   54.61    2.07   -3.51   -0.11
  11 1515   14.76   14.42    1.78    1.09   -4.41    0.20
  19 1515   15.12   14.72   22.35    1.83   -3.47    0.26
  21 1515   15.33   14.97   37.85    2.25   -4.26    0.21
  23 1515   15.12   14.79   30.73    1.77   -4.47   -0.09
   5 1545  -99.00  -99.00   43.43    1.79   -2.67    0.00
   7 1545   15.00   14.61    6.60    1.22   -3.63    0.57
   3 1545   15.08   14.76   43.94    1.64   -2.59    0.15
  31 1545   15.33   14.96   19.05    1.29   -2.67    0.19
  27 1545   15.30   14.64   10.16    1.76   -3.95    0.20
  17 1545  -99.00  -99.00   54.61    2.09   -3.31   -0.14
  11 1545   14.88   14.52    1.78    1.91   -3.69    0.19
  19 1545   15.33   14.81   22.35    2.09   -3.71    0.26
  21 1545   15.19   14.78   37.85    2.58   -2.98    0.17
  23 1545   15.17   14.71   30.99    1.87   -4.81   -0.09
   5 1615  -99.00  -99.00   43.43    1.80   -2.95    0.01
   7 1615   15.16   14.73    6.60    1.38   -3.71    0.62
   3 1615   15.28   14.92   44.20    1.41   -2.99    0.19
  31 1615   15.35   14.94   19.05    2.33   -2.80    0.29
  27 1615   15.35   14.54   10.41    1.43   -3.84    0.16
  17 1615  -99.00  -99.00   54.61    2.22   -3.67   -0.11
  11 1615   15.02   14.66    2.03    1.93   -3.36    0.20
  19 1615   15.41   14.85   22.35    2.47   -3.41    0.23
  21 1615   15.25   14.77   37.85    2.78   -2.96    0.17
  23 1615   15.42   14.94   30.99    1.38   -3.94   -0.05
   5 1645  -99.00  -99.00   43.43    2.27   -2.75    0.00
   7 1645   15.10   14.63    6.60    1.31   -3.73    0.61
   3 1645   15.16   14.79   44.20    2.32   -2.74    0.17
  31 1645   15.49   14.97   19.05    1.80   -3.29    0.26
  27 1645    7.60   19.40   10.41    1.59   -3.51    0.20
  17 1645  -99.00  -99.00   54.61    2.26   -3.14   -0.09
  11 1645   15.05   14.69    2.03    2.27   -3.09    0.17
  19 1645   15.36   14.77   22.35    2.63   -3.33    0.27
  21 1645   15.55   14.99   37.85    2.89   -2.82    0.17
  23 1645   15.48   15.06   30.99    2.21   -3.15   -0.09
   5 1715  -99.00  -99.00   43.43    2.09   -3.42   -0.02
   7 1715   14.90   14.55    6.60    1.41   -4.19    0.63
   3 1715   14.96   14.68   44.20    2.33   -3.03    0.19
  31 1715   15.25   14.93   19.05    2.33   -2.73    0.29
  27 1715   12.55   12.92   10.41    0.81   -3.79   -0.03
  17 1715  -99.00  -99.00   54.61    1.71   -3.72   -0.14
  11 1715   14.90   14.63    2.03    2.35   -3.06    0.20
  19 1715   15.24   14.79   22.35    2.04   -3.42    0.28
  21 1715   15.34   14.92   37.85    2.85   -2.75    0.19
  23 1715   15.43   14.93   30.99    2.34   -4.25   -0.11
   5 1745  -99.00  -99.00   43.43    0.95   -3.70   -0.02
   7 1745   15.31   14.80    6.60    1.19   -4.11    0.61
   3 1745   15.30   14.87   44.20    0.92   -3.30    0.21
  31 1745   15.41   14.95   19.05    1.99   -3.57    0.24
  27 1745   11.63   15.21   10.41    1.93   -3.47    0.28
  17 1745  -99.00  -99.00   54.61    1.92   -3.47   -0.11
  11 1745   14.93   14.57    2.03    2.10   -4.11    0.23
  19 1745   15.38   14.78   22.35    2.01   -3.57    0.24
  21 1745   15.23   14.82   37.85    2.81   -3.33    0.17
  23 1745   15.29   14.92   30.99    1.77   -3.95   -0.08
   5 1815  -99.00  -99.00   43.43    1.53   -3.32   -0.02
   7 1815   15.42   14.79    6.60    1.17   -4.44    0.65
   3 1815   15.51   14.96   44.20    1.33   -3.09    0.23
  31 1815   15.70   15.06   19.30    0.88   -4.04    0.13
  27 1815    6.78    4.09   10.41    1.74   -3.93    0.21
  17 1815  -99.00  -99.00   54.61    1.93   -3.85   -0.12
  11 1815   15.27   14.67    2.03    1.29   -4.65    0.23
  19 1815   15.62   14.91   22.35    1.79   -3.77    0.28
  21 1815   15.47   14.85   37.85    2.75   -3.31    0.19
  23 1815   15.35   14.88   30.99    1.57   -4.41   -0.09
   5 1845  -99.00  -99.00   43.43    1.13   -4.08    0.01
   7 1845   15.75   14.93    6.60    1.11   -4.39    0.63
   3 1845   15.92   15.19   44.20    0.80   -3.52    0.28
  31 1845   16.08   15.28   19.30    1.23   -3.58    0.18
  27 1845    8.32   11.15   10.41    1.24   -3.71    0.10
  17 1845  -99.00  -99.00   54.61    1.18   -3.69   -0.13
  11 1845   15.42   14.77    2.03    1.77   -3.75    0.21
  19 1845   15.85   14.91   22.35    1.16   -3.72    0.21
  21 1845   15.52   14.90   37.85    2.12   -2.87    0.17
  23 1845   15.44   14.81   30.99    1.15   -3.93   -0.06
   5 1915  -99.00  -99.00   43.43    1.37   -3.39   -0.01
   7 1915   15.77   14.89    6.60    0.97   -4.11    0.55
   3 1915   15.88   15.08   44.20    1.33   -3.09    0.19
  31 1915   16.28   15.31   19.30    1.04   -3.45    0.17
  27 1915   16.14    5.52   10.41    0.89   -3.61    0.09
  17 1915  -99.00  -99.00   54.61    1.31   -3.30   -0.09
  11 1915   15.73   14.92    2.03    1.01   -3.89    0.17
  19 1915   16.13   15.11   22.35    1.63   -3.74    0.24
  21 1915   16.07   15.23   37.85    1.75   -3.26    0.19
  23 1915   15.84   15.06   30.99    1.23   -4.24   -0.08
   5 1945  -99.00  -99.00   43.43    1.68   -3.63   -0.02
   7 1945   16.02   15.01    6.60    1.00   -4.64    0.63
   3 1945   16.05   15.08   44.20    1.06   -4.03    0.25
  31 1945   16.61   15.41   19.30    1.44   -4.17    0.23
  27 1945   16.08    5.65   10.41    1.42   -4.19    0.13
  17 1945  -99.00  -99.00   54.61    1.80   -3.72   -0.12
  11 1945   16.00   15.05    2.03    1.79   -4.45    0.23
  19 1945   16.33   15.23   22.35    1.97   -4.05    0.31
  21 1945   16.14   15.20   37.85    2.58   -3.57    0.21
  23 1945   16.45   15.38   30.99    1.75   -4.55   -0.10
   5 2015  -99.00  -99.00   43.43    1.59   -4.05   -0.04
   7 2015   16.18   15.09    6.60    0.83   -4.61    0.64
   3 2015   16.16   15.13   44.20    1.47   -3.75    0.25
  31 2015   16.29   15.27   19.30    1.87   -3.23    0.25
  27 2015   23.93   13.02   10.41    1.31   -3.93    0.16
  17 2015  -99.00  -99.00   54.61    1.45   -4.20   -0.14
  11 2015   15.90   14.98    2.03    1.87   -4.02    0.25
  19 2015   16.43   15.15   22.35    1.53   -4.01    0.25
  21 2015   16.16   15.15   37.85    2.72   -3.83    0.19
  23 2015   16.37   15.18   30.99    1.27   -4.38   -0.06
   5 2045  -99.00  -99.00   43.43    1.87   -3.89   -0.01
   7 2045   16.36   15.19    6.60    1.44   -4.95    0.73
   3 2045   16.49   15.33   44.20    1.40   -4.07    0.22
  31 2045   17.03   15.61   19.30    1.80   -4.13    0.28
  27 2045   24.02    6.34   10.41    1.25   -4.53    0.07
  17 2045  -99.00  -99.00   54.61    1.99   -4.07   -0.11
  11 2045   16.53   15.28    2.03    1.25   -5.15    0.25
  19 2045   16.50   15.23   22.35    1.70   -4.73    0.30
  21 2045   16.49   15.33   37.85    2.30   -5.46    0.17
  23 2045   16.77   15.45   30.99    2.11   -4.89   -0.10
   5 2115  -99.00  -99.00   43.43    1.25   -4.75   -0.01
   7 2115   16.54   15.26    6.60    0.57   -5.59    0.65
   3 2115   16.50   15.33   44.20    1.33   -4.23    0.27
  31 2115   16.88   15.61   19.30    2.03   -4.04    0.27
  27 2115   18.58   10.13   10.41    0.96   -5.13    0.01
  17 2115  -99.00  -99.00   54.61    1.25   -4.49   -0.09
  11 2115   16.24   15.14    2.03    1.71   -4.95    0.27
  19 2115   16.68   15.29   22.35    1.21   -4.76    0.33
  21 2115   16.44   15.29   37.85    2.87   -5.64    0.21
  23 2115   17.04   15.47   30.99    1.71   -5.73   -0.06
   5 2145  -99.00  -99.00   43.43    0.18   -4.82    0.03
   7 2145   17.05   15.54    6.60   -0.12   -5.21    0.55
   3 2145   17.09   15.62   44.20   -0.23   -4.57    0.34
  31 2145   17.23   15.61   19.30    0.45   -4.75    0.11
  27 2145    9.71   13.43   10.41    1.52   -4.87    0.13
  17 2145  -99.00  -99.00   54.61    1.43   -4.27   -0.13
  11 2145   16.64   15.24    2.03    0.89   -5.57    0.29
  19 2145   16.91   15.51   22.35    1.35   -4.11    0.26
  21 2145   16.71   15.43   37.85    1.98   -5.35    0.20
  23 2145   16.93   15.45   30.99    0.86   -5.23   -0.03
   5 2215  -99.00  -99.00   43.43    0.26   -4.28    0.04
   7 2215   17.11   15.55    6.60   -0.11   -5.03    0.54
   3 2215   17.16   15.62   44.20   -0.30   -4.43    0.32
  31 2215   17.46   15.78   19.30    0.41   -4.29    0.14
  27 2215   12.76    5.51   10.41    0.73   -4.36    0.00
  17 2215  -99.00  -99.00   54.61    0.10   -3.73   -0.09
  11 2215   16.87   15.32    2.03   -0.03   -5.11    0.27
  19 2215   17.02   15.51   22.35    0.57   -4.08    0.24
  21 2215   17.01   15.46   37.85    0.63   -5.08    0.18
  23 2215   16.88   15.42   30.99    0.60   -4.64   -0.01
   5 2245  -99.00  -99.00   43.43    0.37   -4.62    0.04
   7 2245   17.21   15.61    6.60    0.29   -5.14    0.58
   3 2245   17.25   15.72   44.20    0.47   -4.43    0.33
  31 2245   17.61   15.87   19.30    0.81   -4.55    0.14
  27 2245    1.47   11.06   10.41   -0.31   -4.96   -0.25
  17 2245  -99.00  -99.00   54.61    0.75   -4.41   -0.13
  11 2245   17.10   15.48    2.03    0.07   -4.81    0.22
  19 2245   17.26   15.70   22.35    0.69   -3.87    0.23
  21 2245   17.21   15.67   37.85    0.51   -3.60    0.18
  23 2245   17.04   15.59   30.99   -0.13   -3.75    0.03
   5 2315  -99.00  -99.00   43.43   -0.85   -4.80    0.07
   7 2315   16.97   15.32    6.60   -0.62   -5.07    0.47
   3 2315   16.94   15.36   44.20   -1.13   -4.33    0.33
  31 2315   17.22   15.56   19.30   -0.02   -4.19    0.08
  27 2315    4.39   10.19   10.41    0.22   -4.23   -0.11
  17 2315  -99.00  -99.00   54.61    0.29   -3.63   -0.09
  11 2315   16.79   15.29    2.03    0.13   -5.11    0.22
  19 2315   17.14   15.58   22.35    0.30   -3.54    0.26
  21 2315   17.08   15.59   37.85    1.05   -4.09    0.21
  23 2315   16.92   15.41   30.99   -0.38   -4.61    0.01
   5 2345  -99.00  -99.00   43.43    0.43   -3.63    0.06
   7 2345   16.84   15.28    6.60   -0.31   -4.02    0.39
   3 2345   16.78   15.26   44.20   -0.29   -3.95    0.27
  31 2345   17.04   15.42   19.30   -0.10   -3.67    0.06
  27 2345    4.85    9.96   10.41    0.37   -3.83   -0.05
  17 2345  -99.00  -99.00   54.61    0.45   -3.55   -0.11
  11 2345   16.61   15.05    2.03   -0.47   -4.56    0.20
  19 2345   17.01   15.40   22.35    0.97   -3.87    0.23
  21 2345   16.94   15.38   37.85    0.18   -4.20    0.18
  23 2345   16.71   15.26   30.99    0.07   -3.81    0.00
