   5   15  -99.00  -99.00   43.43   -0.59   -4.27    0.03
   7   15   16.49   15.00    6.60   -0.57   -4.24    0.38
   3   15   16.43   14.95   44.20   -0.52   -4.20    0.29
  31   15   16.69   15.31   19.30    0.32   -3.05    0.09
  27   15    3.13    8.85   10.41   -0.31   -3.43   -0.13
  17   15  -99.00  -99.00   54.61   -0.27   -3.06   -0.05
  11   15   16.35   15.00    2.03    0.31   -3.75    0.16
  19   15   16.79   15.34   22.35    0.15   -3.15    0.20
  21   15   16.67   15.24   37.85   -0.24   -3.07    0.11
  23   15   16.51   15.15   30.99    0.14   -3.62    0.01
   5   45  -99.00  -99.00   43.43   -0.04   -3.86    0.04
   7   45   16.28   14.91    6.60   -0.59   -4.19    0.36
   3   45   16.22   14.84   44.20   -0.81   -3.70    0.27
  31   45   16.50   15.08   19.30    0.01   -3.49    0.06
  27   45    9.71    8.64   10.41    0.32   -3.95   -0.11
  17   45  -99.00  -99.00  -99.00  -99.00  -99.00  -99.00
  11   45   16.11   14.80    2.03    0.31   -4.27    0.17
  19   45   16.50   15.16   22.35    0.06   -2.87    0.17
  21   45   16.41   15.13   37.85    0.64   -3.09    0.14
  23   45   16.24   14.91   30.99   -0.35   -3.84    0.02
   5  115  -99.00  -99.00   43.43   -0.27   -4.31    0.04
   7  115   16.09   14.74    6.60   -0.15   -4.13    0.43
   3  115   16.07   14.77   44.20   -0.67   -3.67    0.27
  31  115   16.32   14.89   19.30    0.51   -4.03    0.12
  27  115   -2.86    8.51   10.41    0.43   -3.71   -0.09
  17  115  -99.00  -99.00   54.61   -0.03   -3.10   -0.08
  11  115   15.98   14.60    2.03    0.30   -4.91    0.24
  19  115   16.36   15.04   22.35    0.38   -2.93    0.18
  21  115   16.28   15.01   37.85    0.21   -2.92    0.13
  23  115   16.13   14.88   30.99   -0.10   -3.71    0.02
   5  145  -99.00  -99.00   43.43   -0.41   -3.92    0.07
   7  145   16.03   14.66    6.60   -0.45   -4.18    0.41
   3  145   15.97   14.66   44.20   -0.57   -3.71    0.31
  31  145   16.23   14.77   19.30    0.53   -3.61    0.11
  27  145   -7.96    8.53   10.41    0.40   -3.90   -0.04
  17  145  -99.00  -99.00   54.61    0.41   -2.95   -0.06
  11  145   15.87   14.46    2.03    0.63   -4.53    0.21
  19  145   16.19   14.87   22.35    0.73   -2.61    0.17
  21  145   16.17   14.85   37.85    1.38   -3.69    0.15
  23  145   16.00   14.90   30.99    0.57   -3.17   -0.05
   5  215  -99.00  -99.00   43.43   -1.20   -3.92    0.09
   7  215   15.87   14.47    6.60   -1.06   -4.23    0.35
   3  215   15.86   14.46   44.20   -1.37   -3.81    0.31
  31  215   16.09   14.71   19.30   -0.15   -3.35    0.04
  27  215    9.54    9.08   10.41    0.52   -4.10   -0.11
  17  215  -99.00  -99.00   54.61   -0.19   -2.88   -0.06
  11  215   15.71   14.44    2.03   -0.23   -4.07    0.19
  19  215   16.07   14.76   22.35    0.25   -2.95    0.15
  21  215   16.06   14.73   37.85    0.38   -3.15    0.15
  23  215   15.87   14.69   30.99    0.40   -3.44    0.01
   5  245  -99.00  -99.00   43.43   -0.66   -4.52    0.08
   7  245   15.78   14.40    6.60   -0.80   -4.47    0.41
   3  245   15.73   14.43   44.20   -1.01   -3.72    0.26
  31  245   15.97   14.62   19.30    0.23   -3.44    0.10
  27  245    9.54   13.94   10.41   -0.53   -4.05   -0.26
  17  245  -99.00  -99.00   54.61   -0.61   -3.61   -0.09
  11  245   15.63   14.35    2.03    0.13   -3.63    0.19
  19  245   15.99   14.63   22.35   -0.13   -2.62    0.16
  21  245   15.93   14.60   37.85   -0.21   -3.29    0.13
  23  245   15.75   14.54   30.99    0.04   -3.47    0.01
   5  315  -99.00  -99.00   43.43   -1.02   -4.23    0.07
   7  315   15.69   14.27    6.60   -1.11   -4.45    0.37
   3  315   15.64   14.25   44.20   -1.47   -4.19    0.33
  31  315   15.91   14.46   19.30   -0.32   -3.87    0.02
  27  315   10.20   13.35   10.41   -0.06   -3.90   -0.13
  17  315  -99.00  -99.00   54.61   -1.34   -3.73   -0.07
  11  315   15.47   14.23    2.03    0.00   -4.01    0.20
  19  315   15.92   14.43   22.35   -0.25   -3.64    0.19
  21  315   15.81   14.55   37.85    0.29   -3.17    0.11
  23  315   15.68   14.44   30.99   -0.41   -3.79    0.02
   5  345  -99.00  -99.00   43.43   -0.88   -4.04    0.07
   7  345   15.56   14.31    6.60   -0.97   -4.33    0.33
   3  345   15.52   14.25   44.20   -1.16   -3.73    0.27
  31  345   15.82   14.42   19.30   -0.53   -3.63    0.03
  27  345   10.05    9.74   10.41   -0.05   -4.05   -0.12
  17  345  -99.00  -99.00   54.61   -0.60   -3.15   -0.07
  11  345   15.39   14.03    2.03   -0.87   -5.06    0.20
  19  345   15.79   14.36   22.35   -0.34   -3.67    0.19
  21  345   15.62   14.38   37.85   -0.09   -4.36    0.17
  23  345   15.50   14.36   30.99   -0.31   -4.07   -0.01
   5  415  -99.00  -99.00   43.43   -0.97   -3.81    0.08
   7  415   15.45   14.18    6.60   -0.96   -4.12    0.30
   3  415   15.39   14.22   44.20   -1.20   -3.54    0.27
  31  415   15.70   14.47   19.30   -0.26   -3.24    0.01
  27  415   10.25   10.58   10.41   -0.25   -3.29   -0.15
  17  415  -99.00  -99.00   54.61   -0.99   -3.53   -0.08
  11  415   15.35   14.14    2.03   -0.33   -3.73    0.17
  19  415   15.67   14.37   22.35   -0.35   -3.07    0.17
  21  415   15.54   14.30   37.85   -0.42   -2.82    0.10
  23  415   15.44   14.32   30.99   -0.82   -3.13    0.04
   5  445  -99.00  -99.00   43.43   -0.37   -3.30    0.06
   7  445   15.32   14.18    6.60   -0.37   -3.13    0.27
   3  445   15.28   14.19   44.20   -0.53   -2.90    0.21
  31  445   15.63   14.41  279.40   -0.03   -2.97    0.04
  27  445  -99.00  -99.00  -99.00  -99.00  -99.00  -99.00
  17  445  -99.00  -99.00   54.61   -0.15   -2.45   -0.06
  11  445   15.26   14.12    2.03   -0.24   -3.28    0.15
  19  445   15.56   14.29   22.35    0.09   -2.37    0.15
  21  445   15.53   14.36   37.85    0.21   -2.40    0.09
  23  445   15.39   14.33   30.99   -0.37   -2.69    0.04
   5  515  -99.00  -99.00   43.43   -0.23   -3.11    0.03
   7  515   15.29   14.18    6.60   -0.31   -2.89    0.27
   3  515   15.30   14.17   44.20   -0.81   -2.66    0.19
  31  515   15.57   14.36   19.30    0.07   -2.61    0.05
  27  515    9.54    9.74   10.41    0.02   -2.77   -0.09
  17  515  -99.00  -99.00   54.61    0.05   -1.98   -0.04
  11  515   15.19   14.07    2.03    0.06   -3.19    0.17
  19  515   15.48   14.28   22.35    0.33   -2.15    0.15
  21  515   15.44   14.38   37.85    0.31   -2.49    0.09
  23  515   15.32   14.32   30.99   -0.01   -2.80    0.01
   5  545  -99.00  -99.00   43.43    0.05   -3.15    0.03
   7  545   15.29   14.13    6.60   -0.10   -2.97    0.30
   3  545   15.21   14.17   44.20   -0.10   -2.21    0.17
  31  545   15.48   14.39   19.30    0.45   -2.17    0.09
  27  545  -99.00  -99.00  -99.00  -99.00  -99.00  -99.00
  17  545  -99.00  -99.00   54.61    0.21   -2.13   -0.05
  11  545   15.15   14.06    2.03    0.21   -2.85    0.11
  19  545   15.49   14.25   22.35    0.41   -2.31    0.14
  21  545   15.38   14.30   37.85    0.61   -3.05    0.10
  23  545   15.25   14.26   30.99    0.18   -3.14    0.02
   5  615  -99.00  -99.00   43.43   -0.77   -3.23    0.07
   7  615   15.30   14.11    6.60   -0.77   -3.33    0.26
   3  615   15.24   14.15   44.20   -1.03   -2.78    0.23
  31  615  -99.00  -99.00  -99.00  -99.00  -99.00  -99.00
  27  615  -99.00  -99.00  -99.00  -99.00  -99.00  -99.00
  17  615  -99.00  -99.00   54.61   -0.49   -2.67   -0.05
  11  615   15.12   14.00    2.03   -0.27   -3.55    0.15
  19  615   15.49   14.24   22.35   -0.14   -2.59    0.13
  21  615   15.32   14.28   37.85    0.30   -2.37    0.13
  23  615   15.19   14.28   30.99   -0.14   -2.79    0.01
   5  645  -99.00  -99.00  -99.00  -99.00  -99.00  -99.00
   7  645   15.28   14.14    6.60   -0.67   -3.88    0.32
   3  645   15.18   14.15   44.20   -0.84   -3.07    0.23
  31  645  -99.00  -99.00  -99.00  -99.00  -99.00  -99.00
  27  645  -99.00  -99.00  -99.00  -99.00  -99.00  -99.00
  17  645  -99.00  -99.00   54.61   -0.37   -3.05   -0.06
  11  645   15.12   14.00    2.03   -0.55   -4.03    0.17
  19  645   15.51   14.19   22.35   -0.09   -3.44    0.16
  21  645   15.27   14.22   37.85   -0.13   -3.61    0.13
  23  645   15.11   14.24   30.99   -0.55   -3.52    0.03
   5  715  -99.00  -99.00   43.43   -0.25   -3.53    0.03
   7  715   15.20   14.16    6.60   -0.55   -3.97    0.33
   3  715   15.12   14.18   44.20   -0.61   -3.19    0.22
  31  715  -99.00  -99.00  -99.00  -99.00  -99.00  -99.00
  27  715  -99.00  -99.00  -99.00  -99.00  -99.00  -99.00
  17  715  -99.00  -99.00   54.61   -0.37   -3.07   -0.07
  11  715   14.99   14.03    2.03    0.22   -3.65    0.17
  19  715   15.41   14.23   22.35   -0.07   -3.22    0.18
  21  715   15.22   14.22   37.85   -0.01   -3.13    0.12
  23  715   15.05   14.21   30.99   -0.22   -3.45   -0.03
   5  745  -99.00  -99.00   43.43   -0.45   -3.97    0.03
   7  745   15.17   14.14    6.60   -0.63   -4.18    0.37
   3  745   15.06   14.19   44.20   -0.46   -3.09    0.23
  31  745  -99.00  -99.00  -99.00  -99.00  -99.00  -99.00
  27  745  -99.00  -99.00  -99.00  -99.00  -99.00  -99.00
  17  745  -99.00  -99.00   54.61   -0.37   -2.95   -0.08
  11  745   14.90   14.01    2.03    0.47   -4.03    0.17
  19  745   15.37   14.22   22.35    0.27   -3.39    0.19
  21  745   15.16   14.25   37.85    0.27   -2.79    0.13
  23  745   15.00   14.21   30.99    0.02   -2.99    0.01
   5  815  -99.00  -99.00   43.43   -0.66   -4.16    0.06
   7  815   15.12   14.08    6.60   -0.84   -4.59    0.37
   3  815   15.07   14.12   44.20   -0.75   -3.81    0.26
  31  815  -99.00  -99.00  -99.00  -99.00  -99.00  -99.00
  27  815  -99.00  -99.00  -99.00  -99.00  -99.00  -99.00
  17  815  -99.00  -99.00   54.61   -0.41   -2.93   -0.06
  11  815   14.88   13.98    2.03    0.25   -3.95    0.19
  19  815   15.35   14.19   22.35   -0.11   -3.31    0.17
  21  815   15.12   14.22   37.85    0.55   -3.02    0.12
  23  815   14.95   14.18   30.99    0.11   -3.23   -0.01
   5  845  -99.00  -99.00   43.43   -0.57   -4.48    0.04
   7  845   15.13   14.02    6.60   -0.83   -4.50    0.37
   3  845   15.07   14.06   44.20   -0.87   -3.79    0.27
  31  845  -99.00  -99.00  -99.00  -99.00  -99.00  -99.00
  27  845  -99.00  -99.00  -99.00  -99.00  -99.00  -99.00
  17  845  -99.00  -99.00   54.61   -0.31   -3.35   -0.07
  11  845   14.88   13.94    2.03    0.41   -4.37    0.19
  19  845   15.32   14.13   22.35   -0.01   -3.74    0.19
  21  845   15.11   14.20   37.85    0.68   -3.69    0.17
  23  845   14.97   14.12   30.99    0.02   -3.80    0.04
   5  915  -99.00  -99.00   43.43   -0.20   -4.11    0.05
   7  915   15.07   13.92    6.60   -0.43   -4.49    0.44
   3  915   15.02   13.94   44.20   -0.45   -3.64    0.25
  31  915  -99.00  -99.00  -99.00  -99.00  -99.00  -99.00
  27  915  -99.00  -99.00  -99.00  -99.00  -99.00  -99.00
  17  915  -99.00  -99.00   54.61    0.07   -3.30   -0.06
  11  915   14.81   13.83    2.03    0.55   -4.41    0.18
  19  915   15.25   14.01   22.35    0.49   -3.54    0.19
  21  915   15.06   14.13   37.85    0.77   -3.51    0.17
  23  915   14.95   14.05   30.99    0.31   -4.07   -0.03
   5  945  -99.00  -99.00  -99.00  -99.00  -99.00  -99.00
   7  945   15.11   13.96    6.60   -0.65   -3.97    0.32
   3  945   15.00   13.99   44.20   -0.69   -3.47    0.27
  31  945  -99.00  -99.00  -99.00  -99.00  -99.00  -99.00
  27  945    9.54    9.74   10.41    0.31   -3.05   -0.08
  17  945  -99.00  -99.00   54.61   -0.07   -2.30   -0.05
  11  945   14.75   13.81    2.03    0.44   -3.94    0.18
  19  945   15.20   14.02   22.35    0.33   -2.53    0.14
  21  945   14.90   14.05   37.85    0.55   -2.73    0.13
  23  945   14.84   14.00   30.99    0.29   -3.22   -0.01
   5 1015  -99.00  -99.00   43.43   -0.71   -3.40    0.05
   7 1015   14.97   14.03    6.60   -0.92   -3.61    0.27
   3 1015   14.88   14.05   44.20   -0.59   -2.79    0.21
  31 1015  -99.00  -99.00  -99.00  -99.00  -99.00  -99.00
  27 1015  -99.00  -99.00  -99.00  -99.00  -99.00  -99.00
  17 1015  -99.00  -99.00   54.61   -0.07   -1.87   -0.05
  11 1015   14.66   13.91    2.03    0.25   -2.91    0.15
  19 1015   15.11   14.15   22.35   -0.05   -1.75    0.09
  21 1015   14.84   14.10   37.85    0.11   -1.89    0.07
  23 1015   14.69   14.05   31.24    0.06   -1.87   -0.01
   5 1045  -99.00  -99.00   43.43   -0.57   -2.92    0.05
   7 1045   14.77   14.09    6.60   -0.75   -3.23    0.23
   3 1045   14.70   14.11   44.20   -0.45   -2.34    0.18
  31 1045  -99.00  -99.00  -99.00  -99.00  -99.00  -99.00
  27 1045  -99.00  -99.00  -99.00  -99.00  -99.00  -99.00
  17 1045  -99.00  -99.00   54.61    0.08   -1.50   -0.04
  11 1045   14.55   13.96    2.03    0.38   -2.75    0.13
  19 1045   15.00   14.22   22.35    0.01   -1.95    0.09
  21 1045   14.76   14.16   38.10    0.64   -2.30    0.11
  23 1045   14.62   14.13   31.24    0.25   -2.05   -0.01
   5 1115  -99.00  -99.00   43.43   -0.04   -2.97    0.05
   7 1115   14.61   14.17    6.60   -0.17   -2.90    0.29
   3 1115   14.61   14.15   44.20   -0.15   -2.44    0.18
  31 1115  -99.00  -99.00  -99.00  -99.00  -99.00  -99.00
  27 1115  -99.00  -99.00  -99.00  -99.00  -99.00  -99.00
  17 1115  -99.00  -99.00  -99.00  -99.00  -99.00  -99.00
  11 1115   14.46   13.98    2.03    0.58   -2.84    0.14
  19 1115   14.87   14.28   22.35    0.41   -2.02    0.12
  21 1115   14.70   14.18   38.10    0.59   -2.41    0.11
  23 1115   14.60   14.16   31.24    0.33   -2.07    0.00
   5 1145  -99.00  -99.00   43.43   -0.32   -3.21    0.03
   7 1145   14.62   14.20    6.60   -0.30   -2.76    0.24
   3 1145   14.61   14.16   44.20   -0.39   -2.63    0.17
  31 1145  -99.00  -99.00  -99.00  -99.00  -99.00  -99.00
  27 1145  -99.00  -99.00  -99.00  -99.00  -99.00  -99.00
  17 1145  -99.00  -99.00  -99.00  -99.00  -99.00  -99.00
  11 1145   14.45   14.03    2.03    0.52   -3.03    0.16
  19 1145   14.82   14.38   22.35    0.80   -1.63    0.13
  21 1145   14.70   14.23   38.10    0.56   -2.30    0.08
  23 1145   14.56   14.20   31.24    0.29   -2.17    0.00
   5 1215  -99.00  -99.00   43.43   -0.28   -2.79    0.03
   7 1215   14.70   14.22    6.60   -0.23   -2.23    0.20
   3 1215   14.70   14.18   44.20   -0.29   -2.32    0.17
  31 1215   14.90   14.38   19.30    0.55   -2.23    0.07
  27 1215  -99.00  -99.00  -99.00  -99.00  -99.00  -99.00
  17 1215  -99.00  -99.00   54.61    0.43   -0.92   -0.02
  11 1215   14.53   14.02    2.03    0.46   -2.80    0.11
  19 1215   14.91   14.48   22.35    0.72   -1.45    0.11
  21 1215   14.73   14.28   38.10    0.90   -2.43    0.10
  23 1215   14.60   14.26   31.50    0.68   -2.21   -0.02
   5 1245  -99.00  -99.00   43.43    0.50   -2.42   -0.01
   7 1245   14.85   14.37    6.60    0.39   -2.98    0.37
   3 1245   14.83   14.29   44.20    0.03   -2.70    0.19
  31 1245   15.02   14.43   19.30    0.96   -3.11    0.13
  27 1245  -99.00  -99.00  -99.00  -99.00  -99.00  -99.00
  17 1245  -99.00  -99.00   54.61    1.25   -1.99   -0.07
  11 1245   14.62   14.06    2.03    0.95   -3.87    0.20
  19 1245   15.00   14.53   22.35    1.55   -2.31    0.17
  21 1245   14.81   14.33   38.10    1.15   -2.81    0.11
  23 1245   14.66   14.28   31.50    1.08   -3.02   -0.05
   5 1315  -99.00  -99.00   43.43    0.43   -3.20    0.02
   7 1315   15.00   14.49    0.00    0.39   -3.35    0.38
   3 1315   15.06   14.43   44.20   -0.03   -3.05    0.21
  31 1315  -99.00  -99.00  -99.00  -99.00  -99.00  -99.00
  27 1315    9.96    9.74    0.00    0.80   -3.39    0.01
  17 1315  -99.00  -99.00   54.61    1.32   -2.49   -0.10
  11 1315   14.79   14.13    2.03    0.89   -3.95    0.20
  19 1315   15.10   14.61   22.35    1.47   -2.47    0.19
  21 1315   14.97   14.39   38.10    0.97   -3.12    0.11
  23 1315   14.81   14.36   31.50    0.65   -3.12   -0.03
   5 1345  -99.00  -99.00   43.43   -0.13   -3.79    0.03
   7 1345   15.36   14.63    0.00    0.14   -3.86    0.42
   3 1345   15.36   14.49   44.20   -0.09   -4.14    0.26
  31 1345   15.48   14.64   19.30    0.55   -3.89    0.09
  27 1345    9.54    9.74    0.00    0.51   -3.39   -0.04
  17 1345  -99.00  -99.00   54.61    1.01   -2.84   -0.09
  11 1345   15.04   14.24    2.03    0.65   -4.55    0.19
  19 1345   15.33   14.70   22.35    1.22   -2.97    0.22
  21 1345   15.17   14.47   38.10    0.89   -3.75    0.13
  23 1345   14.96   14.41   31.50    0.48   -3.81   -0.02
   5 1415  -99.00  -99.00   43.43   -0.28   -4.02    0.05
   7 1415   15.71   14.71    0.00   -0.05   -4.18    0.42
   3 1415   15.65   14.65   44.20   -0.54   -3.96    0.28
  31 1415   15.85   14.83   19.30    0.52   -3.80    0.14
  27 1415    9.54    9.74    0.00    0.47   -3.73   -0.04
  17 1415  -99.00  -99.00   54.61    0.97   -2.95   -0.05
  11 1415   15.43   14.41    2.03    0.22   -4.68    0.21
  19 1415   15.69   14.80   22.35    0.87   -3.43    0.21
  21 1415   15.50   14.60   38.10    0.67   -4.29    0.13
  23 1415   15.31   14.55   31.50    0.35   -4.43   -0.03
   5 1445  -99.00  -99.00   43.43   -0.56   -4.28    0.06
   7 1445   15.80   14.66    0.00   -0.49   -4.79    0.47
   3 1445   15.83   14.65   44.20   -0.61   -4.98    0.34
  31 1445   15.96   14.82   19.30    1.16   -4.31    0.17
  27 1445    9.54    9.74    0.00    0.72   -4.25   -0.02
  17 1445  -99.00  -99.00   54.61    0.42   -3.53   -0.11
  11 1445   15.57   14.42    2.03    0.74   -5.07    0.25
  19 1445   15.88   14.85   22.35    0.83   -3.41    0.24
  21 1445   15.77   14.70   38.10    0.86   -4.25    0.19
  23 1445   15.53   14.66   31.50    0.57   -4.13   -0.01
   5 1515  -99.00  -99.00   43.43   -0.04   -5.19    0.04
   7 1515   16.01   14.61    0.00   -0.43   -5.45    0.53
   3 1515   15.99   14.70   44.20   -0.49   -4.31    0.30
  31 1515   16.15   14.84   19.30    0.67   -4.20    0.13
  27 1515    9.54    9.74    0.00    0.60   -4.61   -0.08
  17 1515  -99.00  -99.00   54.61    0.49   -3.84   -0.13
  11 1515   15.69   14.46    2.03    0.74   -4.90    0.23
  19 1515   16.06   14.73   22.35    0.90   -4.09    0.29
  21 1515   15.86   14.65   38.10    0.93   -4.97    0.16
  23 1515   15.69   14.65   31.50    0.67   -4.31   -0.02
   5 1545  -99.00  -99.00   43.43   -0.55   -5.19    0.09
   7 1545   16.64   14.86    0.00   -0.38   -5.10    0.55
   3 1545   16.55   14.78   44.20   -0.55   -5.21    0.36
  31 1545   16.78   14.98   19.30    0.88   -4.53    0.15
  27 1545    9.54    9.74    0.00    0.39   -4.38   -0.09
  17 1545  -99.00  -99.00   54.61    0.46   -4.05   -0.06
  11 1545   16.14   14.54    2.03    0.65   -5.29    0.23
  19 1545   16.42   14.75   22.35    0.73   -4.49    0.26
  21 1545   16.11   14.77   38.10    1.19   -4.35    0.18
  23 1545   16.03   14.77   31.50    0.82   -4.39   -0.05
   5 1615  -99.00  -99.00   43.43   -0.18   -4.76    0.05
   7 1615   16.88   14.72    0.00   -0.63   -5.59    0.51
   3 1615   16.96   14.84   44.20   -0.23   -4.79    0.33
  31 1615   17.20   15.04   19.30    0.51   -4.19    0.16
  27 1615    9.33    9.74    0.00    0.57   -4.71   -0.03
  17 1615  -99.00  -99.00   54.61    0.02   -4.01   -0.07
  11 1615   16.60   14.53    2.03    0.77   -5.23    0.21
  19 1615   16.80   14.70   22.35    0.45   -4.38    0.25
  21 1615   16.64   14.84   38.10    1.09   -4.73    0.20
  23 1615   16.56   14.87   31.50    1.03   -4.51   -0.03
   5 1645  -99.00  -99.00   43.43   -0.32   -4.63    0.05
   7 1645   17.03   14.86    0.00   -0.08   -4.99    0.51
   3 1645   17.04   14.87   44.20   -0.34   -4.60    0.31
  31 1645   17.14   14.93   19.30    0.98   -4.25    0.16
  27 1645    9.54    9.74    0.00    0.73   -4.09    0.07
  17 1645  -99.00  -99.00   54.61    0.68   -4.25   -0.15
  11 1645   16.64   14.51    2.03    1.10   -4.96    0.29
  19 1645   17.04   14.89   22.35    0.48   -4.10    0.27
  21 1645   16.89   14.75   38.10    1.70   -5.17    0.20
  23 1645   16.75   14.72   31.50    1.11   -4.93   -0.04
   5 1715  -99.00  -99.00   43.43   -0.59   -4.17    0.07
   7 1715   17.31   14.77    0.00   -0.53   -4.51    0.41
   3 1715   17.23   14.72   44.20   -0.46   -4.33    0.31
  31 1715   17.44   14.95   19.30    0.35   -3.68    0.09
  27 1715   10.04    9.79    0.00    0.68   -2.61    0.09
  17 1715  -99.00  -99.00   54.61    0.32   -3.51   -0.09
  11 1715   16.93   14.61    2.03    0.75   -4.37    0.20
  19 1715   17.33   14.93   22.35    0.99   -4.13    0.23
  21 1715   17.22   14.92   38.10    1.45   -4.97    0.18
  23 1715   17.11   14.86   31.50    0.96   -4.32   -0.03
   5 1745  -99.00  -99.00   43.43   -0.63   -4.53    0.07
   7 1745   17.69   14.87    0.00   -0.90   -4.88    0.41
   3 1745   17.84   15.03   44.20   -0.44   -4.43    0.33
  31 1745   18.06   15.13   19.30   -0.01   -4.01    0.10
  27 1745   10.93    9.74    0.00    0.79   -4.37    0.00
  17 1745  -99.00  -99.00   54.61   -0.43   -3.45   -0.07
  11 1745   17.55   14.73    2.03    0.37   -4.90    0.23
  19 1745   17.72   15.12   22.35    0.17   -3.61    0.23
  21 1745   17.64   15.05   38.10    0.69   -4.91    0.17
  23 1745   17.58   15.04   31.50    0.73   -4.43   -0.03
   5 1815  -99.00  -99.00   43.43    0.14   -4.13    0.01
   7 1815   17.68   14.92    0.00   -0.25   -4.49    0.47
   3 1815   17.67   14.96   44.20   -0.58   -4.32    0.29
  31 1815   18.11   15.13   19.30    0.52   -4.53    0.13
  27 1815   11.72    9.74    0.00   -0.06   -5.05   -0.24
  17 1815  -99.00  -99.00   54.61    0.70   -4.19   -0.12
  11 1815   17.49   14.70    2.03    0.19   -4.83    0.27
  19 1815   17.38   14.93   22.35    0.01   -3.39    0.17
  21 1815   17.76   14.99   38.10    1.07   -5.27    0.21
  23 1815   17.75   14.94   31.50   -0.05   -4.65    0.03
   5 1845  -99.00  -99.00   43.43   -0.05   -4.57    0.04
   7 1845   18.07   14.85    0.00   -0.01   -5.67    0.61
   3 1845   18.22   14.98   44.20   -0.13   -4.75    0.34
  31 1845   18.49   15.11   19.30    0.61   -4.32    0.20
  27 1845   11.23    9.74    0.00    0.29   -4.60   -0.11
  17 1845  -99.00  -99.00   54.61    0.08   -4.21   -0.05
  11 1845   17.63   14.56    2.03    0.94   -5.28    0.27
  19 1845   17.87   14.96   22.35    0.65   -4.30    0.25
  21 1845   17.68   15.05   38.10    1.55   -4.71    0.19
  23 1845   17.52   14.77   31.50    0.48   -4.81   -0.04
   5 1915  -99.00  -99.00   43.43   -0.14   -5.23    0.09
   7 1915   19.63   15.43    0.00   -0.11   -6.09    0.71
   3 1915   19.49   15.43   44.20   -1.22   -5.26    0.39
  31 1915   20.02   15.60   19.30    0.78   -5.53    0.17
  27 1915   11.63    9.77    0.00    0.52   -5.54   -0.12
  17 1915  -99.00  -99.00   54.61   -0.51   -4.91   -0.12
  11 1915   18.81   14.80    2.03    0.83   -6.56    0.25
  19 1915   18.99   15.48   22.35    0.07   -4.24    0.25
  21 1915   18.63   15.25   38.10    0.71   -5.49    0.20
  23 1915   18.74   15.25   31.50    0.03   -5.19   -0.03
   5 1945  -99.00  -99.00   43.43   -0.26   -5.04    0.06
   7 1945   19.79   15.41    0.00    0.26   -5.63    0.66
   3 1945   19.71   15.47   44.20   -1.54   -4.74    0.33
  31 1945   20.02   15.53   19.30    0.00   -5.19    0.07
  27 1945   11.82    9.78    0.00    0.42   -5.15   -0.11
  17 1945  -99.00  -99.00   54.61   -0.37   -4.45   -0.12
  11 1945   18.84   14.86    2.03   -0.07   -5.39    0.25
  19 1945   19.28   15.39   22.35    0.57   -4.26    0.24
  21 1945   19.34   15.38   38.10    1.02   -5.85    0.21
  23 1945   19.26   15.26   31.50   -0.73   -5.25    0.03
   5 2015  -99.00  -99.00   43.43   -0.51   -3.93    0.11
   7 2015   19.84   15.46    0.00   -0.26   -4.79    0.50
   3 2015   20.02   15.64   44.20   -0.25   -4.23    0.32
  31 2015   20.66   15.80   19.30    0.25   -4.86    0.08
  27 2015   11.32    9.83    0.00    0.29   -4.53   -0.06
  17 2015  -99.00  -99.00   54.61   -0.45   -3.77   -0.09
  11 2015   19.98   15.46    2.03    0.49   -5.23    0.25
  19 2015   19.78   15.69   22.35    0.61   -4.05    0.23
  21 2015   19.74   15.58   38.10    0.40   -5.41    0.17
  23 2015   20.08   15.73   31.50    0.71   -4.87   -0.01
   5 2045  -99.00  -99.00   43.43    0.66   -3.98    0.05
   7 2045   20.37   15.66    0.00    0.45   -4.17    0.53
   3 2045   20.69   15.91   44.20   -0.15   -4.19    0.31
  31 2045   21.11   16.02   19.30    1.01   -4.17    0.17
  27 2045   11.27    9.75    0.00    0.51   -4.09   -0.04
  17 2045  -99.00  -99.00   54.61   -1.09   -3.51   -0.05
  11 2045   20.08   15.43    2.03    1.16   -4.66    0.25
  19 2045   20.05   15.84   22.35   -1.17   -3.56    0.23
  21 2045   20.29   15.81   38.10    1.57   -4.69    0.23
  23 2045   19.98   15.62   31.50    0.35   -4.08    0.03
   5 2115  -99.00  -99.00   43.43   -0.55   -4.61    0.08
   7 2115   20.43   15.69    0.00   -0.23   -4.92    0.46
   3 2115   20.05   15.61   44.20   -0.71   -4.35    0.31
  31 2115   21.16   16.06   19.30    1.58   -4.12    0.25
  27 2115    9.70    9.74    0.00    0.14   -3.67   -0.04
  17 2115  -99.00  -99.00   54.61    0.49   -4.01   -0.11
  11 2115   20.19   15.59    2.03    0.62   -4.76    0.23
  19 2115   20.78   16.25   22.35    0.55   -3.95    0.29
  21 2115   20.81   16.05   38.10    0.96   -5.73    0.18
  23 2115   20.67   15.98   31.50    1.00   -4.67   -0.05
   5 2145  -99.00  -99.00   43.43   -0.27   -4.64    0.07
   7 2145   21.21   15.93    0.00    0.35   -4.94    0.58
   3 2145   21.27   16.03   44.20   -0.27   -4.31    0.33
  31 2145   21.74   16.18   19.30    0.71   -4.35    0.15
  27 2145    9.54    9.74    0.00   -0.03   -4.68   -0.17
  17 2145  -99.00  -99.00   54.61    0.01   -4.01   -0.07
  11 2145   20.84   15.63    2.03    1.76   -5.23    0.25
  19 2145   20.94   16.06   22.35    0.27   -4.41    0.27
  21 2145   20.77   16.01   38.10    1.69   -5.55    0.18
  23 2145   20.52   15.97   31.50    0.17   -4.05    0.04
   5 2215  -99.00  -99.00   43.43    1.34   -4.31    0.01
   7 2215   20.97   15.66    0.00    0.22   -5.47    0.61
   3 2215   21.31   15.88   44.20    1.15   -4.82    0.27
  31 2215   21.78   16.16   19.30   -0.47   -4.17    0.04
  27 2215    9.54    9.74    0.00   -0.35   -4.76   -0.27
  17 2215  -99.00  -99.00   54.61    0.31   -3.90   -0.09
  11 2215   21.05   15.83    2.03    0.17   -4.79    0.23
  19 2215   20.54   15.78   22.35    1.07   -4.08    0.25
  21 2215   20.98   15.94   38.10    1.99   -5.11    0.19
  23 2215   20.80   15.95   31.50   -1.75   -4.49    0.10
   5 2245  -99.00  -99.00   43.43    0.63   -4.20    0.03
   7 2245   20.80   15.66    0.00    0.05   -4.91    0.51
   3 2245   20.67   15.66   44.20    0.64   -4.09    0.32
  31 2245   21.97   16.22   19.30    1.98   -4.37    0.30
  27 2245    9.56    9.74    0.00    0.95   -4.05    0.09
  17 2245  -99.00  -99.00   54.61    1.82   -4.40   -0.17
  11 2245   20.99   15.64    2.03    1.39   -4.88    0.25
  19 2245   21.07   16.01   22.35    1.27   -3.98    0.26
  21 2245   21.50   16.26   38.10    2.09   -5.09    0.25
  23 2245   20.84   15.93   31.50   -0.67   -4.57    0.05
   5 2315  -99.00  -99.00   43.43    0.90   -4.38    0.03
   7 2315   20.91   15.56    0.00    0.17   -4.58    0.51
   3 2315   20.83   15.71   44.20    0.35   -3.71    0.25
  31 2315   21.36   15.76   19.30    0.23   -4.33    0.08
  27 2315    9.60    9.74    0.00   -0.25   -4.45   -0.21
  17 2315  -99.00  -99.00   54.61    1.73   -3.82   -0.13
  11 2315   20.59   15.49    2.03    0.83   -4.36    0.25
  19 2315   20.84   15.75   22.35    2.15   -3.73    0.27
  21 2315   20.28   15.68   38.10    2.24   -4.40    0.19
  23 2315   20.17   15.56   31.50    1.34   -3.51   -0.09
   5 2345  -99.00  -99.00   43.43    0.03   -2.89    0.03
   7 2345   20.66   15.56    0.00   -0.28   -3.51    0.34
   3 2345   20.38   15.49   44.20   -0.07   -3.14    0.21
  31 2345   20.99   15.61   19.30    0.93   -3.04    0.15
  27 2345    9.54    9.74    0.00   -0.08   -3.37   -0.12
  17 2345  -99.00  -99.00   54.61    0.42   -2.98   -0.11
  11 2345   20.11   15.18    2.03    0.31   -3.89    0.16
  19 2345   20.37   15.63   22.35    0.89   -2.92    0.15
  21 2345   20.29   15.69   38.10    1.47   -3.48    0.13
  23 2345   20.17   15.53   31.50   -0.20   -3.44    0.03
