   5   15  -99.00  -99.00   43.43    0.11   -2.11    0.00
   7   15   19.62   15.52    0.00    0.05   -1.79    0.22
   3   15   19.44   15.32   44.20   -0.04   -1.98    0.13
  31   15   20.13   15.69   19.30    0.59   -1.71    0.08
  27   15    9.54    9.74    0.00    0.14   -1.91   -0.03
  17   15  -99.00  -99.00   54.61   -0.08   -2.10   -0.06
  11   15   19.06   15.03    2.03    0.54   -2.51    0.11
  19   15   19.58   15.49   22.35    0.53   -1.84    0.10
  21   15   19.68   15.64   38.10    0.73   -2.66    0.09
  23   15   19.20   15.31   31.50   -0.09   -2.26    0.01
   5   45  -99.00  -99.00   43.43   -0.13   -1.76    0.00
   7   45   18.53   15.20    0.00    0.00   -0.44    0.03
   3   45   18.21   15.04   44.20   -0.60   -0.86    0.04
  31   45   18.25   15.24   19.30   -0.17   -1.68    0.03
  27   45    9.55    9.74    0.00    0.07   -1.65   -0.01
  17   45  -99.00  -99.00   54.61   -0.59   -1.50   -0.01
  11   45   17.54   14.97    2.03   -0.03   -1.69    0.10
  19   45   18.66   15.41   22.35   -0.05   -1.04    0.03
  21   45   18.28   15.15   38.10   -0.12   -1.92    0.07
  23   45   18.06   15.11   31.50    0.25   -1.35    0.00
   5  115  -99.00  -99.00   43.43   -0.15   -0.77    0.00
   7  115   18.00   14.75    0.00   -0.09   -0.21    0.01
   3  115   17.92   14.75   44.20   -0.98   -0.60    0.04
  31  115   16.52   14.28   19.30   -0.23   -1.57    0.07
  27  115    9.54    9.75    0.00   -0.01   -0.99   -0.02
  17  115  -99.00  -99.00   54.61   -0.87   -1.91   -0.01
  11  115   17.13   14.49    2.03   -0.40   -1.79    0.09
  19  115   17.84   15.09   22.35    0.61    0.00    0.00
  21  115   17.86   14.82   38.10   -0.18   -1.72    0.04
  23  115   17.80   14.80   31.50    0.05   -1.11    0.00
   5  145  -99.00  -99.00   43.43   -0.27   -1.11    0.00
   7  145   17.30   14.46    0.00   -0.01   -0.03    0.01
   3  145   17.42   14.44   44.20   -0.77   -0.59    0.03
  31  145   15.92   13.85   19.30   -0.02   -1.51    0.07
  27  145    9.54    9.74    0.00    0.00    0.01    0.00
  17  145  -99.00  -99.00   54.61   -0.75   -2.07   -0.01
  11  145   16.68   14.07    2.03   -0.45   -2.01    0.11
  19  145   16.92   14.75   22.35    0.35    0.00    0.01
  21  145   17.33   14.64   38.10   -0.02   -1.69    0.05
  23  145   17.25   14.66   31.50    0.00   -1.14    0.00
   5  215  -99.00  -99.00   43.43   -0.20   -0.38    0.00
   7  215   17.66   14.48    0.00   -0.03   -0.08    0.01
   3  215   17.22   14.27   44.20   -1.15   -0.28    0.03
  31  215   14.96   13.35   19.30   -0.01   -0.50    0.02
  27  215    9.54    9.74    0.00    0.00    0.22    0.01
  17  215  -99.00  -99.00   54.61   -0.73   -0.92    0.01
  11  215   16.91   14.05    2.03   -0.69   -1.33    0.04
  19  215   16.59   14.64   22.35    0.00    0.17    0.00
  21  215   17.29   14.60   38.10   -0.81   -0.81    0.01
  23  215   17.29   14.63   31.50    0.00   -1.07    0.00
   5  245  -99.00  -99.00   43.43   -1.23   -0.10    0.05
   7  245   17.21   14.22    0.00   -0.61   -0.33    0.00
   3  245   16.65   13.94   44.20   -1.96    0.15    0.04
  31  245   14.34   13.03   19.30    0.02    0.21    0.00
  27  245  -99.00  -99.00  -99.00  -99.00  -99.00  -99.00
  17  245  -99.00  -99.00  -99.00  -99.00  -99.00  -99.00
  11  245   17.40   14.26    2.03   -1.49   -0.19    0.00
  19  245   14.89   13.81   22.35   -0.35    1.05   -0.01
  21  245   16.02   14.20   38.10   -0.49    0.15    0.00
  23  245   17.27   14.48   31.50   -0.25   -0.69    0.00
   5  315  -99.00  -99.00   43.43   -1.93    0.27    0.11
   7  315   16.45   13.93    0.00   -0.72    0.55   -0.19
   3  315   16.98   14.24   44.20   -1.98    0.67    0.03
  31  315   13.83   12.72   19.30    0.28    0.00    0.00
  27  315  -99.00  -99.00  -99.00  -99.00  -99.00  -99.00
  17  315  -99.00  -99.00  -99.00  -99.00  -99.00  -99.00
  11  315   17.54   14.43    2.03   -1.21    0.03    0.00
  19  315   14.56   13.51    0.00    0.04    0.76    0.00
  21  315  -99.00  -99.00  -99.00  -99.00  -99.00  -99.00
  23  315   16.30   13.83   31.50   -0.19   -0.22    0.00
   5  345  -99.00  -99.00   43.43   -0.33    1.23    0.03
   7  345   15.49   13.57    0.00   -0.40    1.52   -0.11
   3  345   17.67   14.36   44.20   -0.97    1.04    0.00
  31  345  -99.00  -99.00  -99.00  -99.00  -99.00  -99.00
  27  345    9.54    9.74    0.00   -0.03    0.05    0.01
  17  345  -99.00  -99.00   54.61   -0.65    0.15    0.01
  11  345   16.16   13.90    2.03   -0.23    1.07    0.00
  19  345   13.87   13.17    0.00    0.29    0.46    0.01
  21  345  -99.00  -99.00  -99.00  -99.00  -99.00  -99.00
  23  345   16.61   13.82   31.50    0.00    0.07    0.00
   5  415  -99.00  -99.00   43.43   -0.07    1.30    0.00
   7  415   15.52   13.65    0.00    0.14    1.63   -0.12
   3  415   16.22   13.91   44.20   -0.15    2.04   -0.09
  31  415  -99.00  -99.00  -99.00  -99.00  -99.00  -99.00
  27  415    9.54    9.74    0.00    0.00    0.17    0.00
  17  415  -99.00  -99.00   54.61   -0.61    0.11    0.01
  11  415   15.86   13.81    2.03    0.00    1.03    0.00
  19  415   13.82   13.00    0.00    0.26    0.84   -0.01
  21  415   15.50   13.73   38.10    0.17    1.33    0.00
  23  415   16.68   13.77   31.50    0.25    0.18    0.00
   5  445  -99.00  -99.00   43.43   -0.15    1.19   -0.01
   7  445   15.26   13.53    0.00   -0.47    1.83   -0.09
   3  445   18.15   14.36   44.20   -0.19    1.03   -0.02
  31  445  -99.00  -99.00  -99.00  -99.00  -99.00  -99.00
  27  445    9.54    9.74    0.00   -0.03    0.07    0.00
  17  445  -99.00  -99.00   54.61   -1.10   -0.05    0.03
  11  445   16.07   13.82    2.03   -0.04    1.10   -0.02
  19  445   13.24   12.74    0.00   -0.36    0.83   -0.02
  21  445   15.11   13.53   38.10    0.02    1.26    0.00
  23  445   17.08   13.83   31.50    0.00    0.07    0.00
   5  515  -99.00  -99.00   43.43    0.12    1.36    0.01
   7  515   14.85   13.32    0.00    0.48    1.75   -0.04
   3  515   17.17   14.00   44.20    0.01    1.23   -0.03
  31  515  -99.00  -99.00  -99.00  -99.00  -99.00  -99.00
  27  515    9.54    9.74    0.00   -0.05    0.11    0.00
  17  515  -99.00  -99.00   54.61   -0.63    0.13    0.00
  11  515   15.59   13.51    2.03    0.67    1.03    0.00
  19  515   13.31   12.70    0.00    0.10    0.46   -0.02
  21  515   14.70   13.33   38.10    0.39    1.33    0.00
  23  515   16.54   13.62   31.50    0.21    0.13    0.00
   5  545  -99.00  -99.00  -99.00  -99.00  -99.00  -99.00
   7  545   14.78   13.26    0.00    0.46    1.74   -0.13
   3  545   14.46   12.98   44.20    0.59    1.61   -0.05
  31  545  -99.00  -99.00  -99.00  -99.00  -99.00  -99.00
  27  545    9.54    9.74    0.00    0.05   -0.01    0.00
  17  545  -99.00  -99.00   54.61   -0.20    0.13    0.00
  11  545   14.76   13.15    2.03    1.03    0.74    0.00
  19  545   13.37   12.65    0.00    0.31    0.44    0.00
  21  545   14.49   13.15   38.10    0.49    1.15    0.00
  23  545   15.48   13.15   31.50    1.15    0.53   -0.03
   5  615  -99.00  -99.00   43.43    0.95    0.93    0.00
   7  615   13.50   12.59    0.00    1.40    1.74    0.13
   3  615   14.40   12.87   44.20    0.83    1.19   -0.05
  31  615  -99.00  -99.00  -99.00  -99.00  -99.00  -99.00
  27  615  -99.00  -99.00  -99.00  -99.00  -99.00  -99.00
  17  615  -99.00  -99.00   54.61    0.25    0.39    0.02
  11  615   14.09   12.82    2.03    0.51    1.35    0.00
  19  615   13.18   12.50    0.00    0.69    0.63    0.01
  21  615   14.26   12.93   38.10    0.59    1.51    0.00
  23  615   13.77   12.41   31.50    2.27    0.85   -0.13
   5  645  -99.00  -99.00   43.43    0.68    1.49    0.00
   7  645   13.75   12.73    0.00    1.11    2.37   -0.03
   3  645   14.06   12.80   44.20    0.69    1.95   -0.07
  31  645  -99.00  -99.00  -99.00  -99.00  -99.00  -99.00
  27  645  -99.00  -99.00  -99.00  -99.00  -99.00  -99.00
  17  645  -99.00  -99.00   54.61   -0.41   -0.02    0.01
  11  645   13.61   12.54    2.03    1.09    1.67    0.00
  19  645   12.85   12.27    0.00   -0.14    0.62   -0.03
  21  645   14.11   12.83   38.10    1.12    1.48   -0.02
  23  645   13.16   12.18   31.50    2.73    0.72   -0.10
   5  715  -99.00  -99.00   43.43    0.23    1.95    0.04
   7  715   13.97   12.84    0.00    1.01    2.67   -0.04
   3  715   14.05   12.82   44.20    0.92    2.47   -0.08
  31  715  -99.00  -99.00  -99.00  -99.00  -99.00  -99.00
  27  715  -99.00  -99.00  -99.00  -99.00  -99.00  -99.00
  17  715  -99.00  -99.00   54.61   -0.30    0.02    0.01
  11  715   13.70   12.55    2.03    1.47    1.94    0.00
  19  715   12.74   12.18    0.00   -0.07    0.76   -0.01
  21  715   13.58   12.57   38.10    1.67    1.45    0.00
  23  715   12.69   11.98   31.50    2.87    0.48   -0.11
   5  745  -99.00  -99.00   43.43    0.57    1.48    0.01
   7  745   14.05   12.84    0.00    1.07    2.43   -0.03
   3  745   13.89   12.71   44.20    1.08    2.17   -0.06
  31  745  -99.00  -99.00  -99.00  -99.00  -99.00  -99.00
  27  745  -99.00  -99.00  -99.00  -99.00  -99.00  -99.00
  17  745  -99.00  -99.00   54.61   -0.17   -0.13   -0.01
  11  745   13.47   12.40    2.03    1.07    1.92    0.00
  19  745   12.29   11.84    0.00   -0.39    0.76   -0.03
  21  745   13.50   12.50   38.10    1.81    1.47    0.00
  23  745   12.45   11.83   31.50    2.81    0.78   -0.11
   5  815  -99.00  -99.00   43.43    0.95    1.27   -0.01
   7  815   13.80   12.70    0.00    1.17    2.34   -0.03
   3  815   13.39   12.41   44.20    1.06    1.83   -0.06
  31  815  -99.00  -99.00  -99.00  -99.00  -99.00  -99.00
  27  815  -99.00  -99.00  -99.00  -99.00  -99.00  -99.00
  17  815  -99.00  -99.00   54.61    0.00    0.01    0.00
  11  815   13.08   12.20    2.03    1.67    1.74    0.00
  19  815   12.45   11.95    0.00    0.22    0.17   -0.01
  21  815   13.38   12.34   38.10    2.14    1.29    0.00
  23  815   12.43   11.79   31.50    2.90    0.36   -0.09
   5  845  -99.00  -99.00   43.43    1.27    1.37   -0.02
   7  845   13.70   12.64    0.00    0.95    2.39   -0.10
   3  845   13.33   12.34   44.20    1.15    1.97   -0.07
  31  845  -99.00  -99.00  -99.00  -99.00  -99.00  -99.00
  27  845  -99.00  -99.00  -99.00  -99.00  -99.00  -99.00
  17  845  -99.00  -99.00   54.61    0.27    0.31    0.01
  11  845   12.80   12.05    2.03    1.83    1.91    0.00
  19  845   12.40   11.86    0.00    0.58    0.62   -0.01
  21  845   13.31   12.33   38.10    2.03    1.45    0.00
  23  845   12.17   11.61   31.50    2.87    0.58   -0.10
   5  915  -99.00  -99.00   43.43    1.58    1.27   -0.05
   7  915   13.96   12.79    0.00    0.89    2.47   -0.15
   3  915   13.20   12.30   44.20    1.21    1.95   -0.04
  31  915  -99.00  -99.00  -99.00  -99.00  -99.00  -99.00
  27  915  -99.00  -99.00  -99.00  -99.00  -99.00  -99.00
  17  915  -99.00  -99.00   54.61    0.89    0.51    0.00
  11  915   12.68   11.96    2.03    1.91    1.96    0.00
  19  915   12.97   12.25    0.00    1.29    1.19    0.02
  21  915   13.09   12.17   38.10    1.91    1.41    0.00
  23  915   12.23   11.64   31.50    2.88    0.46   -0.09
   5  945  -99.00  -99.00  -99.00  -99.00  -99.00  -99.00
   7  945   13.72   12.69    0.00    0.71    2.03   -0.14
   3  945   12.98   12.23   44.20    1.35    1.31   -0.01
  31  945  -99.00  -99.00  -99.00  -99.00  -99.00  -99.00
  27  945  -99.00  -99.00  -99.00  -99.00  -99.00  -99.00
  17  945  -99.00  -99.00   54.61    0.81    0.15    0.01
  11  945   12.63   11.90    2.03    1.86    1.00   -0.01
  19  945   12.61   11.98    0.00    0.11    0.29   -0.01
  21  945   13.30   12.30   38.10    2.39    0.72    0.00
  23  945   12.11   11.55   31.50    3.29   -0.21   -0.08
   5 1015  -99.00  -99.00   43.43    1.05    1.06   -0.03
   7 1015   13.66   12.72    0.00    0.72    2.21   -0.15
   3 1015   13.21   12.36   44.20    1.54    1.51   -0.07
  31 1015  -99.00  -99.00  -99.00  -99.00  -99.00  -99.00
  27 1015  -99.00  -99.00  -99.00  -99.00  -99.00  -99.00
  17 1015  -99.00  -99.00   54.61    1.28    0.05    0.01
  11 1015   12.79   12.05    2.03    2.15    0.85    0.01
  19 1015   12.68   12.06    0.00    0.48    0.89    0.00
  21 1015   13.24   12.27   38.10    1.15    0.53    0.00
  23 1015   12.05   11.54   31.50    3.19    0.21   -0.10
   5 1045  -99.00  -99.00   43.43    1.23    1.25   -0.03
   7 1045   13.48   12.70    0.00    0.83    2.19   -0.13
   3 1045   13.10   12.32   44.20    1.70    1.31   -0.06
  31 1045  -99.00  -99.00  -99.00  -99.00  -99.00  -99.00
  27 1045  -99.00  -99.00  -99.00  -99.00  -99.00  -99.00
  17 1045  -99.00  -99.00   54.61    0.38    0.17    0.02
  11 1045   12.69   12.00    2.03    1.87    1.39    0.00
  19 1045   12.69   12.11    0.00    0.87    0.73    0.01
  21 1045   12.65   11.94   38.10    1.86    0.90    0.00
  23 1045   12.05   11.56   31.50    3.37    0.44   -0.13
   5 1115  -99.00  -99.00   43.43    1.26    1.10   -0.03
   7 1115  -99.00  -99.00  -99.00  -99.00  -99.00  -99.00
   3 1115   13.02   12.32   44.20    1.50    1.19   -0.05
  31 1115  -99.00  -99.00  -99.00  -99.00  -99.00  -99.00
  27 1115  -99.00  -99.00  -99.00  -99.00  -99.00  -99.00
  17 1115  -99.00  -99.00   54.61    0.91    0.10    0.00
  11 1115   12.77   12.10    2.03    2.26    0.99    0.01
  19 1115   12.25   11.75    0.00   -0.19    0.41   -0.01
  21 1115   12.87   12.10   38.10    2.09    0.31    0.00
  23 1115   12.33   11.80   31.50    3.22    0.33   -0.11
   5 1145  -99.00  -99.00   43.43    1.32    1.46    0.01
   7 1145   13.94   13.06    0.00    0.68    2.24   -0.13
   3 1145   13.49   12.71   44.20    1.19    1.62   -0.06
  31 1145  -99.00  -99.00  -99.00  -99.00  -99.00  -99.00
  27 1145    9.54    9.74    0.00    0.69    1.73    0.19
  17 1145  -99.00  -99.00   54.61    0.97    0.71    0.03
  11 1145   12.83   12.18    2.03    1.93    1.25    0.00
  19 1145   12.44   11.92    0.00    0.27    1.09    0.01
  21 1145   13.07   12.24   38.10    1.02    0.96    0.00
  23 1145   11.88   11.47   31.50    2.61    0.43   -0.09
   5 1215  -99.00  -99.00   43.43    0.11    1.83    0.03
   7 1215   14.31   13.22    0.00    0.93    3.09   -0.15
   3 1215   13.75   12.90   44.20    0.73    2.06   -0.07
  31 1215  -99.00  -99.00  -99.00  -99.00  -99.00  -99.00
  27 1215    9.54    9.74    0.00    0.29    1.46    0.08
  17 1215  -99.00  -99.00   54.61    0.40    0.55    0.02
  11 1215   13.11   12.40    2.03    1.55    1.88   -0.01
  19 1215   12.38   11.86    0.00   -0.34    0.91   -0.01
  21 1215   13.23   12.42   38.10    1.33    1.19    0.00
  23 1215   12.50   11.99   31.50    2.73    0.45   -0.09
   5 1245  -99.00  -99.00   43.43    0.13    2.19    0.02
   7 1245   14.59   13.36    0.00    0.40    3.02   -0.22
   3 1245   14.88   13.58   44.20    1.07    2.83   -0.08
  31 1245  -99.00  -99.00  -99.00  -99.00  -99.00  -99.00
  27 1245    9.54    9.74    0.00    0.17    2.25    0.11
  17 1245  -99.00  -99.00   54.61    0.01    0.25    0.03
  11 1245   14.21   13.33    2.03    1.01    1.45   -0.03
  19 1245   13.63   12.98    0.00   -0.21    1.07    0.01
  21 1245   14.45   13.44   38.10    1.50    1.32    0.01
  23 1245   14.15   13.36   31.50    2.55    0.71   -0.10
   5 1315  -99.00  -99.00   43.43    0.59    2.05    0.00
   7 1315   15.31   14.06    0.00    0.53    2.75   -0.14
   3 1315   16.05   14.54   44.20    1.52    2.27   -0.08
  31 1315  -99.00  -99.00  -99.00  -99.00  -99.00  -99.00
  27 1315    9.54    9.74    0.00    1.09    1.87    0.31
  17 1315  -99.00  -99.00   54.61    0.02    0.80    0.07
  11 1315   15.54   14.37    2.03    1.59    1.73    0.01
  19 1315   15.67   14.47    0.00    1.30    1.51   -0.03
  21 1315   15.97   14.63   38.10    2.36    1.46    0.02
  23 1315   15.69   14.64   31.50    2.60    0.79   -0.09
   5 1345  -99.00  -99.00   43.43    1.59    2.11    0.00
   7 1345   16.49   15.00    0.00    1.08    2.53   -0.02
   3 1345   17.09   15.31   44.20    1.75    2.33   -0.11
  31 1345  -99.00  -99.00  -99.00  -99.00  -99.00  -99.00
  27 1345    9.54    9.74    0.00    1.49    2.16    0.47
  17 1345  -99.00  -99.00   54.61    0.49    0.71    0.05
  11 1345   16.59   15.17    2.03    1.85    1.75    0.01
  19 1345   17.12   15.68    0.00    1.75    1.26    0.01
  21 1345   17.35   15.68   38.10    2.63    1.19    0.01
  23 1345   17.28   15.81   31.50    3.04    0.93   -0.13
   5 1415  -99.00  -99.00   43.43    2.83    1.39   -0.07
   7 1415   17.85   15.78    0.00    2.15    1.87    0.21
   3 1415   18.39   16.12   44.20    3.07    1.29   -0.05
  31 1415   18.53   16.03   19.30    3.63    1.17    0.37
  27 1415    9.54    9.74    0.00    1.29    1.07    0.37
  17 1415  -99.00  -99.00   54.61    2.57    0.59   -0.04
  11 1415   17.77   15.87    2.03    3.00    0.97    0.03
  19 1415   18.40   16.31    0.00    2.96    0.77    0.02
  21 1415   18.81   16.42   38.10    3.57    0.65    0.04
  23 1415   18.66   16.45   31.50    3.70    0.75   -0.17
   5 1445  -99.00  -99.00   43.43    2.68    0.93   -0.04
   7 1445   18.98   16.18    0.00    2.13    0.71    0.35
   3 1445   19.40   16.52   44.20    2.97    0.52   -0.06
  31 1445   19.46   16.34   19.30    3.35    0.21    0.35
  27 1445    9.54    9.74    0.00    1.91    0.20    0.50
  17 1445  -99.00  -99.00   54.61    2.79    0.14    0.01
  11 1445   19.03   16.47    2.03    3.05    0.38    0.06
  19 1445   19.62   16.83    0.00    2.71    0.07    0.09
  21 1445   19.69   16.76   38.10    4.02    0.51    0.04
  23 1445   19.84   16.89   31.50    3.55    0.05   -0.13
   5 1515  -99.00  -99.00   43.43    2.77    0.60   -0.06
   7 1515   20.00   16.56    0.00    2.10    0.40    0.41
   3 1515   20.43   16.85   44.20    3.19    0.11   -0.07
  31 1515   20.82   16.85   19.30    3.39   -0.09    0.41
  27 1515    9.54    9.74    0.00    1.91   -0.19    0.43
  17 1515  -99.00  -99.00   54.61    2.87   -0.55   -0.07
  11 1515   20.18   16.71    2.03    2.89    0.07    0.08
  19 1515   20.63   17.07    0.00    3.13   -0.42    0.09
  21 1515   20.74   17.08   38.10    3.77   -0.47    0.07
  23 1515   20.85   17.14   31.50    3.41   -0.53   -0.12
   5 1545  -99.00  -99.00   43.43    2.65   -0.62   -0.07
   7 1545   21.03   17.04    0.00    2.19   -0.05    0.39
   3 1545   21.54   17.47   44.20    2.80   -0.01    0.00
  31 1545   21.53   17.19   19.30    3.29   -0.72    0.41
  27 1545    9.76    9.74    0.00    1.95   -1.65    0.43
  17 1545  -99.00  -99.00   54.61    2.81   -0.75   -0.09
  11 1545   21.26   17.01    2.03    2.87   -0.75    0.11
  19 1545   21.51   17.28    0.00    3.02   -0.67    0.09
  21 1545   21.49   17.30   38.10    3.33   -0.83    0.06
  23 1545   21.79   17.50   31.50    3.18   -0.75   -0.13
   5 1615  -99.00  -99.00   43.43    2.60   -0.86   -0.04
   7 1615   22.19   17.49    0.00    2.15   -1.17    0.56
   3 1615   22.54   17.90   44.20    3.03   -0.77    0.06
  31 1615   22.59   17.77   19.30    3.32   -0.35    0.44
  27 1615    9.57    9.75    0.00    2.41   -1.17    0.61
  17 1615  -99.00  -99.00   54.61    2.61   -0.43   -0.03
  11 1615   22.19   17.46    2.03    2.99   -0.54    0.12
  19 1615   22.39   17.73    0.00    2.98   -1.27    0.17
  21 1615   22.45   17.57   38.10    3.49   -1.55    0.13
  23 1615   22.58   17.70   31.50    3.28   -1.01   -0.10
   5 1645  -99.00  -99.00   43.43    2.67   -1.28   -0.04
   7 1645   23.10   17.62    0.00    2.11   -1.06    0.53
   3 1645   23.32   17.94   44.20    2.48   -1.83    0.11
  31 1645   23.51   17.88    0.00    3.35   -1.14    0.45
  27 1645   20.15   16.25    0.00    2.57   -1.66    0.61
  17 1645  -99.00  -99.00   54.61    3.09   -0.91   -0.05
  11 1645   23.08   17.66    2.03    3.30   -0.87    0.15
  19 1645   22.95   17.71    0.00    3.45   -0.95    0.10
  21 1645   23.07   17.67   38.10    3.60   -1.73    0.13
  23 1645   23.24   17.93   31.50    3.27   -0.91   -0.15
   5 1715  -99.00  -99.00   43.43    3.13   -0.77   -0.06
   7 1715   23.67   17.55    0.00    1.99   -1.20    0.47
   3 1715   24.15   17.93   44.20    3.30   -1.31    0.07
  31 1715   24.13   17.79    0.00    2.97   -1.23    0.35
  27 1715   23.32   17.62    0.00    2.85   -1.55    0.73
  17 1715  -99.00  -99.00   54.61    3.08   -0.91   -0.04
  11 1715   23.66   17.60    2.03    3.18   -0.90    0.15
  19 1715   23.75   18.05    0.00    3.03   -1.14    0.15
  21 1715   23.73   17.84   38.10    3.20   -1.52    0.14
  23 1715   23.71   18.05   31.50    3.29   -0.76   -0.13
   5 1745  -99.00  -99.00   43.43    3.55    0.36   -0.09
   7 1745   24.04   17.62    0.00    2.54    0.25    0.49
   3 1745   24.31   17.95   44.20    3.41   -0.45   -0.02
  31 1745   24.46   17.75    0.00    3.25   -0.45    0.41
  27 1745   23.93   17.68    0.00    2.65   -0.78    0.67
  17 1745  -99.00  -99.00   54.61    3.22   -0.32   -0.03
  11 1745   23.88   17.64    2.03    3.36    0.31    0.06
  19 1745   23.90   18.13    0.00    2.90   -0.92    0.13
  21 1745   23.86   17.76   38.10    3.49   -0.91    0.11
  23 1745   24.00   18.01   31.50    3.63   -0.11   -0.12
   5 1815  -99.00  -99.00   43.43    3.13    0.06   -0.02
   7 1815   24.41   17.61    0.00    2.57   -0.16    0.52
   3 1815   24.54   17.99   44.20    3.37   -0.13   -0.01
  31 1815   24.79   17.72    0.00    3.33    0.19    0.40
  27 1815   24.05   17.75    0.00    2.80   -1.39    0.69
  17 1815  -99.00  -99.00   54.61    2.92   -0.66   -0.07
  11 1815   24.32   17.64    2.03    3.43    0.46    0.10
  19 1815   24.40   18.22    0.00    2.86   -0.22    0.08
  21 1815   24.40   17.99   38.10    3.43   -0.66    0.09
  23 1815   24.56   18.10   31.50    3.51   -0.37   -0.13
   5 1845  -99.00  -99.00   43.43    2.97    0.28   -0.10
   7 1845   24.96   17.89    0.00    2.31    0.45    0.43
   3 1845   25.27   18.34   44.20    3.15    0.29   -0.01
  31 1845   25.31   18.11    0.00    3.04    0.25    0.39
  27 1845   24.47   17.94    0.00    2.74   -1.48    0.70
  17 1845  -99.00  -99.00   54.61    2.91    0.43    0.01
  11 1845   24.69   18.05    2.03    2.94    0.71    0.07
  19 1845   24.52   18.11    0.00    2.86   -0.71    0.09
  21 1845   24.54   17.95   38.10    3.14   -0.65    0.09
  23 1845   24.75   18.28   31.50    3.27   -0.48   -0.12
   5 1915  -99.00  -99.00   43.43    3.11   -0.04   -0.10
   7 1915   25.04   17.91    0.00    2.27    1.22    0.36
   3 1915   25.55   18.36   44.20    2.93    0.34   -0.02
  31 1915   25.75   18.13    0.00    3.13   -0.44    0.41
  27 1915   24.80   17.92    0.00    2.61   -0.66    0.59
  17 1915  -99.00  -99.00   54.61    2.79    0.09   -0.05
  11 1915   24.63   18.00    2.03    2.69    0.43    0.09
  19 1915   24.86   18.49    0.00    2.43   -0.83    0.15
  21 1915   24.78   17.97   38.10    2.73   -0.77    0.09
  23 1915   24.96   18.37   31.50    2.97   -0.35   -0.13
   5 1945  -99.00  -99.00   43.43    3.54    1.07   -0.07
   7 1945   25.10   17.77    0.00    2.34    0.68    0.38
   3 1945   25.79   18.40   44.20    3.50    0.02   -0.02
  31 1945   26.00   18.16    0.00    2.87    1.12    0.35
  27 1945   25.36   18.07    0.00    2.65    0.85    0.79
  17 1945  -99.00  -99.00   54.61    2.85    1.09    0.00
  11 1945   24.97   17.95    2.03    3.09    0.81    0.03
  19 1945   25.34   18.44    0.00    2.23    0.73    0.07
  21 1945   24.74   17.80   38.10    3.53   -0.13    0.05
  23 1945   25.45   18.56   31.50    2.72    0.82   -0.07
   5 2015  -99.00  -99.00   43.43    3.31    1.03   -0.07
   7 2015   25.63   18.03    0.00    2.37    1.82    0.32
   3 2015   25.88   18.39   44.20    3.27    0.64   -0.03
  31 2015   25.91   18.11    0.00    3.28    0.96    0.40
  27 2015   25.35   18.01    0.00    2.72   -0.01    0.71
  17 2015  -99.00  -99.00    0.00    3.03    0.45    0.01
  11 2015   25.28   18.06    2.03    2.73    1.14    0.05
  19 2015   25.66   18.31    0.00    3.20    0.42    0.08
  21 2015   25.54   18.01   38.10    3.37    0.20    0.09
  23 2015   25.40   18.37   31.50    2.79    0.80   -0.09
   5 2045  -99.00  -99.00   43.43    2.99    1.93   -0.09
   7 2045   25.77   17.94    0.00    2.28    1.31    0.31
   3 2045   26.08   18.35   44.20    3.13    0.69   -0.05
  31 2045   26.22   18.17    0.00    3.06    0.58    0.32
  27 2045   25.55   18.19    0.00    2.32    0.24    0.72
  17 2045  -99.00  -99.00    0.00    3.13    1.01    0.01
  11 2045   25.55   17.85    2.03    3.36    1.08    0.05
  19 2045   25.80   18.30    0.00    2.61    1.07    0.01
  21 2045   25.59   17.97   38.10    2.91    1.35    0.02
  23 2045   25.80   18.32   31.50    3.25    0.48   -0.09
   5 2115  -99.00  -99.00   43.43    2.72    1.47   -0.07
   7 2115   26.01   17.97    0.00    1.65    1.74    0.14
   3 2115   26.25   18.27   44.20    2.63    0.93   -0.01
  31 2115   26.35   17.94    0.00    2.42    1.16    0.31
  27 2115   25.94   18.17    0.00    2.10   -0.21    0.60
  17 2115  -99.00  -99.00    0.00    1.71    1.48    0.01
  11 2115   25.62   17.80    2.03    2.33    0.83    0.03
  19 2115   25.81   17.79    0.00    2.00    1.19   -0.01
  21 2115   25.75   17.76   38.10    2.00    1.43    0.03
  23 2115   25.77   18.16   31.50    2.84    0.07   -0.09
   5 2145  -99.00  -99.00   43.43    2.15    0.59   -0.04
   7 2145   26.30   17.83    0.00    1.74    1.11    0.27
   3 2145   26.15   17.82   44.20    2.67    0.89   -0.09
  31 2145   26.40   17.83    0.00    1.93    0.28    0.17
  27 2145   26.28   18.08    0.00    1.47   -0.05    0.46
  17 2145  -99.00  -99.00    0.00    2.07    1.19    0.01
  11 2145   25.70   17.56    2.03    1.92    0.65    0.05
  19 2145   25.85   17.83    0.00    1.93    1.04    0.00
  21 2145   25.85   17.74   38.10    2.02    1.22    0.04
  23 2145   25.73   17.68   31.50    2.07    0.70   -0.07
   5 2215  -99.00  -99.00   43.43    2.33    0.71   -0.01
   7 2215   26.19   17.55    0.00    1.60    0.37    0.27
   3 2215   26.17   17.66   44.20    2.41    0.71   -0.05
  31 2215   26.64   17.62    0.00    2.66    0.95    0.34
  27 2215   26.36   17.96    0.00    1.41    0.03    0.41
  17 2215  -99.00  -99.00    0.00    1.80    0.86    0.07
  11 2215   25.70   17.53    2.03    2.35    0.58    0.03
  19 2215   25.75   17.63    0.00    1.90    0.34    0.01
  21 2215   25.87   17.24   38.10    2.06    0.23    0.00
  23 2215   25.71   17.73   31.50    2.52    0.79   -0.09
   5 2245  -99.00  -99.00   43.43    1.99    0.36   -0.04
   7 2245   26.12   17.42    0.00    1.71    1.55    0.17
   3 2245   25.96   17.51   44.20    2.16    0.53   -0.03
  31 2245   26.35   17.43    0.00    2.25    0.77    0.23
  27 2245   26.27   17.74    0.00    1.68   -0.40    0.46
  17 2245  -99.00  -99.00    0.00    2.10    0.71    0.01
  11 2245   25.59   17.36    2.03    1.99    1.01    0.06
  19 2245   25.82   17.41    0.00    1.51    0.13    0.04
  21 2245   25.79   17.20   38.10    2.17   -0.05    0.03
  23 2245   25.58   17.55   31.50    2.13   -0.08   -0.07
   5 2315  -99.00  -99.00   43.43    1.87    0.73   -0.07
   7 2315   25.24   16.98    0.00    1.09    1.02    0.11
   3 2315   25.20   17.41   44.20    1.78    0.75   -0.03
  31 2315   25.89   17.40    0.00    2.06    0.90    0.25
  27 2315   26.01   17.55    0.00    1.89    0.51    0.49
  17 2315  -99.00  -99.00    0.00    1.42   -0.05   -0.02
  11 2315   25.02   17.09    2.03    1.82    0.69    0.03
  19 2315   25.23   17.57    0.00    1.09    0.98    0.01
  21 2315   25.60   17.48   38.10    1.95   -0.49    0.04
  23 2315   24.85   17.32   31.50    2.05    0.17   -0.08
   5 2345  -99.00  -99.00   43.43    0.72    0.80   -0.01
   7 2345   25.10   17.18    0.00    0.64    0.62    0.05
   3 2345   24.17   17.60   44.20    0.67    0.77   -0.03
  31 2345   24.22   17.66    0.00    1.23    0.31    0.15
  27 2345   25.23   17.85    0.00    0.97    1.30    0.29
  17 2345  -99.00  -99.00    0.00    0.59    0.33    0.01
  11 2345   24.56   17.57    2.03    0.87    0.77    0.00
  19 2345   24.74   17.62    0.00    1.03    0.74   -0.01
  21 2345   24.27   17.78   38.10    1.51   -0.09    0.03
  23 2345   24.59   17.67   31.50    1.45    0.00   -0.04
