   5   15  -99.00  -99.00   43.43    0.00    0.74    0.00
   7   15   24.12   17.20    0.00    0.35    1.35   -0.01
   3   15   23.53   17.27   44.20    0.09    1.29   -0.02
  31   15   23.20   17.77    0.00    0.29    0.09    0.03
  27   15   24.25   17.70    0.00    0.17    1.19    0.07
  17   15  -99.00  -99.00    0.00    0.57    1.00    0.04
  11   15   23.82   17.69    2.03    0.29    1.04   -0.01
  19   15   23.31   17.19    0.00    0.70    1.67   -0.05
  21   15   23.92   17.63   38.10    0.26    0.85    0.00
  23   15   23.91   18.46   31.50    0.45    0.13    0.00
   5   45  -99.00  -99.00   43.43    0.05    1.13    0.00
   7   45   23.37   17.00    0.00    0.11    2.23   -0.13
   3   45   22.63   16.81   44.20    0.04    2.19   -0.05
  31   45   21.59   17.10    0.00    0.17    0.11    0.00
  27   45   23.54   17.29    0.00   -0.07    0.68   -0.01
  17   45  -99.00  -99.00    0.00    0.21    1.27    0.05
  11   45   22.59   17.12    2.03    0.49    1.49    0.00
  19   45   22.79   17.05    0.00    1.52    2.52   -0.07
  21   45   22.14   17.43   38.10    0.23    1.61    0.00
  23   45   22.90   18.51   31.50    0.01    0.65    0.00
   5  115  -99.00  -99.00   43.43    0.29    1.81    0.00
   7  115   22.50   16.97    0.00    0.20    3.02   -0.22
   3  115   22.14   16.79   44.20    0.33    2.67   -0.09
  31  115   19.57   16.02    0.00    0.45    0.36    0.03
  27  115   21.65   17.06    0.00   -0.13    0.92    0.03
  17  115  -99.00  -99.00    0.00   -0.12    1.19    0.05
  11  115   19.88   16.65    2.03    0.24    2.19    0.00
  19  115   21.26   16.92    0.00    1.15    2.55   -0.08
  21  115   20.48   17.11   38.10    0.03    2.01    0.00
  23  115   20.90   17.51    0.00    0.46    1.62    0.00
   5  145  -99.00  -99.00   43.43    0.25    2.04    0.03
   7  145   21.60   17.14    0.00   -0.30    3.19   -0.28
   3  145   21.85   16.87   44.20    0.34    3.07   -0.07
  31  145   18.90   15.95    0.00    0.57    1.01    0.06
  27  145   20.39   17.05    0.00    0.01    0.74    0.08
  17  145  -99.00  -99.00    0.00   -0.34    0.67    0.02
  11  145   19.47   16.69    2.03    0.07    2.11   -0.01
  19  145   20.73   16.94    0.00    0.69    2.76   -0.10
  21  145   19.93   16.82   38.10   -0.07    2.18   -0.01
  23  145   18.87   16.42    0.00    1.15    1.55    0.00
   5  215  -99.00  -99.00   43.43    0.31    1.98    0.01
   7  215   21.14   16.90    0.00   -0.05    3.65   -0.27
   3  215   21.46   16.83   44.20    0.39    3.32   -0.07
  31  215   19.49   16.46    0.00    1.05    1.73    0.12
  27  215   19.78   17.16    0.00    0.10    0.73    0.09
  17  215  -99.00  -99.00    0.00   -0.41    1.01    0.04
  11  215   19.20   16.68    2.03    0.04    1.91   -0.01
  19  215   20.50   16.80    0.00    0.99    2.79   -0.09
  21  215   19.51   16.69   38.10   -0.03    2.29    0.00
  23  215   18.43   16.51    0.00    0.61    1.31    0.01
   5  245  -99.00  -99.00   43.43    0.83    2.27    0.00
   7  245   19.76   16.68    0.00    0.39    1.75   -0.04
   3  245   20.90   16.70   44.20    0.51    2.89   -0.06
  31  245   19.98   16.64    0.00    1.27    2.11    0.15
  27  245   19.95   16.88    0.00    0.51    1.96    0.25
  17  245  -99.00  -99.00    0.00   -0.09    0.45    0.01
  11  245   18.97   16.46    2.03    0.28    2.10   -0.01
  19  245   19.99   16.58    0.00    1.43    3.07   -0.11
  21  245   19.10   16.48   38.10    0.07    2.38   -0.01
  23  245   17.55   16.14    0.00    0.61    1.33    0.00
   5  315  -99.00  -99.00   43.43    0.30    2.00    0.01
   7  315   19.24   16.51    0.00   -0.27    2.23   -0.07
   3  315   20.27   16.48   44.20    0.43    2.93   -0.07
  31  315   19.38   16.41    0.00    1.42    2.53    0.18
  27  315   20.06   16.66    0.00    0.17    2.99    0.20
  17  315  -99.00  -99.00    0.00   -0.82    0.52    0.04
  11  315   18.80   16.23    2.03    0.56    2.33   -0.01
  19  315   19.08   16.31    0.00    1.38    3.11   -0.11
  21  315   18.79   16.31   38.10    0.42    2.53   -0.01
  23  315   18.12   16.15    0.00    1.38    1.47   -0.01
   5  345  -99.00  -99.00   43.43    1.01    3.34    0.01
   7  345   19.90   16.31    0.00   -0.21    4.08   -0.31
   3  345   20.03   16.24   44.20    0.91    3.45   -0.08
  31  345   18.70   16.03    0.00    1.55    2.65    0.19
  27  345   19.71   16.47    0.00    0.51    2.85    0.23
  17  345  -99.00  -99.00    0.00   -0.94    0.70    0.05
  11  345   18.40   15.79    2.03    0.89    2.74   -0.03
  19  345   18.48   16.03    0.00    1.34    3.27   -0.13
  21  345   18.30   15.92   38.10    0.45    2.31   -0.01
  23  345   18.34   15.84    0.00    2.09    1.91   -0.03
   5  415  -99.00  -99.00   43.43    1.19    3.50    0.03
   7  415   19.80   16.12    0.00    0.46    4.34   -0.22
   3  415   19.56   16.03   44.20    1.29    3.49   -0.08
  31  415   18.49   15.82    0.00    1.67    2.83    0.20
  27  415   19.24   16.17    0.00    0.42    3.13    0.21
  17  415  -99.00  -99.00    0.00   -0.75    0.97    0.05
  11  415   17.67   15.43    2.03    0.83    2.57   -0.01
  19  415   18.26   15.81    0.00    1.55    3.31   -0.09
  21  415   17.68   15.63   38.10    0.43    2.28   -0.01
  23  415   17.93   15.47    0.00    2.11    1.85   -0.03
   5  445  -99.00  -99.00   43.43    1.08    3.43    0.03
   7  445   19.33   15.87    0.00    0.26    4.22   -0.25
   3  445   19.30   15.82   44.20    1.16    3.49   -0.08
  31  445   18.26   15.65    0.00    1.80    2.96    0.23
  27  445   18.87   15.90    0.00    0.64    3.50    0.28
  17  445  -99.00  -99.00    0.00   -1.07    0.65    0.06
  11  445   17.59   15.28    2.03    0.70    2.85   -0.01
  19  445   18.27   15.65    0.00    1.81    3.63   -0.11
  21  445   17.49   15.43   38.10    0.55    2.51   -0.01
  23  445   17.84   15.31    0.00    2.19    1.91   -0.03
   5  515  -99.00  -99.00   43.43    1.25    3.54    0.01
   7  515   19.19   15.65    0.00    0.47    4.43   -0.23
   3  515   18.89   15.54   44.20    1.30    3.69   -0.11
  31  515   17.83   15.36    0.00    1.93    3.13    0.25
  27  515   18.66   15.71    0.00    0.58    3.47    0.28
  17  515  -99.00  -99.00    0.00   -0.95    0.84    0.03
  11  515   17.50   15.10    2.03    1.08    3.01   -0.01
  19  515   18.19   15.46    0.00    1.83    3.61   -0.10
  21  515   17.38   15.25   38.10    0.39    2.28   -0.01
  23  515   17.86   15.23    0.00    2.37    2.17   -0.02
   5  545  -99.00  -99.00   43.43    1.39    3.49    0.01
   7  545   19.12   15.47    0.00    0.55    4.58   -0.22
   3  545   18.63   15.33   44.20    1.42    3.95   -0.12
  31  545   17.24   15.08    0.00    1.92    3.36    0.26
  27  545   18.37   15.49    0.00    0.51    3.25    0.24
  17  545  -99.00  -99.00    0.00   -0.84    0.55    0.01
  11  545   17.04   14.85    2.03    1.09    2.73   -0.02
  19  545   18.97   15.52    0.00    2.53    4.15   -0.11
  21  545   17.09   15.04   38.10    0.63    2.35    0.00
  23  545   17.73   15.09    0.00    2.82    2.13   -0.04
   5  615  -99.00  -99.00   43.43    1.27    3.58    0.03
   7  615   18.72   15.26    0.00    0.36    4.42   -0.25
   3  615   18.58   15.17   44.20    1.52    3.94   -0.12
  31  615   17.11   14.90    0.00    1.92    3.41    0.24
  27  615   18.19   15.31    0.00    0.22    3.20    0.19
  17  615  -99.00  -99.00    0.00   -0.77    0.10    0.03
  11  615   16.93   14.70    2.03    1.03    2.78   -0.02
  19  615   17.94   15.15    0.00    2.01    3.88   -0.11
  21  615   17.31   15.02   38.10    1.07    2.85    0.01
  23  615   17.49   14.89    0.00    2.81    2.15   -0.03
   5  645  -99.00  -99.00   43.43    1.35    3.61    0.03
   7  645   18.54   15.08    0.00    0.57    4.15   -0.15
   3  645   18.34   15.00   44.20    1.63    3.75   -0.11
  31  645   17.29   14.85    0.00    2.03    3.48    0.25
  27  645   17.57   15.12    0.00    0.61    3.20    0.26
  17  645  -99.00  -99.00    0.00   -0.81    0.12    0.03
  11  645   16.76   14.51    2.03    1.09    2.73   -0.01
  19  645   17.58   14.88    0.00    1.88    3.57   -0.09
  21  645   16.89   14.87   38.10    0.82    3.04    0.00
  23  645   17.06   14.64    0.00    2.42    1.96   -0.03
   5  715  -99.00  -99.00   43.43    1.32    4.41    0.07
   7  715   17.90   14.83    0.00   -0.07    4.61   -0.34
   3  715   18.20   14.86   44.20    1.35    4.41   -0.13
  31  715   16.81   14.55    0.00    2.01    3.38    0.25
  27  715   17.81   14.93    0.00    0.29    3.81    0.23
  17  715  -99.00  -99.00    0.00   -1.28    0.73    0.08
  11  715   16.60   14.38    2.03    1.06    3.46   -0.03
  19  715   16.77   14.67    0.00    1.41    3.47   -0.11
  21  715   16.93   14.78   38.10    0.93    3.33   -0.01
  23  715   17.63   14.71    0.00    2.47    2.81   -0.01
   5  745  -99.00  -99.00   43.43    1.29    4.40    0.09
   7  745   17.30   14.64    0.00   -0.03    4.60   -0.34
   3  745   17.66   14.69   44.20    1.34    4.37   -0.13
  31  745   16.36   14.33    0.00    2.06    3.44    0.27
  27  745   17.71   14.81    0.00    0.45    3.69    0.26
  17  745  -99.00  -99.00    0.00   -1.03    0.15    0.02
  11  745   16.42   14.29    2.03    1.15    3.41   -0.03
  19  745   16.54   14.61    0.00    1.75    4.00   -0.12
  21  745   17.10   14.75   38.10    1.23    3.93   -0.01
  23  745   17.70   14.80    0.00    2.51    3.12    0.01
   5  815  -99.00  -99.00   43.43    1.53    4.12    0.06
   7  815   17.03   14.61    0.00    0.31    4.64   -0.28
   3  815   17.15   14.64   44.20    1.44    4.35   -0.13
  31  815   16.27   14.36    0.00    2.19    3.59    0.28
  27  815   17.40   14.81    0.00    0.36    3.79    0.28
  17  815  -99.00  -99.00    0.00   -1.06    0.26    0.01
  11  815   15.98   14.25    2.03    1.01    3.63   -0.03
  19  815   16.24   14.52    0.00    1.76    3.74   -0.12
  21  815   16.75   14.66   38.10    1.21    3.84    0.03
  23  815   17.39   14.75    0.00    2.25    3.04    0.03
   5  845  -99.00  -99.00   43.43    1.19    3.85    0.08
   7  845   16.44   14.42    0.00    0.12    3.93   -0.20
   3  845   16.88   14.56   44.20    1.49    4.27   -0.12
  31  845   15.82   14.22    0.00    2.07    3.33    0.25
  27  845   17.28   14.81    0.00    0.55    3.87    0.32
  17  845  -99.00  -99.00    0.00   -0.87    0.10    0.01
  11  845   15.97   14.24    2.03    1.24    3.65   -0.03
  19  845   16.07   14.46    0.00    1.71    3.85   -0.12
  21  845   16.65   14.63   38.10    1.37    3.93    0.01
  23  845   17.12   14.63    0.00    2.15    3.07    0.02
   5  915  -99.00  -99.00   43.43    1.63    3.72    0.03
   7  915  -99.00  -99.00  -99.00  -99.00  -99.00  -99.00
   3  915   16.77   14.50   44.20    1.78    4.50   -0.15
  31  915   16.24   14.40    0.00    2.55    3.75    0.30
  27  915   17.03   14.71    0.00    0.65    3.22    0.30
  17  915  -99.00  -99.00    0.00   -0.27    0.07    0.03
  11  915   15.88   14.15    2.03    1.52    2.93   -0.01
  19  915   16.25   14.40    0.00    1.66    3.13   -0.07
  21  915   16.25   14.42   38.10    1.08    3.42    0.03
  23  915   16.93   14.51    0.00    2.45    2.93   -0.01
   5  945  -99.00  -99.00   43.43    2.29    4.55    0.07
   7  945  -99.00  -99.00  -99.00  -99.00  -99.00  -99.00
   3  945   16.53   14.38   44.20    1.76    4.62   -0.14
  31  945   16.05   14.29    0.00    2.51    3.67    0.30
  27  945   16.64   14.52    0.00    0.33    3.14    0.19
  17  945  -99.00  -99.00    0.00   -0.79    0.13    0.03
  11  945   15.30   13.84    2.03    1.41    2.67   -0.01
  19  945   16.15   14.29    0.00    1.57    2.95   -0.09
  21  945   16.29   14.31   38.10    1.53    3.52    0.01
  23  945   16.69   14.37    0.00    3.03    2.72   -0.03
   5 1015  -99.00  -99.00   43.43    2.60    5.23    0.07
   7 1015  -99.00  -99.00  -99.00  -99.00  -99.00  -99.00
   3 1015   16.24   14.22   44.20    1.94    4.47   -0.13
  31 1015   15.61   14.03    0.00    2.48    3.95    0.30
  27 1015   16.48   14.41    0.00    0.16    4.06    0.24
  17 1015  -99.00  -99.00    0.00   -0.59    0.28    0.03
  11 1015   15.15   13.74    2.03    1.06    3.51   -0.02
  19 1015   15.67   14.07    0.00    1.61    3.29   -0.08
  21 1015   16.24   14.31   38.10    1.46    3.89    0.03
  23 1015   16.22   14.14    0.00    2.59    2.78   -0.03
   5 1045  -99.00  -99.00   43.43    2.23    5.41    0.09
   7 1045  -99.00  -99.00  -99.00  -99.00  -99.00  -99.00
   3 1045   15.98   14.04   44.20    1.67    4.91   -0.17
  31 1045   15.23   13.84    0.00    2.46    3.97    0.29
  27 1045   16.53   14.37    0.00    0.77    4.09    0.37
  17 1045  -99.00  -99.00    0.00   -0.43    0.51    0.04
  11 1045   15.03   13.68    2.03    1.30    3.99   -0.05
  19 1045   15.72   14.11    0.00    2.11    3.94   -0.11
  21 1045   15.98   14.26   38.10    1.56    4.15    0.01
  23 1045   16.03   14.17    0.00    2.82    3.12    0.00
   5 1115  -99.00  -99.00   43.43    3.12    5.97    0.05
   7 1115  -99.00  -99.00  -99.00  -99.00  -99.00  -99.00
   3 1115   15.86   13.98   44.20    1.91    4.88   -0.15
  31 1115   15.15   13.81    0.00    2.53    3.99    0.31
  27 1115   16.34   14.34    0.00    0.60    3.67    0.31
  17 1115  -99.00  -99.00    0.00   -0.63    0.34    0.04
  11 1115   14.98   13.69    2.03    1.37    4.08   -0.03
  19 1115   15.92   14.16    0.00    2.33    4.29   -0.10
  21 1115   16.13   14.21   38.10    2.29    4.08    0.03
  23 1115   15.96   14.10    0.00    3.13    3.07   -0.02
   5 1145  -99.00  -99.00   43.43    3.27    6.29    0.09
   7 1145  -99.00  -99.00  -99.00  -99.00  -99.00  -99.00
   3 1145   16.22   14.09   44.20    2.39    5.50   -0.17
  31 1145   15.36   13.86    0.00    2.77    4.24    0.34
  27 1145   16.42   14.27    0.00    0.74    3.73    0.33
  17 1145  -99.00  -99.00    0.00    0.02    1.79    0.09
  11 1145   15.19   13.65    2.03    1.59    4.04   -0.03
  19 1145   16.09   14.08    0.00    2.61    4.33   -0.09
  21 1145   16.12   14.08   38.10    2.22    4.08    0.02
  23 1145   15.90   13.96    0.00    3.33    2.98   -0.03
   5 1215  -99.00  -99.00   43.43    3.39    6.76    0.07
   7 1215  -99.00  -99.00  -99.00  -99.00  -99.00  -99.00
   3 1215   16.62   14.11   44.20    2.88    5.54   -0.15
  31 1215   15.88   14.02    0.00    2.91    4.29    0.33
  27 1215   16.94   14.29    0.00    1.11    4.18    0.45
  17 1215  -99.00  -99.00    0.00    1.43    2.93    0.15
  11 1215   15.52   13.74    2.03    1.36    4.12   -0.03
  19 1215   16.31   14.19    0.00    2.53    4.54   -0.10
  21 1215  -99.00  -99.00  -99.00  -99.00  -99.00  -99.00
  23 1215   16.18   14.07    0.00    3.23    2.81   -0.05
   5 1245  -99.00  -99.00   43.43    3.46    6.55    0.05
   7 1245  -99.00  -99.00  -99.00  -99.00  -99.00  -99.00
   3 1245   17.34   14.50   44.20    3.05    5.38   -0.16
  31 1245   16.94   14.54    0.00    3.07    4.75    0.33
  27 1245   17.53   14.60    0.00    1.41    4.55    0.58
  17 1245  -99.00  -99.00    0.00    1.59    2.87    0.17
  11 1245   16.42   14.24    2.03    1.49    4.05   -0.01
  19 1245   17.09   14.69    0.00    2.20    4.56   -0.10
  21 1245  -99.00  -99.00  -99.00  -99.00  -99.00  -99.00
  23 1245   17.37   14.63    0.00    3.45    3.27   -0.03
   5 1315  -99.00  -99.00   43.43    3.58    6.69    0.09
   7 1315  -99.00  -99.00  -99.00  -99.00  -99.00  -99.00
   3 1315   18.34   15.10   44.20    3.57    5.53   -0.19
  31 1315   18.12   15.17    0.00    3.17    5.23    0.34
  27 1315   18.47   15.09    0.00    1.77    5.03    0.71
  17 1315  -99.00  -99.00    0.00    1.98    2.50    0.12
  11 1315   17.84   14.95    2.03    1.84    3.73   -0.01
  19 1315   18.73   15.42    0.00    2.77    4.62   -0.15
  21 1315   18.57   15.37   38.10    2.83    4.53    0.05
  23 1315   18.80   15.36    0.00    3.77    3.97   -0.03
   5 1345  -99.00  -99.00   43.43    3.65    6.39    0.07
   7 1345  -99.00  -99.00  -99.00  -99.00  -99.00  -99.00
   3 1345   19.65   15.85   44.20    3.64    5.37   -0.18
  31 1345   19.61   15.95    0.00    3.14    5.01    0.40
  27 1345   19.67   15.76    0.00    1.77    5.49    0.80
  17 1345  -99.00  -99.00    0.00    2.94    3.64    0.14
  11 1345   19.40   15.83    2.03    2.39    3.75   -0.01
  19 1345   20.05   16.12    0.00    2.95    4.13   -0.08
  21 1345   19.65   16.01   38.10    3.21    4.48    0.01
  23 1345   20.02   16.02    0.00    4.18    4.15   -0.07
   5 1415  -99.00  -99.00   43.43    4.31    6.39    0.02
   7 1415  -99.00  -99.00  -99.00  -99.00  -99.00  -99.00
   3 1415   20.47   16.26   44.20    4.18    5.38   -0.18
  31 1415   20.59   16.41    0.00    3.47    5.17    0.44
  27 1415   20.58   16.27    0.00    2.35    5.61    0.91
  17 1415  -99.00  -99.00    0.00    3.42    4.10    0.18
  11 1415   20.67   16.38    2.03    3.25    4.49    0.01
  19 1415   21.03   16.63    0.00    3.77    3.96   -0.09
  21 1415   20.88   16.60   38.10    3.50    4.62    0.05
  23 1415   21.07   16.57    0.00    4.53    4.68   -0.07
   5 1445  -99.00  -99.00   43.43    4.00    5.54    0.03
   7 1445  -99.00  -99.00  -99.00  -99.00  -99.00  -99.00
   3 1445   21.66   16.86   44.20    4.44    4.96   -0.20
  31 1445   21.72   16.92    0.00    3.58    4.67    0.49
  27 1445   21.41   16.70    0.00    2.69    4.91    0.97
  17 1445  -99.00  -99.00    0.00    3.49    3.53    0.13
  11 1445   21.74   16.85    2.03    3.67    4.00    0.03
  19 1445   21.96   16.90    0.00    4.49    4.63   -0.07
  21 1445   22.01   17.06   38.10    3.57    4.90    0.05
  23 1445   22.01   17.08    0.00    4.40    4.57   -0.07
   5 1515  -99.00  -99.00   43.43    4.65    5.62    0.04
   7 1515  -99.00  -99.00  -99.00  -99.00  -99.00  -99.00
   3 1515   22.99   17.30   44.20    5.01    5.03   -0.19
  31 1515   23.22   17.47    0.00    3.87    4.69    0.48
  27 1515   22.56   17.13    0.00    3.27    3.89    1.03
  17 1515  -99.00  -99.00    0.00    3.46    4.05    0.13
  11 1515   22.85   17.31    2.03    3.80    4.13    0.03
  19 1515   22.83   17.36    0.00    4.18    4.56   -0.08
  21 1515   22.88   17.48   38.10    3.43    4.70    0.11
  23 1515   22.93   17.47    0.00    4.39    4.29   -0.04
   5 1545  -99.00  -99.00   43.43    4.31    5.99   -0.01
   7 1545  -99.00  -99.00  -99.00  -99.00  -99.00  -99.00
   3 1545   23.90   17.71   44.20    5.08    5.20   -0.23
  31 1545   24.13   17.83    0.00    4.56    4.23    0.63
  27 1545   23.42   17.50    0.00    3.37    4.35    1.16
  17 1545  -99.00  -99.00    0.00    3.67    4.19    0.15
  11 1545   23.52   17.58    2.03    3.57    4.90    0.01
  19 1545   23.58   17.78    0.00    4.42    4.24   -0.09
  21 1545   23.67   17.88   38.10    3.53    4.81    0.05
  23 1545   23.76   17.83    0.00    4.63    4.27   -0.03
   5 1615  -99.00  -99.00   43.43    4.46    5.16    0.04
   7 1615  -99.00  -99.00  -99.00  -99.00  -99.00  -99.00
   3 1615   24.55   17.99   44.20    5.21    5.24   -0.19
  31 1615  -99.00  -99.00  -99.00  -99.00  -99.00  -99.00
  27 1615   24.02   17.74    0.00    3.17    4.78    1.14
  17 1615  -99.00  -99.00    0.00    3.99    3.89    0.16
  11 1615   24.21   17.94    2.03    3.77    4.55    0.01
  19 1615   24.27   18.16    0.00    3.75    4.28   -0.04
  21 1615   24.28   18.00   38.10    3.74    4.81    0.05
  23 1615   24.32   17.94    0.00    4.33    4.88   -0.03
   5 1645  -99.00  -99.00   43.43    5.13    5.87    0.04
   7 1645  -99.00  -99.00  -99.00  -99.00  -99.00  -99.00
   3 1645   25.10   18.30   44.20    5.09    5.13   -0.23
  31 1645   25.44   18.26    0.00    4.03    4.93    0.55
  27 1645   24.75   18.07    0.00    2.43    5.07    0.94
  17 1645  -99.00  -99.00    0.00    4.35    4.23    0.13
  11 1645   24.68   17.99    2.03    4.13    5.23    0.00
  19 1645   24.83   18.39    0.00    3.95    4.47   -0.05
  21 1645   24.77   18.30   38.10    3.59    5.31    0.07
  23 1645   24.76   18.18    0.00    4.34    5.30   -0.03
   5 1715  -99.00  -99.00   43.43    4.47    6.76    0.04
   7 1715  -99.00  -99.00  -99.00  -99.00  -99.00  -99.00
   3 1715   25.63   18.22   44.20    5.43    5.01   -0.17
  31 1715   25.87   18.16    0.00    3.79    5.22    0.53
  27 1715   24.96   17.90    0.00    3.45    4.35    1.18
  17 1715  -99.00  -99.00    0.00    4.05    4.68    0.17
  11 1715   25.18   18.15    2.03    4.17    4.77    0.04
  19 1715   25.16   18.10    0.00    3.93    4.79   -0.03
  21 1715   25.06   18.38   38.10    4.43    4.32    0.07
  23 1715   25.16   18.38    0.00    4.18    4.46    0.02
   5 1745  -99.00  -99.00   43.43    3.93    7.01    0.04
   7 1745  -99.00  -99.00  -99.00  -99.00  -99.00  -99.00
   3 1745   26.07   18.37   44.20    5.08    4.64   -0.14
  31 1745   26.21   18.12    0.00    3.53    5.47    0.46
  27 1745   25.35   18.01    0.00    2.56    5.18    0.99
  17 1745  -99.00  -99.00    0.00    3.53    3.91    0.19
  11 1745   25.35   18.10    2.03    3.83    5.28   -0.01
  19 1745   25.66   18.48    0.00    3.03    5.08   -0.05
  21 1745   25.41   18.17   38.10    3.23    5.49    0.02
  23 1745   25.41   18.31    0.00    3.99    5.02   -0.01
   5 1815  -99.00  -99.00   43.43    3.84    6.37    0.07
   7 1815  -99.00  -99.00  -99.00  -99.00  -99.00  -99.00
   3 1815   26.52   18.36   44.20    3.87    5.94   -0.23
  31 1815   26.65   18.08    0.00    3.34    5.94    0.43
  27 1815   25.79   18.15    0.00    2.57    5.23    0.95
  17 1815  -99.00  -99.00    0.00    3.19    4.71    0.23
  11 1815   25.78   18.18    2.03    3.26    5.74   -0.01
  19 1815   25.88   18.42    0.00    2.73    5.39   -0.14
  21 1815   25.88   18.38   38.10    3.11    5.16    0.07
  23 1815   25.84   18.48    0.00    3.71    5.08    0.03
   5 1845  -99.00  -99.00   43.43    3.65    6.67    0.06
   7 1845  -99.00  -99.00  -99.00  -99.00  -99.00  -99.00
   3 1845   26.69   18.35   44.20    4.60    5.71   -0.21
  31 1845   27.17   18.43    0.00    2.91    5.78    0.41
  27 1845   26.18   18.03    0.00    2.23    5.55    0.93
  17 1845  -99.00  -99.00    0.00    3.07    4.78    0.23
  11 1845   26.17   18.33    2.03    3.08    5.58    0.03
  19 1845   26.10   18.39    0.00    3.26    5.43   -0.11
  21 1845   26.07   18.28   38.10    2.67    6.21    0.01
  23 1845   26.03   18.36    0.00    3.16    5.31    0.08
   5 1915  -99.00  -99.00   43.43    4.27    6.79    0.05
   7 1915   26.84   18.37    0.00    3.15    6.39    0.07
   3 1915   27.02   18.58   44.20    3.90    6.37   -0.22
  31 1915   27.32   18.44    0.00    3.59    5.73    0.49
  27 1915   26.36   18.10    0.00    2.50    5.75    0.97
  17 1915  -99.00  -99.00    0.00    3.73    4.33    0.17
  11 1915   26.28   18.32    2.03    3.63    5.53    0.01
  19 1915   26.25   18.42    0.00    3.04    5.64   -0.11
  21 1915   26.29   18.43   38.10    2.89    5.76    0.05
  23 1915   26.25   18.46    0.00    3.15    5.43    0.05
   5 1945  -99.00  -99.00   43.43    4.30    6.74    0.00
   7 1945   26.87   18.00    0.00    3.50    6.89    0.10
   3 1945   27.15   18.38   44.20    4.71    5.67   -0.19
  31 1945   27.54   18.47    0.00    3.50    5.31    0.52
  27 1945   26.52   18.18    0.00    2.67    6.00    1.05
  17 1945  -99.00  -99.00    0.00    2.47    5.30    0.27
  11 1945   26.30   18.32    2.03    3.06    5.36    0.03
  19 1945   26.53   18.51    0.00    3.58    4.65   -0.07
  21 1945   26.46   18.31   38.10    2.63    5.28    0.07
  23 1945   26.18   18.52    0.00    2.93    4.70    0.07
   5 2015  -99.00  -99.00   43.43    4.00    6.95    0.04
   7 2015  -99.00  -99.00  -99.00  -99.00  -99.00  -99.00
   3 2015   27.19   18.46   44.20    4.73    5.61   -0.23
  31 2015   27.55   18.32    0.00    3.35    6.23    0.43
  27 2015   26.81   18.13    0.00    2.09    5.89    0.89
  17 2015  -99.00  -99.00    0.00    3.14    4.79    0.23
  11 2015   26.06   17.92    2.03    3.23    5.38    0.04
  19 2015   26.48   18.18    0.00    3.07    5.22   -0.11
  21 2015   26.53   18.09   38.10    2.81    4.04   -0.01
  23 2015   26.64   18.37    0.00    2.55    5.90    0.12
   5 2045  -99.00  -99.00   43.43    3.37    6.75    0.05
   7 2045  -99.00  -99.00  -99.00  -99.00  -99.00  -99.00
   3 2045   27.10   18.19   44.20    3.99    6.36   -0.25
  31 2045   27.64   18.29    0.00    3.18    5.65    0.44
  27 2045   26.95   18.17    0.00    1.95    6.11    0.91
  17 2045  -99.00  -99.00    0.00    2.35    4.82    0.26
  11 2045   26.44   17.89    2.03    3.40    6.22   -0.06
  19 2045   26.66   18.35    0.00    3.55    4.83   -0.09
  21 2045   26.80   18.29   38.10    1.83    3.85    0.08
  23 2045   26.55   18.34    0.00    3.55    5.17    0.01
   5 2115  -99.00  -99.00   43.43    2.87    6.66    0.09
   7 2115   27.01   18.08    0.00    2.95    6.80    0.01
   3 2115   27.02   18.24   44.20    4.20    5.37   -0.19
  31 2115   27.50   18.31    0.00    2.65    5.57    0.41
  27 2115   26.99   18.15    0.00    1.94    5.56    0.93
  17 2115  -99.00  -99.00    0.00    2.67    4.51    0.25
  11 2115   26.47   18.06    2.03    2.99    5.81   -0.06
  19 2115   26.63   18.33    0.00    2.53    5.61   -0.12
  21 2115   26.66   18.37   38.10    3.01    4.01    0.09
  23 2115   26.44   18.18    0.00    3.27    5.51    0.04
   5 2145  -99.00  -99.00   43.43    3.43    6.07    0.07
   7 2145  -99.00  -99.00  -99.00  -99.00  -99.00  -99.00
   3 2145   26.92   18.15   44.20    3.23    5.51   -0.21
  31 2145   27.26   18.16    0.00    3.20    4.81    0.44
  27 2145   26.82   18.10    0.00    2.46    5.55    0.99
  17 2145  -99.00  -99.00    0.00    2.81    4.32    0.19
  11 2145   26.35   17.99    2.03    3.02    5.79   -0.04
  19 2145   26.49   18.20    0.00    2.58    5.21   -0.11
  21 2145   26.56   18.23   38.10    1.32    4.77    0.04
  23 2145   26.39   18.35    0.00    1.69    5.27    0.14
   5 2215  -99.00  -99.00   43.43    2.92    6.59    0.07
   7 2215  -99.00  -99.00  -99.00  -99.00  -99.00  -99.00
   3 2215   26.73   18.08   44.20    3.75    5.63   -0.22
  31 2215   27.32   18.35    0.00    2.47    5.36    0.35
  27 2215   26.84   18.23    0.00    1.84    5.10    0.89
  17 2215  -99.00  -99.00    0.00    2.40    4.59    0.20
  11 2215   26.16   17.94    2.03    2.32    5.65   -0.02
  19 2215   26.28   18.14    0.00    2.65    4.95   -0.11
  21 2215   26.35   18.14   38.10    1.77    4.46    0.02
  23 2215   26.10   18.14    0.00    2.65    5.20    0.05
   5 2245  -99.00  -99.00   43.43    2.51    5.80    0.08
   7 2245  -99.00  -99.00  -99.00  -99.00  -99.00  -99.00
   3 2245   26.51   18.11   44.20    2.95    5.18   -0.21
  31 2245   26.98   18.30    0.00    1.99    5.27    0.27
  27 2245   26.63   18.17    0.00    1.79    4.95    0.78
  17 2245  -99.00  -99.00    0.00    1.91    4.53    0.22
  11 2245   25.87   17.94    2.03    1.62    5.69   -0.04
  19 2245   25.99   18.07    0.00    1.67    5.30   -0.12
  21 2245   26.07   18.08   38.10    2.15    4.03    0.03
  23 2245   25.80   18.23    0.00    1.74    4.92    0.11
   5 2315  -99.00  -99.00   43.43    1.92    6.05    0.07
   7 2315   26.33   18.26    0.00    1.63    5.14   -0.02
   3 2315   26.02   17.93   44.20    2.15    5.26   -0.18
  31 2315   26.45   18.07    0.00    1.71    4.94    0.25
  27 2315   26.27   18.08    0.00    1.71    4.81    0.69
  17 2315  -99.00  -99.00    0.00    1.61    4.25    0.18
  11 2315   25.36   17.61    2.03    1.72    5.43   -0.04
  19 2315   25.53   17.86    0.00    1.02    5.57   -0.17
  21 2315   25.61   17.86   38.10    1.95    4.47    0.00
  23 2315   25.22   18.05    0.00    0.75    4.75    0.17
   5 2345  -99.00  -99.00   43.43    1.62    6.39    0.07
   7 2345   25.50   17.95    0.00    1.29    5.22   -0.13
   3 2345   25.24   17.71   44.20    2.02    4.95   -0.17
  31 2345   25.66   17.88    0.00    1.43    4.71    0.23
  27 2345   25.74   18.16    0.00    1.29    4.79    0.63
  17 2345  -99.00  -99.00    0.00    1.78    3.71    0.17
  11 2345   24.62   17.48    2.03    1.65    4.91   -0.04
  19 2345   24.90   17.96    0.00    0.88    4.30   -0.09
  21 2345   25.03   17.89   38.10    0.66    3.41    0.01
  23 2345   24.51   17.56    0.00    0.85    4.73    0.14
