   5   15  -99.00  -99.00   43.43    1.32    4.19    0.07
   7   15  -99.00  -99.00  -99.00  -99.00  -99.00  -99.00
   3   15   24.08   17.61   44.20    1.67    3.98   -0.13
  31   15   24.32   17.77    0.00    1.03    3.62    0.15
  27   15   24.82   17.83    0.00    0.41    4.18    0.41
  17   15  -99.00  -99.00    0.00    1.31    3.11    0.15
  11   15   23.33   17.43    2.03    0.91    3.80   -0.01
  19   15   23.58   17.62    0.00    1.16    3.22   -0.04
  21   15   24.05   17.54   38.10    0.61    2.80    0.00
  23   15   23.25   17.37    0.00    0.81    3.35    0.06
   5   45  -99.00  -99.00   43.43    1.12    3.29    0.03
   7   45  -99.00  -99.00  -99.00  -99.00  -99.00  -99.00
   3   45   22.42   17.24   44.20    0.78    2.81   -0.09
  31   45   22.04   17.11    0.00    0.79    2.47    0.11
  27   45   23.43   17.53    0.00   -0.09    3.16    0.16
  17   45  -99.00  -99.00    0.00    0.81    2.33    0.08
  11   45   21.27   16.80    2.03    0.60    3.19   -0.01
  19   45   21.54   17.22    0.00    0.65    2.10   -0.05
  21   45   22.19   17.36   38.10    0.20    1.89    0.00
  23   45   21.03   16.94    0.00    0.72    2.41    0.04
   5  115  -99.00  -99.00   43.43    0.21    2.43    0.06
   7  115  -99.00  -99.00  -99.00  -99.00  -99.00  -99.00
   3  115   21.37   16.88   44.20    0.25    3.14   -0.10
  31  115   19.49   16.22    0.00    0.76    1.35    0.10
  27  115   21.73   17.05    0.00   -0.32    2.91    0.09
  17  115  -99.00  -99.00    0.00    0.13    1.66    0.06
  11  115   18.91   16.25    2.03    0.22    2.69    0.00
  19  115   19.84   16.64    0.00    0.59    2.06   -0.07
  21  115   20.56   16.80   38.10    0.09    1.91    0.00
  23  115   19.53   16.50    0.00    0.65    2.20    0.01
   5  145  -99.00  -99.00   43.43   -0.03    2.89    0.09
   7  145  -99.00  -99.00  -99.00  -99.00  -99.00  -99.00
   3  145   20.75   16.68   44.20    0.30    3.70   -0.15
  31  145   19.01   16.08    0.00    0.73    2.41    0.11
  27  145   20.50   16.69    0.00   -0.31    3.27    0.11
  17  145  -99.00  -99.00    0.00   -0.81    1.41    0.09
  11  145   18.28   16.01    2.03   -0.15    3.11   -0.01
  19  145   18.82   16.33    0.00    0.16    2.35   -0.06
  21  145   19.50   16.34   38.10    0.06    1.97   -0.01
  23  145   17.83   15.86    0.00    0.18    2.08    0.01
   5  215  -99.00  -99.00   43.43    0.12    4.12    0.11
   7  215  -99.00  -99.00  -99.00  -99.00  -99.00  -99.00
   3  215   20.07   16.38   44.20    0.48    4.13   -0.15
  31  215   19.60   16.25    0.00    0.82    3.89    0.11
  27  215   19.71   16.49    0.00   -0.30    3.37    0.19
  17  215  -99.00  -99.00    0.00   -0.69    1.33    0.07
  11  215   17.51   15.58    2.03   -0.30    3.17   -0.02
  19  215   18.77   16.16    0.00   -0.04    2.91   -0.07
  21  215   18.09   15.84   38.10   -0.45    1.99   -0.01
  23  215   17.01   15.44    0.00    0.03    2.07    0.01
   5  245  -99.00  -99.00   43.43    0.03    4.67    0.12
   7  245  -99.00  -99.00  -99.00  -99.00  -99.00  -99.00
   3  245   19.37   15.98   44.20    0.50    4.39   -0.15
  31  245   18.88   15.87    0.00    0.83    3.99    0.14
  27  245   19.25   16.45    0.00    0.21    3.61    0.32
  17  245  -99.00  -99.00    0.00   -1.05    1.92    0.11
  11  245   17.09   15.31    2.03   -0.31    3.43   -0.04
  19  245   18.08   15.71    0.00   -0.36    2.67   -0.07
  21  245   17.75   15.83   38.10   -0.64    1.95    0.00
  23  245   16.53   15.27    0.00    0.42    2.59    0.04
   5  315  -99.00  -99.00   43.43    0.03    4.71    0.12
   7  315  -99.00  -99.00  -99.00  -99.00  -99.00  -99.00
   3  315   18.91   15.81   44.20    0.37    4.47   -0.19
  31  315   18.61   15.90    0.00    0.89    3.87    0.11
  27  315   19.44   16.47    0.00   -0.05    4.72    0.35
  17  315  -99.00  -99.00    0.00   -1.37    2.12    0.14
  11  315   17.26   15.48    2.03   -0.06    3.53   -0.04
  19  315   17.84   15.64    0.00   -0.57    2.99   -0.07
  21  315   18.16   16.05   38.10   -0.97    2.09    0.01
  23  315   16.21   15.12    0.00    0.43    2.53    0.05
   5  345  -99.00  -99.00   43.43    0.25    4.73    0.13
   7  345  -99.00  -99.00  -99.00  -99.00  -99.00  -99.00
   3  345   18.99   15.91   44.20    0.48    4.49   -0.19
  31  345   18.68   15.88    0.00    1.02    3.75    0.13
  27  345   19.31   16.32    0.00   -0.42    5.49    0.35
  17  345  -99.00  -99.00    0.00   -1.35    1.96    0.12
  11  345   17.73   15.57    2.03   -0.04    3.77   -0.03
  19  345   17.71   15.63    0.00   -0.25    3.39   -0.10
  21  345   18.78   16.15   38.10   -0.47    2.77    0.01
  23  345   16.40   15.19    0.00    0.30    2.59    0.08
   5  415  -99.00  -99.00   43.43    0.03    4.99    0.17
   7  415  -99.00  -99.00  -99.00  -99.00  -99.00  -99.00
   3  415   19.01   15.80   44.20    0.52    4.93   -0.25
  31  415   18.53   15.77    0.00    1.19    3.49    0.15
  27  415   18.79   15.97    0.00   -0.34    5.09    0.36
  17  415  -99.00  -99.00    0.00   -1.52    1.89    0.12
  11  415   17.55   15.42    2.03    0.10    3.95   -0.04
  19  415   17.89   15.58    0.00   -0.23    3.77   -0.10
  21  415   18.75   15.97   38.10   -0.34    3.37    0.03
  23  415   16.08   14.96    0.00    0.39    2.59    0.05
   5  445  -99.00  -99.00   43.43    0.26    5.77    0.19
   7  445  -99.00  -99.00  -99.00  -99.00  -99.00  -99.00
   3  445   18.70   15.60   44.20    0.51    5.40   -0.26
  31  445  -99.00  -99.00  -99.00  -99.00  -99.00  -99.00
  27  445   18.43   15.74    0.00   -1.01    5.61    0.25
  17  445  -99.00  -99.00    0.00   -1.59    2.28    0.13
  11  445   17.58   15.25    2.03   -0.19    4.39   -0.03
  19  445   18.24   15.64    0.00   -0.12    4.41   -0.11
  21  445   18.18   15.63   38.10   -0.80    3.26    0.04
  23  445   16.35   15.01    0.00    0.43    3.14    0.09
   5  515  -99.00  -99.00   43.43    0.64    6.30    0.16
   7  515  -99.00  -99.00  -99.00  -99.00  -99.00  -99.00
   3  515   18.32   15.44   44.20    0.62    5.02   -0.21
  31  515  -99.00  -99.00  -99.00  -99.00  -99.00  -99.00
  27  515   18.56   15.65    0.00   -0.86    5.18    0.25
  17  515  -99.00  -99.00    0.00   -1.53    2.19    0.11
  11  515   17.65   15.24    2.03   -0.05    4.87   -0.05
  19  515   18.27   15.59    0.00    0.05    5.02   -0.13
  21  515   18.12   15.59   38.10   -0.59    3.89    0.03
  23  515   16.51   15.00    0.00    0.53    3.53    0.10
   5  545  -99.00  -99.00   43.43    0.59    6.90    0.17
   7  545  -99.00  -99.00  -99.00  -99.00  -99.00  -99.00
   3  545   18.09   15.31   44.20    0.69    4.83   -0.13
  31  545   18.25   15.47    0.00    1.66    4.68    0.20
  27  545   18.55   15.60    0.00   -0.49    5.43    0.32
  17  545  -99.00  -99.00    0.00   -1.66    1.81    0.14
  11  545   17.60   15.17    2.03    0.27    4.77   -0.04
  19  545   17.94   15.45    0.00    0.29    5.01   -0.11
  21  545   18.10   15.53   38.10   -0.25    4.47    0.00
  23  545   16.24   14.85    0.00    0.55    3.22    0.07
   5  615  -99.00  -99.00   43.43    0.45    7.37    0.19
   7  615  -99.00  -99.00  -99.00  -99.00  -99.00  -99.00
   3  615   18.15   15.27   44.20    0.64    5.32   -0.19
  31  615   18.27   15.41    0.00    1.72    4.90    0.23
  27  615   18.62   15.56    0.00   -0.46    5.95    0.34
  17  615  -99.00  -99.00    0.00   -1.33    2.31    0.15
  11  615   17.41   15.05    2.03    0.15    4.97   -0.05
  19  615   17.58   15.28    0.00    0.29    5.07   -0.10
  21  615   18.00   15.41   38.10   -0.08    4.68    0.01
  23  615   16.39   14.89    0.00    0.63    3.81    0.11
   5  645  -99.00  -99.00   43.43    0.63    6.56    0.16
   7  645  -99.00  -99.00  -99.00  -99.00  -99.00  -99.00
   3  645   18.17   15.22   44.20    0.71    5.37   -0.21
  31  645  -99.00  -99.00  -99.00  -99.00  -99.00  -99.00
  27  645   18.81   15.54    0.00   -0.05    5.63    0.43
  17  645  -99.00  -99.00    0.00   -0.45    3.82    0.23
  11  645   17.55   14.98    2.03    0.19    4.77   -0.04
  19  645   17.94   15.27    0.00    0.80    5.65   -0.14
  21  645   18.22   15.37   38.10    0.20    4.83    0.06
  23  645   16.61   14.94    0.00    0.83    4.13    0.10
   5  715  -99.00  -99.00   43.43    1.62    7.51    0.13
   7  715  -99.00  -99.00  -99.00  -99.00  -99.00  -99.00
   3  715   18.06   15.14   44.20    1.13    4.98   -0.13
  31  715   18.51   15.36    0.00    2.33    4.97    0.32
  27  715   18.62   15.44    0.00    0.39    5.45    0.51
  17  715  -99.00  -99.00    0.00    0.51    4.35    0.21
  11  715   17.87   15.01    2.03    0.77    5.30   -0.04
  19  715   17.97   15.20    0.00    1.03    5.59   -0.12
  21  715   18.06   15.24   38.10    0.58    4.86    0.03
  23  715   16.50   14.85    0.00    1.02    3.87    0.08
   5  745  -99.00  -99.00   43.43    1.70    7.45    0.14
   7  745  -99.00  -99.00  -99.00  -99.00  -99.00  -99.00
   3  745   18.26   15.21   44.20    1.47    5.57   -0.15
  31  745   18.34   15.30    0.00    2.21    5.21    0.29
  27  745   18.51   15.34    0.00    0.51    5.53    0.49
  17  745  -99.00  -99.00    0.00    0.33    3.91    0.21
  11  745   17.75   14.96    2.03    0.92    5.37   -0.05
  19  745   17.45   15.04    0.00    0.85    5.13   -0.14
  21  745   17.95   15.21   38.10    0.61    4.85    0.00
  23  745   16.49   14.80    0.00    1.15    3.85    0.07
   5  815  -99.00  -99.00   43.43    1.84    7.75    0.15
   7  815  -99.00  -99.00  -99.00  -99.00  -99.00  -99.00
   3  815   17.99   15.23   44.20    1.51    5.70   -0.19
  31  815   18.05   15.32    0.00    2.00    5.12    0.25
  27  815   18.57   15.46    0.00    0.66    6.01    0.56
  17  815  -99.00  -99.00    0.00   -0.09    3.71    0.19
  11  815   17.40   14.96    2.03    0.91    5.30   -0.07
  19  815   17.09   15.00    0.00    0.78    4.74   -0.12
  21  815   17.86   15.28   38.10    0.52    4.59   -0.01
  23  815   16.81   14.93    0.00    1.51    4.78    0.11
   5  845  -99.00  -99.00   43.43    1.91    7.53    0.12
   7  845  -99.00  -99.00  -99.00  -99.00  -99.00  -99.00
   3  845   17.92   15.32   44.20    1.57    5.82   -0.16
  31  845   17.98   15.43    0.00    2.97    4.98    0.32
  27  845   18.64   15.61    0.00    0.98    6.13    0.62
  17  845  -99.00  -99.00    0.00    0.20    3.63    0.19
  11  845   17.42   15.08    2.03    1.07    5.57   -0.04
  19  845   17.27   15.19    0.00    0.61    4.71   -0.11
  21  845   17.88   15.39   38.10    0.72    5.18    0.01
  23  845   16.94   15.11    0.00    1.74    4.93    0.09
   5  915  -99.00  -99.00   43.43    2.25    6.49    0.09
   7  915  -99.00  -99.00  -99.00  -99.00  -99.00  -99.00
   3  915   17.86   15.38   44.20    2.03    6.11   -0.19
  31  915   18.00   15.46    0.00    2.85    4.99    0.39
  27  915   18.49   15.65    0.00    1.04    5.17    0.53
  17  915  -99.00  -99.00    0.00    0.15    2.38    0.10
  11  915   17.41   15.16    2.03    1.37    4.84   -0.03
  19  915   17.09   15.22    0.00    0.88    3.82   -0.09
  21  915   17.70   15.43   38.10    0.99    4.17    0.01
  23  915   16.95   15.18    0.00    1.98    4.30    0.07
   5  945  -99.00  -99.00   43.43    2.05    6.05    0.09
   7  945  -99.00  -99.00  -99.00  -99.00  -99.00  -99.00
   3  945   17.33   15.24   44.20    1.87    6.20   -0.17
  31  945   17.46   15.37    0.00    2.71    4.53    0.35
  27  945   18.00   15.53    0.00    0.53    5.01    0.46
  17  945  -99.00  -99.00    0.00   -0.43    1.59    0.09
  11  945   16.65   14.93    2.03    1.38    3.92   -0.03
  19  945   16.49   15.04    0.00    0.91    2.80   -0.06
  21  945   17.16   15.27   38.10    0.67    3.32   -0.01
  23  945   16.84   15.17    0.00    1.95    4.11    0.07
   5 1015  -99.00  -99.00   43.43    2.06    5.51    0.07
   7 1015  -99.00  -99.00  -99.00  -99.00  -99.00  -99.00
   3 1015   16.89   15.10   44.20    1.78    5.34   -0.15
  31 1015   21.15   15.18    0.00    2.62    4.04    0.34
  27 1015   17.59   15.42    0.00    0.86    4.73    0.45
  17 1015  -99.00  -99.00    0.00   -0.53    0.57    0.05
  11 1015   16.20   14.77    2.03    1.41    3.63   -0.03
  19 1015   16.48   15.03    0.00    1.53    3.09   -0.08
  21 1015   16.75   15.11   38.10    0.93    2.69    0.01
  23 1015   16.30   14.94    0.00    1.87    3.49    0.04
   5 1045  -99.00  -99.00   43.43    3.07    6.45    0.07
   7 1045   17.30   15.26    1.02    2.04    5.85   -0.03
   3 1045   17.00   15.12   44.20    2.45    5.23   -0.15
  31 1045   16.51   15.01    0.00    2.61    4.31    0.32
  27 1045   17.58   15.36    0.00    1.10    5.19    0.51
  17 1045  -99.00  -99.00    0.00   -0.09    1.51    0.11
  11 1045   16.02   14.67    2.03    1.33    3.73   -0.03
  19 1045   16.83   15.14    0.00    1.94    3.46   -0.06
  21 1045   17.06   15.21   38.10    2.08    2.81    0.03
  23 1045   16.36   14.91    0.00    2.13    2.83    0.00
   5 1115  -99.00  -99.00   43.43    3.41    5.32    0.05
   7 1115  -99.00  -99.00  -99.00  -99.00  -99.00  -99.00
   3 1115   17.24   15.27   44.20    2.96    4.73   -0.12
  31 1115   16.72   15.13    0.00    2.50    3.59    0.30
  27 1115   17.63   15.41    0.00    1.33    4.01    0.51
  17 1115  -99.00  -99.00    0.00   -0.20    0.67    0.05
  11 1115   16.12   14.78    2.03    1.43    3.25   -0.01
  19 1115   17.08   15.28    0.00    2.56    3.75   -0.10
  21 1115   16.92   15.23   38.10    2.01    2.73    0.00
  23 1115   16.63   15.09    0.00    2.69    2.91   -0.01
   5 1145  -99.00  -99.00   43.43    2.87    3.21    0.02
   7 1145  -99.00  -99.00  -99.00  -99.00  -99.00  -99.00
   3 1145   17.28   15.40   44.20    3.15    3.65   -0.11
  31 1145   17.19   15.44    0.00    2.66    2.71    0.31
  27 1145   17.70   15.52    0.00    1.62    3.08    0.48
  17 1145  -99.00  -99.00    0.00    0.15    0.73    0.02
  11 1145   16.42   15.00    2.03    1.70    2.66   -0.01
  19 1145   17.09   15.37    0.00    2.33    2.31   -0.04
  21 1145   17.11   15.42   38.10    2.05    2.06    0.01
  23 1145   16.72   15.27    0.00    3.46    2.22   -0.05
   5 1215  -99.00  -99.00   43.43    2.38    0.19   -0.05
   7 1215  -99.00  -99.00  -99.00  -99.00  -99.00  -99.00
   3 1215   16.48   15.17   44.20    2.20    0.15    0.01
  31 1215   17.04   15.46    0.00    3.24    0.37    0.35
  27 1215   17.62   15.62    0.00    1.55    0.51    0.34
  17 1215  -99.00  -99.00    0.00    1.09   -0.40   -0.03
  11 1215   16.56   15.16    2.03    2.31    1.70    0.01
  19 1215   16.71   15.35    0.00    2.28    1.29    0.02
  21 1215   17.22   15.54   38.10    2.37    1.73    0.02
  23 1215   16.73   15.33    0.00    3.62    1.82   -0.09
   5 1245  -99.00  -99.00   43.43    1.35   -0.57   -0.03
   7 1245  -99.00  -99.00  -99.00  -99.00  -99.00  -99.00
   3 1245   16.63   15.45   44.20    1.26   -0.43    0.03
  31 1245   16.92   15.61    0.00    2.24   -0.63    0.25
  27 1245   17.27   15.63    0.00    0.93   -0.17    0.21
  17 1245  -99.00  -99.00    0.00    2.01   -1.29   -0.05
  11 1245   16.72   15.44    2.03    2.08   -0.71    0.05
  19 1245   16.91   15.59    0.00    1.21   -0.52    0.09
  21 1245   16.94   15.64   38.10    1.93   -0.43    0.03
  23 1245   17.09   15.69    0.00    3.09   -0.21   -0.11
   5 1315  -99.00  -99.00   43.43    0.99    0.90   -0.01
   7 1315  -99.00  -99.00  -99.00  -99.00  -99.00  -99.00
   3 1315   17.67   16.07   44.20    1.44    0.65   -0.01
  31 1315   17.97   16.18    0.00    2.21    0.43    0.26
  27 1315   17.73   15.98    0.00    0.63    0.99    0.20
  17 1315  -99.00  -99.00    0.00    1.14    0.01    0.01
  11 1315   17.66   15.96    2.03    2.39   -0.09    0.05
  19 1315   17.79   16.15    0.00    0.92   -0.52    0.05
  21 1315   17.58   16.11   38.10    2.31   -1.08    0.07
  23 1315   17.77   16.19    0.00    2.93   -0.83   -0.11
   5 1345  -99.00  -99.00   43.43    1.81    1.23    0.00
   7 1345  -99.00  -99.00  -99.00  -99.00  -99.00  -99.00
   3 1345   18.96   16.76   44.20    2.30    1.33   -0.07
  31 1345   19.17   16.80    0.00    2.89    1.13    0.37
  27 1345   18.92   16.70    0.00    1.66    1.01    0.49
  17 1345  -99.00  -99.00    0.00    0.99    1.29    0.06
  11 1345   18.33   16.35    2.03    2.11    1.85   -0.01
  19 1345   19.15   16.88    0.00    1.34    1.27    0.00
  21 1345   18.91   16.78   38.10    2.68    0.92    0.03
  23 1345   18.93   16.81    0.00    3.47    0.89   -0.11
   5 1415  -99.00  -99.00   43.43    2.67    0.65   -0.05
   7 1415  -99.00  -99.00  -99.00  -99.00  -99.00  -99.00
   3 1415   19.48   17.09   44.20    2.81    0.59   -0.02
  31 1415   19.54   17.05    0.00    3.18    0.65    0.41
  27 1415   19.39   17.01    0.00    1.45   -0.09    0.34
  17 1415  -99.00  -99.00    0.00    2.25    0.20    0.00
  11 1415   19.25   16.91    2.03    2.81    0.88    0.06
  19 1415   20.51   17.56    0.00    2.64    1.05    0.01
  21 1415   20.50   17.62   38.10    3.46    1.54    0.07
  23 1415   19.92   17.32    0.00    3.41    1.09   -0.13
   5 1445  -99.00  -99.00   43.43    1.95   -1.37   -0.03
   7 1445  -99.00  -99.00  -99.00  -99.00  -99.00  -99.00
   3 1445   20.04   17.61   44.20    2.11   -1.37    0.09
  31 1445   19.93   17.53    0.00    1.81   -1.39    0.30
  27 1445   19.31   17.09    0.00    1.33   -1.83    0.24
  17 1445  -99.00  -99.00    0.00    2.82   -1.37   -0.09
  11 1445   20.06   17.31    2.03    3.01   -0.75    0.10
  19 1445   21.13   17.97    0.00    3.11   -1.01    0.13
  21 1445   20.99   17.84   38.10    3.97   -0.35    0.11
  23 1445   20.19   17.61    0.00    2.52   -0.81   -0.11
   5 1515  -99.00  -99.00   43.43    1.41   -2.79   -0.05
   7 1515  -99.00  -99.00  -99.00  -99.00  -99.00  -99.00
   3 1515   20.57   17.66   44.20    1.52   -2.69    0.15
  31 1515   20.46   17.59    0.00    1.93   -2.64    0.30
  27 1515   19.82   17.15    0.00    2.05   -2.59    0.43
  17 1515  -99.00  -99.00    0.00    2.39   -2.70   -0.11
  11 1515   20.33   17.24    2.03    2.13   -3.26    0.21
  19 1515   20.69   17.56    0.00    3.25   -2.98    0.25
  21 1515   21.46   17.88   38.10    3.57   -3.33    0.17
  23 1515   21.14   17.81    0.00    3.03   -2.81   -0.17
   5 1545  -99.00  -99.00   43.43   -0.21   -4.09    0.04
   7 1545  -99.00  -99.00  -99.00  -99.00  -99.00  -99.00
   3 1545   21.47   17.90   44.20   -0.51   -3.95    0.33
  31 1545   21.60   17.97    0.00    0.59   -3.56    0.22
  27 1545   20.81   17.69    0.00    1.05   -3.39    0.13
  17 1545  -99.00  -99.00    0.00   -0.08   -3.55   -0.09
  11 1545   20.76   17.48    2.03    0.58   -4.23    0.20
  19 1545   20.94   17.67    0.00    0.76   -3.67    0.19
  21 1545   20.98   17.66   38.10    2.13   -4.17    0.18
  23 1545   21.04   17.62    0.00    1.19   -3.90   -0.03
   5 1615  -99.00  -99.00   43.43   -0.35   -4.10    0.06
   7 1615  -99.00  -99.00  -99.00  -99.00  -99.00  -99.00
   3 1615   21.76   17.92   44.20   -1.17   -3.55    0.23
  31 1615   22.04   18.04    0.00   -0.78   -3.29   -0.01
  27 1615   21.55   17.90    0.00   -0.27   -3.14   -0.14
  17 1615  -99.00  -99.00    0.00   -1.07   -3.23   -0.07
  11 1615   21.34   17.73    2.03   -0.63   -3.67    0.13
  19 1615   21.89   18.22    0.00    0.42   -3.46    0.21
  21 1615   21.72   18.18   38.10    1.17   -3.93    0.18
  23 1615   21.64   18.12    0.00   -0.03   -3.53   -0.01
   5 1645  -99.00  -99.00   43.43   -0.77   -3.43    0.05
   7 1645  -99.00  -99.00  -99.00  -99.00  -99.00  -99.00
   3 1645   21.73   17.97   44.20   -0.98   -3.31    0.25
  31 1645   22.27   18.16    0.00   -1.26   -3.33   -0.02
  27 1645   21.66   17.99    0.00    0.17   -3.02   -0.07
  17 1645  -99.00  -99.00    0.00   -0.99   -3.26   -0.07
  11 1645   21.56   17.94    2.03   -0.55   -3.72    0.14
  19 1645   22.28   18.41    0.00    0.21   -3.45    0.19
  21 1645   22.16   18.24   38.10   -0.57   -3.67    0.11
  23 1645   22.28   18.37    0.00   -0.13   -3.23   -0.01
   5 1715  -99.00  -99.00   43.43   -0.87   -4.74    0.05
   7 1715  -99.00  -99.00  -99.00  -99.00  -99.00  -99.00
   3 1715   22.89   18.22   44.20   -0.57   -4.19    0.31
  31 1715   22.98   18.19    0.00   -0.73   -4.02   -0.05
  27 1715   22.59   18.18    0.00    0.48   -3.90   -0.01
  17 1715  -99.00  -99.00    0.00    0.45   -3.77   -0.11
  11 1715   22.00   17.91    2.03   -1.09   -4.11    0.15
  19 1715   22.52   18.58    0.00    0.03   -3.63    0.24
  21 1715   22.82   18.73   38.10    0.25   -4.33    0.13
  23 1715   22.85   18.77    0.00   -0.05   -3.63    0.01
   5 1745  -99.00  -99.00   43.43    0.76   -4.82    0.03
   7 1745  -99.00  -99.00  -99.00  -99.00  -99.00  -99.00
   3 1745   23.40   18.36   44.20   -0.09   -4.47    0.31
  31 1745   24.02   18.57    0.00   -0.54   -4.15    0.04
  27 1745   23.13   18.10    0.00   -0.01   -4.44   -0.18
  17 1745  -99.00  -99.00    0.00   -0.13   -3.74   -0.07
  11 1745   22.69   18.12    2.03   -0.64   -4.29    0.16
  19 1745   22.53   18.35    0.00    0.72   -3.71    0.21
  21 1745   22.60   18.47   38.10   -0.04   -4.39    0.16
  23 1745   22.83   18.50    0.00    0.45   -4.08   -0.01
   5 1815  -99.00  -99.00   43.43    0.13   -4.95    0.05
   7 1815  -99.00  -99.00  -99.00  -99.00  -99.00  -99.00
   3 1815   23.41   18.22   44.20   -0.20   -4.71    0.33
  31 1815   24.20   18.58    0.00    0.55   -4.31    0.21
  27 1815   23.14   18.12    0.00    0.15   -4.28   -0.12
  17 1815  -99.00  -99.00    0.00   -0.25   -3.83   -0.08
  11 1815   22.98   18.27    2.03   -0.83   -4.46    0.23
  19 1815   22.67   18.28    0.00    1.21   -4.31    0.27
  21 1815   23.27   18.61   38.10   -0.46   -4.52    0.16
  23 1815   22.85   18.22    0.00    0.23   -4.29   -0.03
   5 1845  -99.00  -99.00   43.43   -0.19   -4.24    0.11
   7 1845  -99.00  -99.00  -99.00  -99.00  -99.00  -99.00
   3 1845   23.56   18.21   44.20    0.17   -4.48    0.29
  31 1845   24.20   18.49    0.00    0.62   -4.27    0.17
  27 1845   23.47   18.33    0.00    0.85   -3.81    0.11
  17 1845  -99.00  -99.00    0.00    0.09   -3.93   -0.11
  11 1845   23.07   18.21    2.03    0.73   -4.35    0.21
  19 1845   23.10   18.39    0.00    0.58   -4.07    0.27
  21 1845   22.92   18.42   38.10    0.63   -4.63    0.17
  23 1845   23.35   18.46    0.00   -0.26   -4.34    0.05
   5 1915  -99.00  -99.00   43.43    0.09   -4.15    0.03
   7 1915  -99.00  -99.00  -99.00  -99.00  -99.00  -99.00
   3 1915   23.53   18.09   44.20    0.29   -3.95    0.25
  31 1915   24.34   18.47    0.00    0.27   -3.97    0.11
  27 1915   23.83   18.41    0.00    0.40   -3.99   -0.07
  17 1915  -99.00  -99.00    0.00    0.27   -3.57   -0.12
  11 1915   23.03   18.09    2.03   -0.77   -3.90    0.16
  19 1915   23.33   18.41    0.00    0.57   -3.52    0.21
  21 1915   23.81   18.79   38.10    0.62   -4.46    0.17
  23 1915   23.77   18.61    0.00   -0.39   -3.70    0.03
   5 1945  -99.00  -99.00   43.43    0.57   -4.46    0.01
   7 1945  -99.00  -99.00  -99.00  -99.00  -99.00  -99.00
   3 1945   24.15   18.35   44.20   -0.14   -4.24    0.30
  31 1945   24.78   18.48    0.00    0.57   -4.63    0.10
  27 1945   23.96   18.28    0.00    0.82   -4.48   -0.01
  17 1945  -99.00  -99.00    0.00    0.73   -4.13   -0.15
  11 1945   23.24   18.03    2.03    0.27   -4.39    0.22
  19 1945   23.34   18.39    0.00    0.97   -3.55    0.27
  21 1945   23.76   18.67   38.10    0.40   -4.69    0.19
  23 1945   23.51   18.48    0.00    0.70   -4.18   -0.05
   5 2015  -99.00  -99.00   43.43    0.61   -5.30    0.01
   7 2015   23.96   18.03    1.02    0.33   -5.13    0.67
   3 2015   24.23   18.25   44.20    0.35   -4.85    0.36
  31 2015   24.79   18.39    0.00    1.18   -4.94    0.21
  27 2015   24.41   18.47    0.00    1.07   -4.91    0.12
  17 2015  -99.00  -99.00    0.00    0.10   -4.20   -0.10
  11 2015   23.62   18.13    2.03    1.04   -4.77    0.23
  19 2015   23.96   18.43    0.00    1.00   -4.02    0.27
  21 2015   24.09   18.60   38.10    0.55   -4.44    0.17
  23 2015   24.17   18.64    0.00    0.37   -4.10   -0.01
   5 2045  -99.00  -99.00   43.43   -0.03   -5.71    0.05
   7 2045  -99.00  -99.00  -99.00  -99.00  -99.00  -99.00
   3 2045   24.25   17.81   44.20   -0.29   -4.97    0.35
  31 2045   24.75   17.95    0.00    0.61   -5.13    0.15
  27 2045   24.27   17.92    0.00    0.05   -5.09   -0.19
  17 2045  -99.00  -99.00    0.00   -0.51   -4.71   -0.11
  11 2045   23.64   17.87    2.03    0.89   -5.57    0.27
  19 2045   23.71   18.11    0.00    0.14   -4.72    0.27
  21 2045   24.32   18.69   38.10    1.24   -5.65    0.25
  23 2045   24.09   18.44    0.00    1.05   -4.89   -0.05
   5 2115  -99.00  -99.00   43.43    0.01   -5.19    0.05
   7 2115  -99.00  -99.00  -99.00  -99.00  -99.00  -99.00
   3 2115   24.19   17.39   44.20   -0.43   -5.45    0.40
  31 2115   24.75   17.50    0.00   -0.10   -5.05    0.11
  27 2115   24.40   17.63    0.00    0.62   -5.13    0.01
  17 2115  -99.00  -99.00    0.00   -0.62   -4.57   -0.11
  11 2115   23.69   17.30    2.03   -0.51   -5.37    0.23
  19 2115   23.81   17.71    0.00   -0.57   -3.84    0.23
  21 2115   24.06   18.18   38.10   -0.41   -4.94    0.18
  23 2115   23.95   17.90    0.00   -0.31   -4.51   -0.01
   5 2145  -99.00  -99.00   43.43    0.34   -4.43    0.04
   7 2145  -99.00  -99.00  -99.00  -99.00  -99.00  -99.00
   3 2145   23.90   16.96   44.20   -1.38   -4.56    0.38
  31 2145   24.59   17.21    0.00    0.01   -4.22    0.11
  27 2145   24.19   17.09    0.00    0.99   -4.42    0.11
  17 2145  -99.00  -99.00    0.00   -0.63   -3.85   -0.09
  11 2145   23.43   16.81    2.03   -0.47   -4.95    0.22
  19 2145   23.66   17.26    0.00    0.21   -4.13    0.21
  21 2145   23.89   17.57   38.10    0.43   -5.19    0.16
  23 2145   23.81   17.46    0.00   -0.02   -4.53    0.05
   5 2215  -99.00  -99.00   43.43    0.45   -4.71    0.03
   7 2215   23.81   16.45    1.02   -0.11   -5.15    0.53
   3 2215   23.73   16.60   44.20   -0.82   -4.75    0.33
  31 2215   24.50   16.93    0.00   -0.15   -3.99    0.10
  27 2215   24.25   17.01    0.00    0.33   -4.45   -0.03
  17 2215  -99.00  -99.00    0.00   -0.40   -4.09   -0.07
  11 2215   23.36   16.53    2.03   -0.76   -4.60    0.23
  19 2215   23.44   16.74    0.00    0.67   -4.24    0.24
  21 2215   23.54   16.97   38.10   -0.03   -5.32    0.15
  23 2215   23.51   16.85    0.00   -0.09   -4.49    0.03
   5 2245  -99.00  -99.00   43.43   -1.45   -5.03    0.12
   7 2245  -99.00  -99.00  -99.00  -99.00  -99.00  -99.00
   3 2245   23.20   16.23   44.20   -0.73   -4.89    0.37
  31 2245   23.81   16.56    0.00   -1.41   -4.33   -0.05
  27 2245   23.72   16.56    0.00    0.33   -4.77   -0.08
  17 2245  -99.00  -99.00    0.00    0.19   -4.28   -0.11
  11 2245   22.93   16.12    2.03   -1.49   -4.68    0.19
  19 2245   23.23   16.51    0.00    0.71   -3.83    0.23
  21 2245   23.36   16.68   38.10   -0.65   -4.62    0.14
  23 2245   23.20   16.54    0.00   -0.11   -4.53    0.03
   5 2315  -99.00  -99.00   43.43   -1.91   -4.23    0.11
   7 2315  -99.00  -99.00  -99.00  -99.00  -99.00  -99.00
   3 2315   22.55   16.31   44.20   -1.88   -4.01    0.33
  31 2315   23.09   16.67    0.00   -1.59   -3.77   -0.10
  27 2315   23.18   16.66    0.00   -1.17   -3.67   -0.38
  17 2315  -99.00  -99.00    0.00   -1.47   -3.25   -0.07
  11 2315   21.90   16.02    2.03   -1.19   -4.20    0.19
  19 2315   22.50   16.24    0.00   -0.66   -3.90    0.23
  21 2315   22.75   16.24   38.10   -0.77   -5.09    0.17
  23 2315   22.35   16.11    0.00   -0.30   -4.67   -0.02
   5 2345  -99.00  -99.00   43.43   -1.84   -4.74    0.09
   7 2345  -99.00  -99.00  -99.00  -99.00  -99.00  -99.00
   3 2345   21.38   15.08   44.20   -2.39   -4.03    0.33
  31 2345   21.77   15.37    0.00   -1.20   -4.06   -0.05
  27 2345   22.14   15.79    0.00   -0.60   -3.47   -0.23
  17 2345  -99.00  -99.00    0.00   -1.61   -3.95   -0.07
  11 2345   21.32   15.53    2.03   -1.19   -4.41    0.21
  19 2345   21.90   16.36    0.00   -1.20   -3.29    0.20
  21 2345   21.73   16.35   38.10   -0.91   -3.67    0.13
  23 2345   21.40   15.87    0.00   -0.96   -4.15    0.06
