   5   15  -99.00  -99.00   43.43   -1.01   -3.55    0.07
   7   15  -99.00  -99.00  -99.00  -99.00  -99.00  -99.00
   3   15   19.17   14.31   44.20   -1.48   -2.93    0.24
  31   15   19.58   14.81    0.00   -0.43   -2.66    0.02
  27   15   20.63   15.26    0.00   -0.68   -2.09   -0.21
  17   15  -99.00  -99.00    0.00   -1.12   -3.28   -0.09
  11   15   19.23   14.52    2.03   -0.81   -3.15    0.13
  19   15   20.03   14.83    0.00   -0.96   -3.27    0.19
  21   15   19.96   15.11   38.10   -0.78   -3.94    0.13
  23   15   19.80   14.69    0.00   -1.15   -3.66    0.05
   5   45  -99.00  -99.00   43.43   -0.91   -1.95    0.06
   7   45  -99.00  -99.00  -99.00  -99.00  -99.00  -99.00
   3   45   18.54   14.77   44.20   -1.20   -1.79    0.17
  31   45   19.44   15.08    0.00   -0.41   -2.59    0.00
  27   45   19.96   15.60    0.00   -0.65   -1.66   -0.19
  17   45  -99.00  -99.00    0.00   -0.97   -2.59   -0.05
  11   45   18.53   14.56    2.03   -0.32   -3.01    0.13
  19   45   19.11   14.77    0.00   -0.35   -2.45    0.16
  21   45   18.62   14.63   38.10   -0.23   -3.33    0.11
  23   45   18.24   14.19    0.00   -0.27   -2.70    0.01
   5  115  -99.00  -99.00   43.43   -0.62   -1.41    0.03
   7  115  -99.00  -99.00  -99.00  -99.00  -99.00  -99.00
   3  115   17.75   14.55   44.20   -1.27   -1.23    0.14
  31  115   18.25   14.94    0.00   -0.42   -1.97   -0.01
  27  115   19.10   15.44    0.00   -0.35   -1.15   -0.07
  17  115  -99.00  -99.00    0.00   -0.83   -2.08   -0.04
  11  115   17.64   14.47    2.03   -0.97   -2.15    0.07
  19  115   18.31   14.72    0.00   -0.01   -1.04    0.07
  21  115   17.64   14.45   38.10   -0.95   -2.54    0.05
  23  115   17.11   13.99    0.00   -0.65   -1.97    0.01
   5  145  -99.00  -99.00   43.43   -0.81   -0.73    0.05
   7  145  -99.00  -99.00  -99.00  -99.00  -99.00  -99.00
   3  145   17.37   14.45   44.20   -1.75   -1.01    0.11
  31  145   17.98   14.98    0.00   -0.51   -1.59    0.00
  27  145   18.95   15.30    0.00   -0.40   -1.14   -0.11
  17  145  -99.00  -99.00    0.00   -0.61   -1.67   -0.01
  11  145   17.62   14.63    2.03   -0.93   -1.93    0.07
  19  145   18.21   14.70    0.00   -0.10   -0.51    0.02
  21  145   17.50   14.44   38.10   -0.99   -2.07    0.01
  23  145   17.04   14.06    0.00   -0.71   -1.60    0.04
   5  215  -99.00  -99.00   43.43   -1.07   -1.17    0.07
   7  215  -99.00  -99.00  -99.00  -99.00  -99.00  -99.00
   3  215   16.93   14.26   44.20   -2.25   -1.54    0.18
  31  215   17.51   14.82    0.00   -0.69   -1.61   -0.03
  27  215   18.18   14.88    0.00   -0.27   -1.18   -0.06
  17  215  -99.00  -99.00    0.00   -1.33   -2.18   -0.01
  11  215   16.93   14.34    2.03   -1.03   -2.15    0.07
  19  215   17.49   14.54    0.00   -0.03   -0.68    0.05
  21  215   17.76   14.46   38.10   -0.88   -1.65    0.01
  23  215   16.57   13.95    0.00   -0.07   -1.81    0.00
   5  245  -99.00  -99.00   43.43   -1.09   -1.19    0.08
   7  245  -99.00  -99.00  -99.00  -99.00  -99.00  -99.00
   3  245   16.96   14.14   44.20   -2.56   -1.71    0.20
  31  245   17.09   14.51    0.00   -0.79   -1.69   -0.04
  27  245   17.45   14.68    0.00    0.00   -0.36    0.00
  17  245  -99.00  -99.00    0.00   -1.81   -2.41   -0.03
  11  245   16.54   14.22    2.03   -0.99   -1.82    0.05
  19  245   16.80   14.43    0.00    0.15   -0.62    0.04
  21  245   16.68   14.17   38.10   -1.00   -2.40    0.04
  23  245   15.71   13.70    0.00   -0.99   -2.53    0.01
   5  315  -99.00  -99.00   43.43   -0.94   -1.11    0.05
   7  315  -99.00  -99.00  -99.00  -99.00  -99.00  -99.00
   3  315   16.78   13.93   44.20   -2.23   -1.47    0.17
  31  315   16.51   14.12    0.00   -0.55   -0.95   -0.01
  27  315   16.51   14.44    0.00    0.00    0.22    0.00
  17  315  -99.00  -99.00    0.00   -1.83   -2.32   -0.01
  11  315   16.45   14.08    2.03   -0.77   -1.89    0.06
  19  315   16.40   14.25    0.00    0.39   -0.39    0.03
  21  315   16.10   13.97   38.10   -1.00   -2.39    0.03
  23  315   15.78   13.79    0.00   -0.69   -2.25    0.00
   5  345  -99.00  -99.00   43.43   -0.81   -0.94    0.03
   7  345  -99.00  -99.00  -99.00  -99.00  -99.00  -99.00
   3  345   16.42   13.66   44.20   -2.21   -1.52    0.17
  31  345   16.60   13.97    0.00   -0.69   -1.44   -0.05
  27  345   16.41   14.36    0.00    0.00    0.04    0.00
  17  345  -99.00  -99.00    0.00   -1.72   -2.44   -0.01
  11  345   16.14   13.75    2.03   -0.89   -1.83    0.06
  19  345   15.91   14.03    0.00    0.40   -0.16    0.01
  21  345   15.99   13.94   38.10   -1.19   -2.13    0.00
  23  345   15.73   13.73    0.00   -0.27   -2.30    0.00
   5  415  -99.00  -99.00   43.43   -0.26   -1.19    0.00
   7  415  -99.00  -99.00  -99.00  -99.00  -99.00  -99.00
   3  415   15.80   13.37   44.20   -1.22   -1.15    0.12
  31  415   16.02   13.64    0.00   -0.41   -1.63    0.03
  27  415   15.25   14.04    0.00    0.00    0.05    0.01
  17  415  -99.00  -99.00    0.00   -1.27   -2.89   -0.04
  11  415   15.97   13.61    2.03   -0.97   -1.97    0.06
  19  415   15.23   13.64    0.00    0.86   -0.18    0.03
  21  415   16.35   13.99   38.10   -0.97   -1.96    0.01
  23  415   15.83   13.76    0.00   -0.11   -2.37    0.00
   5  445  -99.00  -99.00   43.43   -0.09   -0.63    0.00
   7  445  -99.00  -99.00  -99.00  -99.00  -99.00  -99.00
   3  445   15.71   13.27   44.20   -1.25   -0.99    0.09
  31  445   16.11   13.63    0.00   -0.51   -1.69   -0.01
  27  445   15.90   14.10    0.00    0.00   -0.10    0.00
  17  445  -99.00  -99.00    0.00   -1.37   -2.91   -0.01
  11  445   15.61   13.36    2.03   -0.87   -1.94    0.06
  19  445   15.06   13.48    0.00    0.13   -0.39    0.01
  21  445   15.97   13.84   38.10   -1.02   -1.83    0.00
  23  445   15.27   13.51    0.00    0.09   -2.10    0.00
   5  515  -99.00  -99.00   43.43   -0.09   -0.99    0.00
   7  515  -99.00  -99.00  -99.00  -99.00  -99.00  -99.00
   3  515   15.74   13.37   44.20   -1.04   -0.99    0.07
  31  515   15.49   13.45    0.00   -0.28   -0.82    0.00
  27  515   14.29   13.43    0.00   -0.01    0.15    0.00
  17  515  -99.00  -99.00    0.00   -0.80   -2.57    0.01
  11  515   15.21   13.16    2.03   -0.93   -1.75    0.05
  19  515   14.34   13.18    0.00    0.07    0.09   -0.01
  21  515   16.05   13.79   38.10   -0.89   -1.47    0.00
  23  515   15.12   13.37    0.00   -0.11   -2.19    0.00
   5  545  -99.00  -99.00   43.43    0.41   -1.50    0.01
   7  545  -99.00  -99.00  -99.00  -99.00  -99.00  -99.00
   3  545   15.39   13.53   44.20   -0.15   -0.29    0.00
  31  545   14.37   12.98    0.00    0.71   -1.62    0.11
  27  545   13.72   13.17    0.00    0.00  -99.00    0.00
  17  545  -99.00  -99.00    0.00    0.50   -2.58   -0.08
  11  545   14.74   12.98    2.03   -0.58   -2.43    0.10
  19  545   14.26   13.02    0.00    0.56   -0.43    0.03
  21  545   15.26   13.42   38.10   -0.13   -2.01    0.01
  23  545   14.59   13.09    0.00    0.35   -2.49    0.00
   5  615  -99.00  -99.00   43.43   -0.17   -1.23    0.01
   7  615  -99.00  -99.00  -99.00  -99.00  -99.00  -99.00
   3  615   15.00   13.42   44.20   -0.86   -0.61    0.05
  31  615   14.13   13.03    0.00    0.96   -1.90    0.15
  27  615  -99.00  -99.00  -99.00  -99.00  -99.00  -99.00
  17  615  -99.00  -99.00    0.00    0.25   -2.77   -0.07
  11  615   14.84   13.08    2.03   -0.70   -2.48    0.08
  19  615   14.04   12.82    0.00    0.53   -0.16    0.02
  21  615   14.43   13.05   38.10    0.29   -2.27    0.01
  23  615   14.25   12.90    0.00    0.44   -2.38    0.00
   5  645  -99.00  -99.00   43.43   -0.23   -0.96    0.01
   7  645  -99.00  -99.00  -99.00  -99.00  -99.00  -99.00
   3  645   14.75   13.24   44.20   -1.60   -1.11    0.12
  31  645   14.23   12.94    0.00    0.48   -1.67    0.07
  27  645   14.42   13.29    0.00    0.00    0.26    0.00
  17  645  -99.00  -99.00    0.00   -0.77   -2.61   -0.02
  11  645   14.98   13.13    2.03   -0.79   -2.21    0.07
  19  645   13.07   12.44    0.00   -0.25    0.57   -0.01
  21  645   14.91   13.19   38.10    0.08   -1.78    0.04
  23  645   14.19   12.87    0.00    0.43   -2.23    0.00
   5  715  -99.00  -99.00   43.43   -0.46   -1.45    0.02
   7  715  -99.00  -99.00  -99.00  -99.00  -99.00  -99.00
   3  715   14.67   13.16   44.20   -1.64   -1.32    0.13
  31  715   14.41   13.00    0.00    0.10   -2.38    0.07
  27  715   13.90   12.96    0.00    0.00    0.18    0.00
  17  715  -99.00  -99.00    0.00    0.17    0.19    0.03
  11  715   14.55   12.91    2.03   -0.89   -2.38    0.08
  19  715   13.31   12.64    0.00    0.01    0.08    0.00
  21  715   14.89   13.17   38.10   -0.06   -1.48    0.02
  23  715   14.35   12.93    0.00    0.22   -2.05    0.00
   5  745  -99.00  -99.00   43.43   -0.02   -1.15    0.01
   7  745  -99.00  -99.00  -99.00  -99.00  -99.00  -99.00
   3  745   14.57   13.22   44.20   -1.33   -1.08    0.09
  31  745   13.94   12.78    0.00    0.67   -1.60    0.09
  27  745   13.42   12.68    0.00    0.00    0.16    0.00
  17  745  -99.00  -99.00    0.00    0.04   -0.32    0.01
  11  745   14.33   12.78    2.03   -0.49   -2.15    0.11
  19  745   12.61   12.11    0.00    0.00    0.00    0.00
  21  745   14.53   13.00   38.10    0.00   -1.31    0.03
  23  745   14.14   12.82    0.00    0.61   -2.09   -0.01
   5  815  -99.00  -99.00   43.43    0.00   -1.69    0.01
   7  815  -99.00  -99.00  -99.00  -99.00  -99.00  -99.00
   3  815   14.39   13.34   44.20   -0.81   -0.71    0.05
  31  815  -99.00  -99.00  -99.00  -99.00  -99.00  -99.00
  27  815   13.55   12.72    0.00    0.00    0.09    0.00
  17  815  -99.00  -99.00    0.00    0.16   -1.39    0.08
  11  815   14.58   12.96    2.03   -0.48   -2.15    0.09
  19  815   12.33   12.00    0.00    0.10    0.07    0.00
  21  815   14.29   12.92   38.10    0.31   -1.37    0.01
  23  815   14.08   12.86    0.00    0.87   -2.24   -0.01
   5  845  -99.00  -99.00   43.43    0.23   -1.03    0.00
   7  845  -99.00  -99.00  -99.00  -99.00  -99.00  -99.00
   3  845   14.60   13.57   44.20   -0.12   -0.49    0.01
  31  845  -99.00  -99.00  -99.00  -99.00  -99.00  -99.00
  27  845   13.90   12.92    0.00    0.00    0.22    0.00
  17  845  -99.00  -99.00    0.00    0.31   -0.97    0.07
  11  845   14.50   13.03    2.03   -0.31   -1.70    0.09
  19  845   12.64   12.24    0.00    0.31    0.05    0.00
  21  845   14.43   12.96   38.10    0.15   -0.92    0.00
  23  845   14.22   12.98    0.00    1.00   -1.89   -0.02
   5  915  -99.00  -99.00   43.43    0.09   -0.73    0.00
   7  915  -99.00  -99.00  -99.00  -99.00  -99.00  -99.00
   3  915   14.29   13.56   44.20   -0.04   -0.21    0.00
  31  915   13.88   13.12    0.00    0.89   -1.32    0.11
  27  915   13.99   12.94    0.00   -0.01    0.67    0.01
  17  915  -99.00  -99.00    0.00    0.21   -1.01    0.00
  11  915   13.90   12.68    2.03   -0.06   -1.39    0.07
  19  915   11.84   11.57    0.00   -0.11    0.21   -0.01
  21  915   14.49   12.94   38.10    0.11   -0.80    0.00
  23  915   13.63   12.56    0.00    1.01   -1.99    0.00
   5  945  -99.00  -99.00   43.43    0.00   -0.89    0.00
   7  945  -99.00  -99.00  -99.00  -99.00  -99.00  -99.00
   3  945   14.34   13.61   44.20   -0.17   -0.34    0.00
  31  945   13.74   12.95    0.00    0.27   -0.38    0.03
  27  945   13.75   12.74    0.00   -0.04    0.57    0.01
  17  945  -99.00  -99.00    0.00    0.00    0.31    0.01
  11  945   13.78   12.54    2.03   -0.12   -1.09    0.06
  19  945   12.04   11.87    0.00    0.01    0.29   -0.02
  21  945   13.97   12.71   38.10    0.50   -0.95    0.00
  23  945   13.43   12.38    0.00    1.26   -2.34   -0.01
   5 1015  -99.00  -99.00   43.43   -0.05   -0.75    0.00
   7 1015  -99.00  -99.00  -99.00  -99.00  -99.00  -99.00
   3 1015   14.23   13.43   44.20   -0.82   -0.61    0.03
  31 1015   13.09   12.50    0.00    0.15   -0.41    0.01
  27 1015   12.60   12.06    0.00    0.00   -0.09    0.01
  17 1015  -99.00  -99.00    0.00    0.00    0.00    0.00
  11 1015   13.41   12.29    2.03   -0.31   -1.91    0.11
  19 1015   11.76   11.64    0.00    0.08    0.00    0.00
  21 1015   13.97   12.76   38.10    0.39   -1.22    0.00
  23 1015   13.24   12.24    0.00    1.23   -2.21   -0.03
   5 1045  -99.00  -99.00   43.43    0.01   -0.77    0.01
   7 1045  -99.00  -99.00  -99.00  -99.00  -99.00  -99.00
   3 1045   13.64   12.95   44.20   -0.77   -0.81    0.07
  31 1045   12.89   12.33    0.00    0.07   -0.36    0.00
  27 1045   12.61   12.08    0.00   -0.03    0.32    0.00
  17 1045  -99.00  -99.00    0.00    0.23   -1.41   -0.03
  11 1045   13.58   12.52    2.03   -0.80   -2.76    0.09
  19 1045   11.40   11.25    0.00   -0.12    0.08    0.00
  21 1045   13.60   12.61   38.10    0.51   -2.25    0.03
  23 1045   12.82   11.99    0.00    1.22   -2.33   -0.02
   5 1115  -99.00  -99.00   43.43    0.22   -0.59    0.00
   7 1115  -99.00  -99.00  -99.00  -99.00  -99.00  -99.00
   3 1115   13.71   13.23   44.20    0.00   -0.26    0.00
  31 1115   13.35   12.56    0.00    0.18   -0.15   -0.01
  27 1115   12.61   12.04    0.00   -0.01    0.34    0.00
  17 1115  -99.00  -99.00    0.00    0.50   -1.24    0.00
  11 1115   13.41   12.38    2.03   -0.29   -2.65    0.12
  19 1115   11.58   11.48    0.00    0.35    0.00    0.00
  21 1115   12.53   11.92   38.10    0.85   -2.45    0.02
  23 1115   12.26   11.67    0.00    1.05   -2.71    0.00
   5 1145  -99.00  -99.00   43.43    0.00   -0.81    0.00
   7 1145  -99.00  -99.00  -99.00  -99.00  -99.00  -99.00
   3 1145   13.65   13.28   44.20   -0.21   -0.55    0.01
  31 1145   13.70   12.70    0.00    0.08   -0.91   -0.01
  27 1145   12.67   12.03    0.00    0.00    0.01    0.01
  17 1145  -99.00  -99.00    0.00    0.13   -0.48    0.05
  11 1145   13.02   12.05    2.03   -0.30   -2.40    0.11
  19 1145   10.78   10.72    0.00    0.09    0.00    0.00
  21 1145   12.23   11.72   38.10    0.52   -2.23    0.05
  23 1145   12.10   11.55    0.00    0.87   -2.59    0.00
   5 1215  -99.00  -99.00   43.43    0.00   -0.57    0.02
   7 1215  -99.00  -99.00  -99.00  -99.00  -99.00  -99.00
   3 1215   13.48   12.86   44.20   -0.69   -0.69    0.02
  31 1215   13.16   12.08    0.00    0.02   -0.34    0.00
  27 1215   12.45   11.92    0.00   -0.01    0.30    0.00
  17 1215  -99.00  -99.00    0.00    0.00    0.05    0.00
  11 1215   13.15   12.05    2.03   -0.74   -2.10    0.08
  19 1215   11.13   10.99    0.00    0.00    0.00    0.00
  21 1215   12.47   11.82   38.10   -0.02   -2.51    0.01
  23 1215   12.70   11.99    0.00    0.69   -2.38    0.00
   5 1245  -99.00  -99.00   43.43   -0.03   -0.63    0.02
   7 1245  -99.00  -99.00  -99.00  -99.00  -99.00  -99.00
   3 1245   14.04   13.17   44.20   -0.60   -0.80    0.01
  31 1245   14.17   12.89    0.00   -0.15   -0.83    0.01
  27 1245   12.26   11.75    0.00    0.00    0.17    0.00
  17 1245  -99.00  -99.00    0.00    0.06   -0.07    0.00
  11 1245   13.76   12.62    2.03   -0.71   -1.54    0.05
  19 1245   12.32   12.12    0.00   -0.04   -0.01    0.01
  21 1245   13.39   12.66   38.10   -0.11   -1.65    0.03
  23 1245   13.93   13.01    0.00    0.44   -2.12   -0.03
   5 1315  -99.00  -99.00   43.43   -0.03   -1.15    0.03
   7 1315  -99.00  -99.00  -99.00  -99.00  -99.00  -99.00
   3 1315   15.13   14.06   44.20   -0.09   -0.43    0.02
  31 1315   15.81   14.14    0.00   -0.16   -1.15    0.03
  27 1315   13.49   12.50    0.00    0.05    0.19    0.02
  17 1315  -99.00  -99.00    0.00    0.18    0.23    0.05
  11 1315   15.14   13.49    2.03   -0.69   -1.68    0.04
  19 1315   13.67   13.30    0.00    0.00   -0.08    0.01
  21 1315   15.05   13.94   38.10   -0.05   -1.71    0.04
  23 1315   15.20   13.90    0.00   -0.03   -2.09   -0.01
   5 1345  -99.00  -99.00   43.43    0.29   -0.53    0.00
   7 1345  -99.00  -99.00  -99.00  -99.00  -99.00  -99.00
   3 1345   16.31   14.52   44.20    0.03   -0.36    0.01
  31 1345   16.98   14.43    0.00   -0.25   -1.28    0.00
  27 1345   15.21   13.66    0.00    0.12    0.00    0.01
  17 1345  -99.00  -99.00    0.00    0.79   -0.46   -0.04
  11 1345   16.43   14.05    2.03   -0.73   -2.11    0.11
  19 1345   15.24   14.22    0.00   -0.01   -0.87    0.07
  21 1345   16.37   14.55   38.10    0.05   -2.25    0.07
  23 1345   16.42   14.48    0.00    0.23   -2.24   -0.01
   5 1415  -99.00  -99.00   43.43    0.15   -0.50    0.07
   7 1415  -99.00  -99.00  -99.00  -99.00  -99.00  -99.00
   3 1415   17.39   14.95   44.20   -0.01   -0.76    0.00
  31 1415   18.25   14.51    0.00   -1.07   -1.64   -0.03
  27 1415   16.77   14.28    0.00    0.09   -0.64    0.01
  17 1415  -99.00  -99.00    0.00    0.05   -1.17   -0.05
  11 1415   17.48   14.17    2.03   -1.20   -2.23    0.09
  19 1415   16.79   14.93    0.00   -0.12   -1.23    0.07
  21 1415   17.80   14.82   38.10   -0.92   -2.13    0.07
  23 1415   17.71   14.80    0.00   -0.45   -2.15    0.03
   5 1445  -99.00  -99.00   43.43    0.29   -1.75    0.02
   7 1445  -99.00  -99.00  -99.00  -99.00  -99.00  -99.00
   3 1445   18.91   15.10   44.20   -0.60   -2.25    0.18
  31 1445   19.30   14.77    0.00   -1.13   -2.07   -0.09
  27 1445   18.20   14.88    0.00   -0.35   -1.69   -0.16
  17 1445  -99.00  -99.00    0.00   -0.93   -2.51   -0.09
  11 1445   18.61   14.44    2.03   -1.26   -2.59    0.09
  19 1445   18.37   15.50    0.00   -0.23   -1.57    0.08
  21 1445   18.91   14.91   38.10   -1.09   -2.85    0.13
  23 1445   18.96   14.65    0.00   -1.22   -2.99    0.05
   5 1515  -99.00  -99.00   43.43    0.05   -2.39    0.02
   7 1515  -99.00  -99.00  -99.00  -99.00  -99.00  -99.00
   3 1515   19.98   15.17   44.20   -0.42   -2.55    0.19
  31 1515   20.70   14.84    0.00   -1.57   -2.33   -0.09
  27 1515   19.49   15.09    0.00   -0.55   -1.73   -0.18
  17 1515  -99.00  -99.00    0.00   -1.04   -2.28    0.02
  11 1515   19.73   14.59    2.03   -1.27   -3.15    0.17
  19 1515   19.99   15.39    0.00   -0.76   -2.23    0.12
  21 1515   19.92   14.93   38.10   -1.28   -3.37    0.11
  23 1515   20.16   15.00    0.00   -1.35   -3.09    0.13
   5 1545  -99.00  -99.00   43.43   -1.02   -2.55    0.11
   7 1545  -99.00  -99.00  -99.00  -99.00  -99.00  -99.00
   3 1545   21.14   14.95   44.20   -1.13   -2.67    0.22
  31 1545   21.41   14.80    0.00   -1.91   -2.07   -0.13
  27 1545   20.59   15.16    0.00   -0.73   -1.99   -0.25
  17 1545  -99.00  -99.00    0.00   -1.27   -2.31   -0.07
  11 1545   20.43   14.20    2.03   -2.22   -2.50    0.05
  19 1545   20.93   14.81    0.00   -1.79   -2.30    0.10
  21 1545   20.77   14.57   38.10   -1.40   -3.01    0.09
  23 1545   20.87   14.59    0.00   -2.14   -2.52    0.14
   5 1615  -99.00  -99.00   43.43   -1.87   -3.05    0.14
   7 1615  -99.00  -99.00  -99.00  -99.00  -99.00  -99.00
   3 1615   21.82   14.74   44.20   -2.14   -2.81    0.29
  31 1615   22.09   14.77    0.00   -1.04   -3.29   -0.04
  27 1615   21.61   15.19    0.00   -0.26   -2.12   -0.11
  17 1615  -99.00  -99.00    0.00   -0.67   -3.29   -0.11
  11 1615   21.05   14.39    2.03   -1.71   -3.49    0.11
  19 1615   21.55   14.56    0.00   -2.37   -2.74    0.18
  21 1615   21.38   14.27   38.10   -1.75   -4.14    0.16
  23 1615   21.38   14.80    0.00   -1.65   -3.47    0.11
   5 1645  -99.00  -99.00   43.43   -1.51   -2.87    0.13
   7 1645  -99.00  -99.00  -99.00  -99.00  -99.00  -99.00
   3 1645   22.37   14.73   44.20   -2.69   -2.69    0.27
  31 1645   22.68   14.91    0.00   -1.13   -2.81   -0.03
  27 1645   22.03   15.15    0.00   -0.31   -2.38   -0.13
  17 1645  -99.00  -99.00    0.00   -2.37   -2.41    0.01
  11 1645   21.57   14.65    2.03   -1.71   -2.70    0.15
  19 1645   21.90   15.04    0.00   -1.77   -2.74    0.19
  21 1645   21.66   14.69   38.10   -1.19   -3.47    0.15
  23 1645   21.74   14.72    0.00   -2.05   -2.96    0.17
   5 1715  -99.00  -99.00   43.43   -1.66   -2.50    0.14
   7 1715  -99.00  -99.00  -99.00  -99.00  -99.00  -99.00
   3 1715   22.53   14.80   44.20   -1.11   -2.57    0.17
  31 1715   23.15   15.06    0.00   -1.72   -2.82   -0.11
  27 1715   22.61   15.02    0.00    0.12   -3.00   -0.05
  17 1715  -99.00  -99.00    0.00   -1.02   -2.61   -0.09
  11 1715   21.99   14.78    2.03   -1.25   -2.59    0.11
  19 1715   22.25   15.06    0.00   -1.40   -2.35    0.09
  21 1715   22.01   15.13   38.10   -2.20   -1.79    0.09
  23 1715   22.03   15.16    0.00   -1.32   -1.69    0.13
   5 1745  -99.00  -99.00   43.43   -1.26   -2.43    0.11
   7 1745  -99.00  -99.00  -99.00  -99.00  -99.00  -99.00
   3 1745   23.05   15.08   44.20   -0.75   -2.50    0.21
  31 1745   23.54   15.24    0.00   -0.65   -2.96    0.03
  27 1745   23.13   15.19    0.00   -0.18   -2.78   -0.09
  17 1745  -99.00  -99.00    0.00   -0.31   -3.13   -0.03
  11 1745   22.51   14.78    2.03   -0.95   -3.27    0.15
  19 1745   22.62   15.19    0.00   -0.60   -3.13    0.15
  21 1745   22.46   15.45   38.10   -0.95   -2.04    0.13
  23 1745   22.73   15.22    0.00   -1.41   -2.92    0.13
   5 1815  -99.00  -99.00   43.43   -0.69   -2.76    0.07
   7 1815  -99.00  -99.00  -99.00  -99.00  -99.00  -99.00
   3 1815   23.59   15.26   44.20   -2.15   -2.92    0.29
  31 1815   24.03   15.43    0.00   -0.18   -3.25    0.07
  27 1815   23.39   14.95    0.00   -0.38   -3.69   -0.24
  17 1815  -99.00  -99.00    0.00   -0.15   -2.90   -0.09
  11 1815   22.68   14.85    2.03   -1.78   -2.51    0.09
  19 1815   23.08   15.47    0.00   -0.27   -2.29    0.19
  21 1815   22.84   15.08   38.10   -0.58   -2.93    0.09
  23 1815   22.83   15.24    0.00   -1.27   -2.24    0.12
   5 1845  -99.00  -99.00   43.43   -0.27   -3.17    0.05
   7 1845  -99.00  -99.00  -99.00  -99.00  -99.00  -99.00
   3 1845   23.68   15.43   44.20    0.35   -2.92    0.17
  31 1845   24.39   15.58    0.00   -0.99   -3.00   -0.01
  27 1845   23.62   15.12    0.00    0.63   -3.59    0.02
  17 1845  -99.00  -99.00    0.00   -0.49   -2.69   -0.09
  11 1845   22.96   14.96    2.03   -0.41   -3.41    0.13
  19 1845   23.52   15.88    0.00   -0.98   -2.49    0.18
  21 1845   23.34   15.23   38.10   -0.48   -3.39    0.16
  23 1845   23.36   15.46    0.00    0.51   -2.77   -0.01
   5 1915  -99.00  -99.00   43.43   -0.78   -3.09    0.06
   7 1915  -99.00  -99.00  -99.00  -99.00  -99.00  -99.00
   3 1915   24.06   15.64   44.20   -1.77   -3.03    0.27
  31 1915   24.43   15.82    0.00   -1.33   -1.87   -0.08
  27 1915   24.21   15.65    0.00   -0.35   -2.34   -0.14
  17 1915  -99.00  -99.00    0.00    0.49   -2.94   -0.09
  11 1915   23.21   15.23    2.03    0.02   -2.96    0.15
  19 1915   23.65   15.72    0.00   -0.67   -2.07    0.16
  21 1915   23.40   15.03   38.10   -1.31   -3.02    0.07
  23 1915   23.37   15.29    0.00   -1.29   -2.96    0.01
   5 1945  -99.00  -99.00   43.43   -0.48   -2.46    0.07
   7 1945  -99.00  -99.00  -99.00  -99.00  -99.00  -99.00
   3 1945   24.30   15.70   44.20   -1.90   -2.95    0.25
  31 1945   24.76   15.90    0.00   -1.41   -1.99   -0.09
  27 1945   24.76   15.99    0.00   -0.35   -1.94   -0.09
  17 1945  -99.00  -99.00    0.00   -0.71   -2.29   -0.09
  11 1945   23.37   15.38    2.03   -0.49   -2.07    0.10
  19 1945   23.80   15.83    0.00    0.13   -2.61    0.17
  21 1945   23.80   15.47   38.10   -0.57   -3.02    0.15
  23 1945   23.69   15.52    0.00   -1.36   -2.30    0.09
   5 2015  -99.00  -99.00   43.43   -0.89   -2.28    0.07
   7 2015  -99.00  -99.00  -99.00  -99.00  -99.00  -99.00
   3 2015   24.52   15.66   44.20   -0.95   -2.20    0.19
  31 2015   25.00   15.58    0.00   -1.01   -2.46   -0.02
  27 2015   24.92   15.88    0.00    0.05   -2.97   -0.05
  17 2015  -99.00  -99.00    0.00    0.21   -1.43    0.06
  11 2015   23.73   15.48    2.03   -1.15   -1.94    0.09
  19 2015   23.83   15.76    0.00   -0.48   -1.54    0.04
  21 2015   23.98   15.74   38.10   -0.10   -2.27    0.13
  23 2015   23.86   15.64    0.00   -0.46   -2.52    0.03
   5 2045  -99.00  -99.00   43.43   -0.59   -2.31    0.05
   7 2045  -99.00  -99.00  -99.00  -99.00  -99.00  -99.00
   3 2045   24.65   15.54   44.20   -0.39   -2.38    0.20
  31 2045   25.13   15.72    0.00   -1.23   -1.97   -0.05
  27 2045   25.16   15.99    0.00   -0.21   -1.95   -0.06
  17 2045  -99.00  -99.00    0.00   -0.13   -1.73   -0.01
  11 2045   23.92   15.16    2.03   -1.16   -2.29    0.07
  19 2045   24.11   15.88    0.00    0.20   -1.90    0.14
  21 2045   24.18   15.77   38.10   -0.20   -2.22    0.14
  23 2045   24.10   15.62    0.00    0.12   -2.17    0.03
   5 2115  -99.00  -99.00   43.43    0.71   -2.55    0.02
   7 2115  -99.00  -99.00  -99.00  -99.00  -99.00  -99.00
   3 2115   24.55   15.29   44.20   -2.14   -1.87    0.17
  31 2115   25.26   15.51    0.00    0.35   -2.41    0.13
  27 2115   24.76   15.66    0.00    1.33   -2.51    0.23
  17 2115  -99.00  -99.00    0.00    0.45   -1.82   -0.07
  11 2115   24.00   15.11    2.03   -0.81   -2.75    0.13
  19 2115   24.26   15.77    0.00   -0.45   -2.29    0.13
  21 2115   24.28   15.52   38.10   -0.09   -3.05    0.13
  23 2115   24.13   15.56    0.00   -0.85   -1.65    0.05
   5 2145  -99.00  -99.00   43.43   -0.37   -2.23    0.05
   7 2145  -99.00  -99.00  -99.00  -99.00  -99.00  -99.00
   3 2145   24.60   15.27   44.20    0.23   -2.25    0.12
  31 2145   25.15   15.26    0.00   -0.79   -2.66   -0.05
  27 2145   25.42   16.12    0.00   -0.25   -1.72   -0.05
  17 2145  -99.00  -99.00    0.00   -0.73   -1.95   -0.05
  11 2145   24.19   15.18    2.03   -0.43   -2.82    0.15
  19 2145   24.21   15.53    0.00   -0.78   -1.65    0.05
  21 2145   24.34   15.43   38.10   -0.20   -3.33    0.13
  23 2145   24.27   15.81    0.00   -0.65   -1.61    0.07
   5 2215  -99.00  -99.00   43.43   -0.76   -2.29    0.06
   7 2215  -99.00  -99.00  -99.00  -99.00  -99.00  -99.00
   3 2215   24.47   15.14   44.20   -0.95   -2.43    0.19
  31 2215   25.00   15.17    0.00   -0.63   -1.75   -0.03
  27 2215   25.08   15.66    0.00    0.43   -2.37    0.02
  17 2215  -99.00  -99.00    0.00    0.23   -1.72   -0.01
  11 2215   23.96   14.83    2.03   -0.09   -2.49    0.10
  19 2215   24.20   15.61    0.00   -0.37   -1.81    0.10
  21 2215   24.26   15.37   38.10   -0.61   -2.58    0.08
  23 2215   24.14   15.53    0.00    0.33   -1.97    0.01
   5 2245  -99.00  -99.00   43.43   -1.05   -1.41    0.07
   7 2245  -99.00  -99.00  -99.00  -99.00  -99.00  -99.00
   3 2245   24.29   14.93   44.20   -0.47   -0.87    0.09
  31 2245   24.91   15.18    0.00   -0.83   -2.23   -0.03
  27 2245   24.86   15.45    0.00    1.39   -2.25    0.27
  17 2245  -99.00  -99.00    0.00    0.76   -1.49   -0.04
  11 2245   23.79   14.71    2.03   -0.73   -2.14    0.06
  19 2245   24.09   15.27    0.00    0.39   -0.95    0.01
  21 2245   24.14   15.28   38.10    0.31   -2.79    0.13
  23 2245   23.91   15.21    0.00   -0.53   -1.31    0.02
   5 2315  -99.00  -99.00   43.43   -0.09   -1.27    0.01
   7 2315  -99.00  -99.00  -99.00  -99.00  -99.00  -99.00
   3 2315   23.94   15.18   44.20   -0.85   -1.61    0.15
  31 2315   24.66   15.29    0.00    0.30   -1.48    0.07
  27 2315   24.81   15.65    0.00    0.99   -1.93    0.19
  17 2315  -99.00  -99.00    0.00    0.49   -1.75   -0.02
  11 2315   23.56   14.83    2.03   -0.40   -2.07    0.09
  19 2315   23.86   15.54    0.00   -0.02   -1.58    0.11
  21 2315   23.81   15.08   38.10    0.51   -2.29    0.08
  23 2315   23.61   15.10    0.00   -0.17   -2.06    0.01
   5 2345  -99.00  -99.00   43.43    0.09   -1.41    0.01
   7 2345  -99.00  -99.00  -99.00  -99.00  -99.00  -99.00
   3 2345   23.33   15.10   44.20   -0.61   -1.07    0.07
  31 2345   24.11   15.31    0.00    0.24   -1.22    0.07
  27 2345   24.49   15.92    0.00    0.65   -1.43    0.15
  17 2345  -99.00  -99.00    0.00    0.67   -1.40   -0.05
  11 2345   23.07   14.87    2.03   -0.54   -1.46    0.05
  19 2345   23.38   15.53    0.00    0.23   -1.05    0.07
  21 2345   23.17   15.16   38.10   -0.09   -2.16    0.07
  23 2345   22.97   15.25    0.00    0.81   -1.49   -0.03
